96 921 995
76 26
36 72
43 75
3 65
33 67
2 18
40 5
21 32
92 36
39 65
6 64
25 62
82 88
94 41
11 2
46 74
73 51
92 53
10 16
68 8
77 87
68 64
32 89
11 91
14 58
58 62
27 1
82 65
45 27
13 94
43 60
61 62
73 25
19 57
32 72
5 93
8 93
80 64
84 27
15 73
76 83
58 2
50 57
41 93
6 52
86 71
63 91
89 72
79 84
24 64
37 88
47 83
15 5
39 75
85 1
84 87
16 53
37 40
49 31
58 51
92 11
27 28
61 69
28 53
44 58
45 94
80 91
94 67
53 88
49 65
56 63
74 93
64 88
26 62
35 20
49 91
81 82
62 74
2 31
46 5
28 44
31 74
63 44
35 33
71 75
47 13
12 74
86 59
3 31
27 34
30 83
56 92
62 93
29 23
5 93
2 41
52 13
94 49
49 11
39 64
4 5
94 74
19 63
12 28
32 88
14 84
96 14
19 52
22 57
90 18
33 19
26 53
48 14
73 71
20 2
38 88
65 8
13 51
43 5
21 6
88 11
76 19
7 28
91 31
39 5
27 71
88 41
2 93
81 4
64 88
69 26
90 82
39 34
27 39
89 62
8 41
95 72
6 51
31 74
53 11
7 22
46 62
34 51
15 36
15 46
65 46
26 89
81 41
85 6
96 65
40 42
54 53
45 69
25 32
14 34
13 11
19 71
57 83
32 82
68 13
18 31
55 65
75 58
38 53
15 24
54 53
47 44
14 6
90 58
68 3
36 18
48 49
25 47
31 5
11 62
14 54
86 76
63 65
81 85
77 63
25 36
5 62
81 59
87 88
21 65
87 42
57 65
2 74
55 35
79 52
12 94
38 60
58 62
56 11
47 34
24 32
20 21
19 36
88 11
81 45
58 91
42 82
78 41
35 70
90 58
45 76
3 36
62 74
60 65
49 31
86 2
43 11
31 5
88 18
87 57
79 30
31 74
70 12
68 42
8 5
26 72
6 46
43 64
43 75
71 11
91 8
12 74
78 49
26 23
20 9
17 5
40 42
62 93
16 15
96 66
32 91
31 74
29 5
69 54
75 11
90 76
9 25
77 18
15 71
88 58
40 83
53 91
24 4
27 86
51 18
39 49
60 5
26 59
90 57
47 82
64 2
72 64
82 49
83 1
75 31
85 78
89 43
38 69
42 59
39 67
16 83
33 46
53 46
9 53
80 82
76 63
80 91
12 56
80 8
71 51
8 18
2 31
6 37
49 67
92 49
23 82
58 17
39 93
10 49
35 53
83 94
40 43
53 17
5 74
89 75
32 74
86 13
87 64
4 63
22 19
37 64
16 57
17 51
23 80
18 93
36 62
78 61
65 46
6 5
66 86
10 58
39 36
51 74
92 36
77 5
84 33
81 9
15 38
65 31
56 58
72 91
71 18
42 67
52 43
31 62
56 36
51 41
64 49
44 65
23 46
70 72
26 62
32 27
86 44
45 67
21 66
60 91
49 93
40 58
89 93
41 62
55 74
82 46
47 6
67 65
23 2
14 56
95 8
42 41
36 53
72 67
70 42
81 69
76 62
23 72
26 52
39 36
79 93
40 8
52 63
23 39
67 8
75 5
22 67
37 91
31 93
14 74
8 41
34 11
11 74
67 65
14 83
23 6
86 93
49 41
27 41
51 74
3 58
58 2
62 74
19 17
43 11
39 46
11 31
22 25
48 54
66 37
94 92
2 18
61 18
4 41
23 5
26 75
38 10
32 52
2 74
64 65
75 53
61 31
87 11
32 60
8 93
14 88
65 88
20 9
22 39
26 93
62 74
39 92
73 29
46 58
21 34
32 57
95 12
84 9
10 66
85 60
38 25
60 54
25 37
65 11
80 58
7 56
55 86
78 33
8 41
20 56
11 41
59 51
95 19
45 51
89 54
58 51
42 74
31 93
28 54
77 67
23 37
43 54
75 18
57 41
24 12
72 91
27 1
46 5
70 50
51 8
56 94
94 92
64 71
17 41
86 69
43 82
52 46
92 82
95 44
58 93
91 17
32 75
9 25
45 27
11 51
14 46
33 5
11 91
43 17
21 41
1 75
3 28
60 53
34 94
73 23
96 74
64 44
27 8
48 90
44 88
90 1
87 62
65 31
67 5
82 2
45 76
70 91
56 41
19 40
51 8
82 62
16 9
56 2
63 62
45 8
63 51
34 58
80 44
87 80
61 46
50 23
72 91
68 54
22 25
69 31
12 64
96 31
3 17
66 95
17 51
9 42
32 65
89 72
18 74
78 18
37 41
42 12
50 37
47 89
33 40
12 66
14 79
92 31
54 64
46 8
63 62
36 44
89 31
6 89
45 40
30 74
96 17
45 71
69 91
61 62
9 31
84 20
75 44
17 18
85 28
24 28
31 93
34 88
54 58
14 56
72 62
76 1
77 83
2 91
40 71
47 87
68 29
77 61
45 36
13 42
77 88
88 17
54 72
37 53
70 4
50 78
2 8
1 58
24 79
91 74
90 34
61 89
23 28
82 5
86 17
43 53
65 11
45 31
26 58
58 93
91 51
21 23
53 93
22 64
41 31
2 17
88 8
89 18
4 26
57 89
53 44
52 71
57 37
18 62
8 18
4 13
4 22
2 62
19 6
29 33
20 38
62 74
87 41
41 74
38 52
39 41
89 65
30 86
36 11
66 59
91 18
71 53
75 82
57 12
60 34
78 89
30 91
7 67
22 11
6 67
25 51
33 18
29 55
87 59
38 67
20 23
35 52
88 17
15 38
31 74
58 31
66 1
16 42
7 77
74 93
11 5
68 48
18 31
9 18
29 38
11 58
41 31
56 36
48 58
32 44
23 47
72 82
94 2
15 14
72 49
12 8
58 8
49 11
54 39
90 10
31 5
84 43
37 12
29 19
10 67
44 62
6 80
20 67
62 74
94 17
22 31
48 79
41 18
63 71
84 49
68 56
58 18
90 83
46 62
74 93
5 74
80 42
69 94
30 52
10 55
36 17
29 79
20 86
30 11
43 39
64 67
44 2
9 2
36 93
1 42
30 60
91 17
22 71
30 41
65 88
6 17
41 18
3 24
26 23
23 51
78 84
65 5
24 92
57 1
17 8
95 91
95 45
85 7
50 26
75 41
39 8
76 43
72 64
85 43
47 11
63 11
77 92
46 93
86 47
40 34
73 53
9 13
38 66
48 3
88 93
13 58
94 49
63 74
19 43
39 94
58 93
60 5
44 82
55 21
21 33
59 92
13 71
33 12
11 58
3 43
72 74
27 86
34 93
7 24
79 2
84 12
79 26
46 11
48 40
26 18
64 53
22 6
43 64
95 74
23 56
83 64
79 66
90 37
12 93
83 5
74 93
66 27
84 34
91 51
37 63
51 8
1 5
39 64
2 93
68 54
59 51
87 83
43 44
48 74
54 92
24 71
13 87
34 93
59 56
55 22
79 88
45 87
16 53
18 93
8 31
13 12
44 5
47 58
85 37
20 83
85 66
96 13
95 8
89 8
22 38
53 31
49 18
26 42
89 18
46 88
19 18
24 71
65 58
86 75
32 31
25 47
47 1
47 64
79 82
19 94
3 39
22 38
76 65
78 36
81 85
28 89
28 71
88 11
27 43
29 83
88 62
37 42
47 34
4 30
1 80
91 41
51 8
84 20
8 31
10 67
79 17
71 75
68 35
74 93
1 54
84 26
1 93
92 72
79 75
53 44
38 18
19 64
9 31
66 45
64 49
20 41
59 33
53 44
56 44
84 95
38 66
88 74
68 30
19 93
74 93
77 68
79 27
41 93
18 5
39 46
52 37
56 5
49 65
33 22
30 96
82 58
68 92
8 93
76 36
49 58
82 91
56 71
15 23
66 93
16 56
4 75
41 18
59 56
45 83
83 17
29 88
57 75
67 88
44 65
89 49
34 49
63 28
32 18
41 93
1 63
61 3
60 51
15 28
44 18
3 91
37 17
17 31
44 91
70 26
34 18
22 80
38 92
88 18
56 64
27 57
20 2
65 62
53 51
1 88
42 59
55 60
57 72
12 59
58 93
17 93
43 31
65 46
15 65
63 17
61 21
26 6
86 51
41 74
19 9
92 44
80 41
78 45
13 57
15 66
56 72
73 5
9 60
64 31
73 56
75 15
91 14
77 10
12 88
69 72
16 74
38 84
52 15
21 81
74 84
63 5
13 11
50 73
81 15
46 85
24 54
60 20
14 85
38 52
70 1
2 18
56 11
38 84
92 58
20 52
32 95
16 1
4 39
54 1
25 72
49 44
40 46
5 82
50 63
31 34
33 47
4 44
33 35
50 58
66 67
87 48
20 38
89 6
63 21
75 15
23 80
51 34
20 82
89 38
1 20
36 5
89 84
8 15
12 70
31 48
26 36
23 68
70 88
4 80
38 84
57 72
81 74
56 81
70 21
53 9
83 54
33 10
43 45
74 84
38 84
62 7
55 33
78 42
31 58
37 18
90 88
26 67
76 6
88 83
49 48
11 82
90 52
23 77
36 74
22 41
51 35
20 84
12 90
3 52
82 21
44 38
80 81
47 27
31 21
17 9
48 75
47 12
13 30
72 44
54 58
78 53
50 78
23 72
18 74
46 11
4 85
87 44
70 56
20 5
58 60
69 24
59 16
81 15
78 74
54 15
60 38
8 6
75 38
46 74
26 3
76 11
25 81
59 25
32 45
58 35
2 33
4 51
7 63
81 38
48 30
31 18
14 81
71 3
10 28
79 28
47 28
7 46
14 58
69 51
65 40
1 75
24 84
14 85
82 15
18 30
79 24
30 1
83 75
35 75
44 58
69 41
64 82
25 12
22 81
51 7
28 96
75 52
8 67
42 87
83 30
86 2
12 26
40 20
4 72
37 33
30 82
19 64
72 24
61 42
2 52
36 20
59 36
19 30
33 84
25 68
31 78
38 52
89 48
6 60
24 5
72 36
5 82
37 7
81 74
50 87
95 14
88 75
57 88
59 15
84 15
76 88
8 71
55 85
51 38
34 75
3 57
86 26
17 81
42 70
2 11
26 57
78 87
56 15
14 75
35 5
30 15
83 82
46 20
13 77
84 52
60 20
78 44
66 81
25 42
38 84
55 24
21 84
29 8
17 10
49 48
80 7
62 95
58 11
18 23
13 77
14 1
18 20
75 38
8 64
61 20
69 54
75 52
81 15
51 11
31 80
4 37
73 68
82 84
46 54
76 29
41 24
89 28
56 30
54 5
78 56
16 18
58 5
11 38
1 64
43 83
23 14
83 11
30 74
72 41
4 80
83 58
77 84
17 28
75 15
59 23
4 91
23 21
43 23
21 81
19 14
61 40
38 15
42 64
78 10
18 56
23 28
85 38
86 90
88 46
19 64
59 78
20 85
65 70
91 46
57 51
48 58
87 83
20 5
21 75
59 67
7 93
36 24
9 74
3 35
13 56
73 48
40 48
67 58
30 54
34 54
83 22
24 74
49 91
30 75
46 58
94 21
83 44
67 33
17 20
94 34
73 20
32 53
91 82
94 88
54 35
80 56
47 12
42 52
19 46
72 64
48 46
66 42
81 15
33 54
55 13
49 48
34 15
82 52
36 7
72 35
45 88
44 48
80 92
29 92
14 44
44 52
9 56
29 25
78 75
93 22
72 1
35 85
17 64
7 1
7 32
87 41
78 21
79 37
23 5
2 43
83 54
31 82
5 21
4 1
5 64
69 52
17 68
60 84
68 41
6 83
12 90
33 64
31 83
42 88
44 60
43 76
12 64
5 52
68 63
70 73
92 22
10 82
2 72
31 60
92 54
62 56
1 85
8 54
71 92
85 52
35 52
34 20
25 71
29 83
89 51
5 84
11 15
19 65
70 34
96 42
57 56
62 95
53 9
58 64
74 75
42 46
26 67
87 58
36 46
89 53
26 72
11 35
72 58
27 31
3 75
31 93
90 42
77 35
14 41
41 20
92 10
78 80
29 20
2 49
75 52
84 52
78 72
14 74
12 30
90 40
62 7
92 24
87 58
62 81
46 63
76 81
8 7
6 15
46 60
75 15
26 68
70 72
29 75
52 15
35 63
39 38
72 40
5 64
80 30
17 92
22 74
38 84
27 73
27 7
45 18
66 38
43 52
89 83
31 28
67 3
45 73
86 7
49 11
13 72
8 74
24 5
72 7
9 29
61 41
7 41
4 80
28 41
24 21
96 82
84 52
85 64
72 52
58 15
80 57
84 15
78 22
70 44
40 36
84 52
95 58
19 56
69 67
26 56
19 81
87 73
7 93
47 5
36 20
96 70
82 52
36 52
23 75
27 23
52 15
79 18
66 96
49 56
87 60
49 82
85 81
72 24
55 13
22 38
40 36
48 64
31 72
26 20
70 85
8 70
75 15
46 54
8 87
27 40
17 42
35 5
87 73
7 30
61 3
83 20
36 63
78 30
18 3
65 1
25 1
47 42
40 38
11 63
90 73
87 7
23 57
4 93
77 30
51 1
23 39
68 5
74 52
73 48
10 40
50 4
78 14
41 11
58 1
86 40
71 22
58 1
90 75
61 49
92 87
9 92
7 93
37 71
53 75
55 84
87 48
36 35
53 15
91 85
74 75
6 68
31 26
25 52
9 66
8 3
52 15
18 72
78 93
84 15
32 82
21 84
69 53
47 88
17 25
59 79
88 51
55 77
40 46
38 15
43 70
27 51
17 65
8 64
20 82
85 74
49 63
92 60
86 11
71 61
59 88
16 31
35 82
59 39
59 79
7 1
52 15
4 73
45 64
90 85
92 5
38 84
74 75
78 48
45 25
82 52
61 7
13 59
37 41
34 83
29 48
42 38
19 96
14 44
76 20
30 22
20 38
49 81
31 67
13 31
31 41
61 35
32 64
67 63
56 75
55 79
68 74
3 7
31 8
5 81
13 78
37 69
33 46
90 19
49 5
1 5
64 21
12 22
94 80
5 74
39 62
73 81
94 35
83 81
8 74
6 67
43 55
71 68
78 93
58 1
12 63
21 52
62 77
27 7
65 20
50 77
80 69
89 90
21 52
61 20
52 15
10 38
10 64
37 63
74 84
89 69
73 57
49 42
36 30
83 64
11 38
12 36
61 5
68 52
21 81
2 45
46 15
90 54
30 63
73 24
30 58
21 84
25 40
83 20
86 26
81 75
64 75
92 1
72 40
22 63
18 63
74 52
21 38
3 19
46 15
16 70
37 52
13 75
4 78
92 81
4 5
95 58
54 74
63 82
76 8
57 63
79 50
10 91
67 38
84 52
87 48
18 41
34 15
35 85
93 81
2 31
80 5
88 54
34 52
78 61
48 64
35 52
37 49
51 54
91 6
68 15
47 36
72 41
69 40
96 54
19 42
95 66
38 84
89 95
83 72
95 35
31 29
77 63
45 30
65 85
84 52
32 77
53 28
43 49
12 65
29 25
50 68
12 51
31 73
17 34
47 27
69 8
17 89
19 84
32 6
26 38
43 68
42 65
21 52
33 24
78 3
62 73
62 92
95 91
2 16
16 64
87 24
57 34
14 38
34 5
70 87
28 20
56 88
35 52
29 21
92 26
51 38
83 24
44 84
71 36
84 15
44 81
16 84
77 78
27 10
46 5
75 15
59 8
11 21
60 21
93 84
40 64
65 83
51 40
43 72
60 1
48 24
75 15
6 73
27 17
58 74
12 36
76 27
42 34
27 52
5 82
33 34
49 52
33 74
84 52
37 22
6 26
51 58
28 73
28 61
81 74
48 30
96 14
45 28
42 65
56 38
61 65
93 15
29 21
32 4
50 47
47 62
81 75
60 1
67 60
20 85
84 52
89 77
17 68
12 84
45 38
82 38
54 84
66 88
2 30
54 74
74 15
5 64
64 75
54 60
54 64
18 74
91 84
93 14
33 71
92 73
8 92
36 14
42 21
68 14
90 51
21 38
69 85
90 35
83 64
50 75
3 30
89 87
90 54
75 38
22 1
80 69
61 40
17 85
12 15
59 55
7 52
49 5
65 57
37 21
30 84
62 17
1 85
40 44
18 81
31 67
90 58
89 52
92 56
65 40
42 57
81 74
67 63
45 55
3 22
31 41
66 8
94 31
34 40
79 23
9 65
13 89
13 4
44 82
29 66
11 20
20 84
25 57
54 11
50 92
48 58
80 82
44 35
39 25
63 60
93 44
33 23
24 46
61 67
39 95
26 75
80 10
67 52
80 87
33 6
79 54
42 11
27 16
2 19
85 5
3 56
42 70
68 1
12 71
16 94
13 3
27 77
45 72
31 6
2 56
95 72
88 74
16 23
91 11
52 15
78 7
48 81
93 60
19 84
54 63
3 24
61 96
62 54
94 69
38 84
31 74
31 57
10 48
85 74
81 84
29 88
49 96
42 7
58 11
75 52
55 72
13 19
58 74
69 52
86 75
78 36
79 41
77 78
58 64
67 5
10 36
58 15
68 57
77 6
12 68
6 85
44 35
50 34
90 95
25 93
3 82
11 20
83 84
55 54
82 84
64 82
6 51
30 64
87 60
20 5
3 44
65 36
76 32
20 84
34 24
21 15
75 15
1 20
93 5
56 30
30 22
35 64
25 81
46 58
76 1
86 84
17 34
57 46
