95 966 931
68 27
33 26
91 64
53 26
49 69
54 8
41 71
54 4
74 28
13 26
50 17
69 67
13 23
33 61
78 41
18 6
52 7
17 23
41 71
33 23
88 70
52 77
35 25
69 41
40 81
83 64
61 12
12 25
82 69
93 60
69 43
39 82
58 63
1 25
7 51
13 53
90 77
71 17
94 1
66 27
62 38
90 60
94 1
47 23
79 33
9 25
14 51
90 40
67 41
19 13
6 84
10 82
24 26
37 48
8 69
13 17
30 8
65 69
17 57
31 43
46 33
94 13
6 88
48 81
94 67
50 81
51 57
10 16
78 36
23 26
86 44
91 31
16 51
89 70
53 41
80 47
29 24
72 41
58 51
39 93
94 51
30 3
41 26
48 25
67 27
3 24
77 29
94 53
7 94
65 11
31 43
79 41
73 2
38 41
33 2
80 24
50 9
90 88
12 41
45 60
83 12
63 46
89 3
37 16
14 24
62 13
1 67
61 67
39 53
46 95
44 79
55 94
60 57
2 36
43 27
37 1
83 57
24 25
83 19
9 80
68 82
78 95
22 81
58 86
23 26
53 67
31 94
45 94
14 36
39 34
70 51
46 67
4 70
58 9
3 77
76 53
62 73
81 61
27 71
76 27
22 88
24 19
21 29
77 67
28 86
53 23
88 61
71 17
93 21
53 57
36 72
32 33
88 69
15 9
9 95
24 2
92 49
68 39
18 77
47 71
67 41
80 69
57 26
83 4
43 51
38 79
16 53
60 22
82 83
61 25
76 14
91 44
86 3
93 21
58 80
37 11
10 60
41 26
83 61
10 21
6 73
42 21
88 84
69 95
88 44
7 26
29 24
54 25
73 44
83 43
67 57
56 26
30 94
91 17
87 15
75 83
80 29
87 84
61 2
46 53
19 53
67 41
2 25
43 71
15 32
86 13
85 56
51 41
52 64
66 55
95 17
11 43
61 51
83 27
52 25
41 23
77 17
40 55
4 53
36 27
91 66
76 8
78 26
57 26
16 33
3 69
34 90
6 3
30 68
76 81
53 67
88 12
60 95
51 23
38 55
79 81
30 10
87 79
66 94
7 55
17 57
18 83
91 73
25 41
68 81
20 61
77 40
74 18
53 1
94 23
91 70
33 48
44 52
16 25
84 9
71 23
54 29
28 20
50 60
50 82
59 79
44 41
34 20
60 36
65 57
87 31
14 51
32 24
73 94
5 57
46 24
72 69
32 93
15 94
40 61
36 51
84 26
36 70
35 70
62 42
39 8
77 13
35 1
9 48
6 33
57 26
20 49
42 39
68 7
89 11
29 57
65 71
50 70
46 33
77 40
21 65
86 53
58 23
25 67
18 62
86 33
63 94
37 20
87 20
11 19
2 57
86 24
81 31
44 77
28 8
11 83
14 43
74 59
15 24
42 70
69 27
43 23
90 79
85 91
7 26
22 35
64 66
55 23
10 9
51 67
44 16
75 90
73 66
55 31
75 69
45 31
79 43
61 55
32 49
52 43
85 12
13 25
72 31
59 17
71 57
54 48
66 55
93 55
45 78
55 31
8 55
60 22
53 71
46 24
59 38
71 23
22 23
92 10
79 69
12 70
3 2
2 19
40 33
8 91
63 24
94 25
73 48
32 55
60 22
20 93
29 33
40 35
74 62
64 2
88 48
35 19
23 26
81 94
79 94
7 23
14 66
38 25
66 53
78 47
37 83
52 41
17 23
90 55
81 95
93 79
5 85
37 22
12 70
45 59
38 94
17 23
3 2
29 64
83 57
94 57
8 51
53 25
59 61
46 51
60 19
57 26
72 70
31 51
75 63
84 23
28 44
91 81
55 67
33 69
36 1
91 55
37 3
37 13
28 20
78 4
1 51
23 26
17 57
57 26
46 12
80 94
27 23
14 46
65 35
75 15
6 45
80 24
61 12
85 1
50 73
54 71
30 8
10 94
61 72
45 95
1 23
23 26
67 17
93 70
52 14
94 27
76 22
18 25
31 43
76 31
15 18
22 63
3 38
34 4
91 48
57 26
77 36
53 27
91 53
88 77
75 43
62 8
72 51
89 48
62 81
79 12
92 36
35 2
68 75
28 77
37 74
95 23
23 57
13 41
16 48
63 82
7 25
88 77
62 39
73 22
27 17
15 78
89 55
11 49
88 27
68 7
45 73
22 44
86 50
55 41
4 41
23 26
86 83
87 49
42 71
61 19
54 27
83 70
12 70
38 82
63 23
58 11
12 72
2 23
30 61
80 79
29 19
89 23
70 19
15 66
50 72
65 82
38 46
25 41
39 23
83 95
62 8
70 71
36 55
16 2
50 60
89 24
74 86
32 90
69 26
91 36
24 25
14 26
57 26
1 71
66 25
33 71
4 95
15 58
69 7
66 1
51 71
18 20
83 67
86 12
91 57
40 66
31 71
58 6
63 25
9 80
54 83
53 41
14 12
28 35
44 14
6 22
84 9
28 66
77 17
69 1
27 26
58 64
14 55
67 27
82 19
49 84
66 57
65 9
17 26
54 71
34 58
80 81
60 64
94 53
6 17
8 9
60 79
90 1
4 16
79 27
6 61
71 17
88 82
15 11
94 25
19 69
49 63
28 14
52 23
65 71
36 71
73 48
4 95
9 7
64 94
81 95
27 41
38 90
55 51
32 13
74 32
54 35
40 63
33 17
78 59
60 54
68 94
24 7
12 7
27 41
34 71
53 57
35 26
13 26
41 23
56 20
56 89
1 25
47 66
19 94
72 67
76 64
41 26
44 72
76 90
67 17
51 41
2 13
51 17
29 12
33 36
81 94
93 22
10 68
50 32
62 9
14 19
29 12
34 82
80 7
50 95
43 94
75 78
75 40
15 77
55 25
70 55
49 95
31 67
54 19
32 7
52 69
49 76
12 7
60 35
65 22
88 4
1 41
13 25
13 26
95 71
84 7
20 22
30 25
37 61
45 21
52 23
35 69
9 24
8 66
58 1
32 17
1 25
61 70
88 43
20 65
95 71
66 23
5 2
23 57
64 14
20 29
92 57
70 51
86 17
79 25
88 24
46 55
63 23
92 48
65 49
68 47
49 9
66 55
58 24
52 70
43 23
53 17
64 23
16 31
83 41
61 67
16 29
91 61
35 31
23 57
95 13
16 61
18 59
92 3
12 17
47 36
56 63
31 17
18 76
57 26
47 61
87 30
90 4
84 25
9 46
79 66
61 36
16 23
61 70
58 16
76 61
32 83
77 61
87 88
1 57
5 89
87 12
14 46
68 36
93 21
25 41
29 23
50 43
15 27
20 36
47 35
94 23
23 26
33 72
27 23
66 27
25 51
60 91
17 23
77 69
2 31
70 43
14 1
30 90
38 41
51 67
22 84
18 23
79 31
25 41
75 33
20 80
19 94
19 53
44 16
38 47
10 34
37 36
94 27
58 69
70 71
56 21
32 21
95 67
31 23
63 14
20 80
43 25
64 69
34 54
7 71
9 83
73 13
18 80
37 24
51 57
75 83
1 26
35 46
46 7
2 57
92 49
1 17
25 23
41 17
63 46
28 87
78 60
87 61
31 13
40 67
80 44
20 6
44 31
91 83
19 17
49 67
42 93
24 1
24 48
15 83
27 17
74 70
86 53
8 66
90 17
79 7
53 17
18 17
51 57
71 26
12 57
18 24
2 41
85 7
42 53
7 41
62 1
78 88
24 79
1 27
13 41
35 64
27 26
80 83
9 64
59 7
8 91
66 1
80 70
21 94
47 61
90 23
39 47
11 26
76 3
54 9
85 51
82 35
30 81
59 86
49 35
82 83
7 94
59 83
69 26
72 31
71 26
7 95
50 23
86 1
44 14
3 81
89 23
3 73
82 53
40 81
35 70
18 63
46 94
59 3
54 63
87 83
57 26
89 36
67 27
25 41
90 73
54 23
43 94
52 24
29 14
21 1
30 57
94 1
74 62
77 27
13 57
29 47
78 16
74 31
77 55
58 50
55 31
53 26
92 5
29 25
58 47
9 46
59 13
49 94
48 31
22 29
94 41
76 29
56 83
63 4
58 26
95 66
56 28
41 71
47 23
90 43
77 27
43 57
72 25
53 51
4 36
6 64
41 23
79 26
89 37
19 67
71 17
2 57
86 40
75 39
94 57
58 20
16 51
65 91
95 25
48 70
29 51
22 64
12 57
77 7
58 76
36 53
57 26
64 43
47 53
12 2
24 31
65 35
9 46
28 79
47 57
50 33
32 11
79 53
80 7
95 94
20 94
90 9
39 78
76 9
80 55
30 21
48 26
91 70
83 61
74 54
53 25
45 69
67 57
87 42
4 67
66 17
94 26
50 84
23 57
70 1
6 93
44 17
62 45
10 76
79 36
16 53
62 74
75 32
29 24
5 70
41 79
33 18
13 76
19 53
45 17
64 27
23 46
23 75
64 29
27 17
78 10
80 71
35 63
82 51
74 6
94 95
42 49
68 6
5 56
87 38
3 77
36 21
45 21
42 44
37 56
80 21
52 58
32 12
7 60
21 12
32 18
58 81
19 13
49 1
22 3
93 8
3 45
40 27
12 26
57 83
86 76
88 20
79 18
25 19
85 59
95 13
37 69
78 70
24 49
93 68
73 63
54 12
11 56
89 35
61 88
80 8
43 34
24 16
90 17
88 42
30 1
68 42
3 35
94 55
48 27
16 66
23 82
33 62
35 37
12 26
57 53
4 26
22 63
95 2
13 87
34 50
57 66
72 57
11 37
50 11
88 62
49 56
4 91
84 34
34 6
16 36
60 39
52 5
65 91
77 55
79 11
41 32
16 56
80 92
4 64
77 83
64 62
29 21
6 83
72 25
38 26
39 55
25 1
71 55
37 6
83 12
25 38
40 89
59 32
72 25
24 49
24 36
87 76
23 24
55 48
47 71
2 52
73 53
60 94
77 89
58 48
12 26
87 56
22 49
49 6
30 89
59 83
42 49
89 16
25 67
90 83
66 38
6 18
86 6
25 83
68 47
87 6
62 76
70 6
72 94
37 27
19 71
9 86
8 13
19 56
32 17
14 77
21 53
27 83
94 64
94 81
3 50
14 32
39 70
69 26
93 23
65 74
88 26
57 69
82 44
23 39
23 46
80 43
19 84
74 18
15 42
64 13
77 53
62 76
20 69
17 12
31 81
70 83
55 83
74 38
42 69
51 43
95 74
76 12
95 79
41 91
51 79
91 43
9 74
53 38
30 41
28 69
83 76
84 12
23 76
64 22
75 6
86 70
65 81
88 81
52 65
34 39
64 46
21 44
74 49
20 79
74 37
11 38
84 74
92 42
89 91
49 45
56 6
10 7
82 18
55 87
66 42
42 17
29 27
41 66
49 37
44 18
74 49
34 11
36 81
68 71
10 16
66 36
46 57
25 80
27 26
28 66
1 26
70 21
15 12
88 76
11 76
35 79
94 55
24 16
14 55
47 56
31 77
57 43
43 45
1 48
4 2
45 12
21 38
68 44
92 69
7 61
87 27
20 71
15 31
38 90
66 34
69 18
17 76
67 78
19 18
11 74
73 1
16 63
25 67
87 76
48 44
69 76
79 48
73 46
58 59
32 26
84 18
85 71
45 87
61 24
70 26
27 76
72 76
77 29
47 12
70 49
86 53
39 42
7 95
42 44
86 27
84 90
53 90
50 6
75 37
78 17
28 90
63 37
37 17
44 12
40 11
67 10
11 49
92 1
77 12
55 42
20 5
19 55
44 76
57 43
85 54
2 89
22 85
70 74
69 56
63 65
40 21
51 57
95 5
12 26
17 26
44 38
58 65
85 29
28 56
58 48
78 17
60 26
67 10
88 8
17 83
1 87
39 17
7 22
36 38
31 55
79 9
10 91
29 48
5 8
94 84
65 81
62 45
41 66
84 12
19 53
4 18
12 26
12 26
50 37
84 46
39 55
93 48
43 27
78 79
8 12
70 44
93 54
64 52
72 6
21 90
34 37
31 11
75 57
86 48
5 50
62 29
77 49
86 70
32 27
49 87
15 45
17 12
62 55
37 69
5 71
24 12
40 15
84 49
86 27
84 74
6 17
44 17
58 34
24 76
60 84
29 66
89 35
86 87
31 3
30 61
54 1
58 42
17 12
41 87
14 4
74 32
59 6
15 4
84 59
60 68
24 91
68 34
48 17
69 12
2 12
88 37
9 76
4 55
17 83
58 26
72 89
85 28
38 37
18 83
62 24
49 27
39 1
55 37
1 53
16 63
73 16
38 18
82 28
54 81
42 26
78 61
76 12
3 29
13 32
32 6
11 70
61 56
37 56
12 26
86 11
8 41
28 69
32 26
49 26
25 12
70 42
83 26
50 12
42 12
89 24
27 26
24 91
10 74
38 37
53 48
25 61
14 13
68 35
29 86
21 26
24 6
30 73
84 46
95 46
9 90
33 3
41 19
22 79
3 65
38 6
63 11
16 28
53 17
40 69
79 62
69 12
62 49
20 29
18 26
93 62
86 69
13 31
74 18
46 62
10 32
95 71
1 18
42 37
41 75
80 67
40 16
55 1
83 76
18 83
47 12
34 53
94 55
50 87
76 26
48 6
9 62
41 66
32 27
39 32
41 46
9 86
1 38
81 32
19 29
56 26
63 28
12 26
36 58
31 32
10 94
89 59
40 44
87 44
93 64
88 64
49 18
17 26
33 44
5 90
66 56
80 3
92 10
1 17
52 31
23 21
71 36
44 38
74 17
11 74
8 1
92 45
50 83
83 26
49 76
57 53
42 59
37 18
23 68
79 90
5 54
13 75
25 19
10 89
75 32
65 91
85 57
9 28
73 10
17 83
68 29
34 50
75 90
74 42
51 33
87 21
13 24
61 64
14 28
72 83
78 68
7 55
80 47
65 6
77 18
62 66
45 53
75 39
52 45
3 47
3 53
62 87
69 18
68 86
35 42
4 86
4 66
35 86
9 91
13 75
5 48
34 53
36 76
21 90
39 83
7 57
38 12
19 36
60 42
21 44
43 86
69 12
38 27
31 71
78 28
80 67
1 32
87 69
50 11
84 1
10 43
76 26
6 12
80 55
19 62
57 68
9 21
21 76
57 62
82 22
11 39
35 32
92 28
43 59
89 35
58 65
14 86
54 17
68 56
40 55
93 59
18 17
31 49
53 90
15 46
37 6
37 76
20 45
9 29
31 18
54 81
52 54
43 53
45 90
69 56
66 47
25 33
5 68
77 70
19 81
60 44
61 57
95 9
87 53
17 26
95 36
64 74
92 87
37 27
1 69
12 26
51 33
73 77
45 1
92 17
82 58
68 43
82 75
23 50
67 63
40 12
91 83
81 69
90 26
41 24
80 62
20 64
82 86
47 1
81 91
5 43
54 91
18 27
55 56
8 69
8 21
6 12
11 90
19 29
35 38
58 59
22 84
92 30
10 54
72 34
11 27
48 18
91 11
56 12
79 9
27 17
61 81
60 21
16 43
66 17
95 65
69 6
67 42
40 28
88 90
13 54
1 27
86 12
85 9
81 50
2 35
21 69
90 69
60 57
78 88
82 16
54 16
10 65
36 1
58 50
87 38
5 38
17 12
86 55
34 50
54 83
71 55
44 12
14 16
7 90
18 12
32 83
21 44
83 26
54 16
33 60
91 37
7 85
51 91
24 81
91 38
95 17
32 37
17 12
48 76
60 91
40 3
53 32
82 51
32 37
76 26
4 35
5 91
8 59
58 53
46 13
70 27
43 37
58 59
66 43
61 53
41 17
35 49
15 84
65 44
14 22
55 37
10 51
91 53
89 32
45 18
87 69
37 17
77 21
85 95
14 5
57 68
95 83
22 6
8 50
28 81
75 49
76 12
71 21
6 27
53 56
37 56
90 32
56 76
68 74
4 59
70 69
57 47
69 6
43 42
63 38
79 70
12 26
3 59
89 75
13 77
95 89
8 74
88 12
34 26
91 55
41 71
94 14
50 69
11 26
62 38
30 70
93 9
1 69
23 14
84 28
92 22
68 90
79 11
31 9
80 27
82 4
4 32
38 6
40 89
80 63
52 9
55 6
45 21
15 93
73 87
32 18
67 63
70 6
41 57
9 43
53 6
72 24
85 8
84 42
23 83
55 70
27 26
9 47
72 21
52 48
45 48
39 12
32 12
7 51
5 62
20 40
90 26
68 29
87 6
54 81
71 37
25 83
74 12
67 2
30 10
56 76
72 44
93 90
56 17
3 56
7 68
13 16
27 26
2 91
1 12
84 55
54 6
32 6
78 92
66 87
23 94
88 62
28 36
30 47
1 17
11 18
87 56
35 53
4 48
55 90
68 90
29 65
83 26
41 39
92 41
14 38
81 76
64 3
56 27
81 86
89 21
28 47
69 12
78 60
15 27
50 86
14 83
12 26
75 35
86 48
40 23
2 24
12 26
11 38
6 26
50 42
12 26
11 6
7 19
78 74
92 86
30 31
1 37
5 57
8 84
28 6
65 74
11 53
61 75
82 54
93 59
51 48
75 74
27 83
1 76
24 54
19 44
10 22
54 21
59 49
