987 1371
0 75
0 76
0 261
0 431
2 851
2 898
2 950
3 432
4 626
5 309
5 395
5 476
5 957
7 170
8 275
8 384
8 387
8 639
9 127
9 197
9 484
9 964
10 329
10 487
10 758
11 39
11 269
11 586
11 758
12 48
12 116
12 581
12 798
12 902
12 962
13 51
13 777
14 371
15 522
16 235
16 282
16 643
17 714
17 977
18 58
18 659
19 391
19 721
19 863
20 982
21 209
21 787
21 899
22 281
22 382
22 792
23 298
23 977
24 257
24 607
25 311
25 386
25 454
25 568
25 614
25 708
27 29
27 510
27 973
28 38
28 414
28 449
30 142
30 241
30 333
30 531
31 381
31 936
32 363
32 508
32 897
33 753
33 874
35 189
35 521
37 518
37 948
38 439
38 529
38 649
39 470
39 912
40 47
40 183
41 215
41 242
41 360
41 777
42 950
43 291
44 864
45 945
46 593
46 709
46 787
47 113
47 168
47 316
48 393
50 323
50 518
50 703
50 892
51 323
51 496
52 110
52 440
52 675
53 87
53 566
53 608
54 151
54 982
55 171
55 359
55 548
56 213
56 814
57 69
57 198
57 748
58 776
58 906
59 78
59 887
60 673
61 229
61 493
61 719
62 609
64 99
64 929
64 945
65 539
65 650
65 899
66 132
66 166
66 391
66 503
66 771
67 232
67 510
67 954
68 80
68 795
69 818
70 268
70 411
70 799
71 313
71 357
71 960
72 287
72 929
73 534
73 771
74 126
74 236
74 486
74 957
75 371
75 507
75 958
75 961
76 82
77 189
77 425
77 871
77 914
77 975
78 223
78 498
78 578
78 671
78 823
80 405
80 793
81 111
81 167
81 479
82 517
83 181
83 223
83 234
83 241
83 478
83 500
84 156
84 455
84 526
84 560
85 126
85 220
86 308
86 884
86 911
87 344
87 899
88 223
88 678
90 486
90 622
90 857
91 365
91 483
91 508
91 802
93 310
93 563
93 593
94 765
95 364
95 568
95 628
96 540
96 640
96 804
97 304
97 458
97 755
98 409
98 494
99 336
100 511
100 630
102 321
102 546
102 942
103 176
103 963
104 230
104 571
105 153
105 238
105 684
106 249
106 292
106 903
107 217
107 304
107 388
107 631
107 695
107 825
108 763
109 775
109 948
110 226
110 709
110 908
111 536
111 796
112 542
114 411
115 246
115 809
115 952
116 684
117 169
117 352
117 360
117 413
117 637
117 720
118 507
118 768
119 288
119 900
119 955
120 361
120 386
120 519
121 327
121 557
122 386
122 449
122 604
122 774
123 921
124 561
125 188
125 539
126 192
126 457
127 289
127 802
128 152
128 371
128 399
128 557
128 638
129 919
129 972
130 251
130 347
131 239
131 731
132 191
132 261
132 372
132 476
133 638
134 507
135 144
135 639
135 691
135 696
135 857
136 222
136 370
136 403
137 153
137 228
137 564
138 560
138 692
138 757
139 220
139 537
140 175
140 356
140 624
141 512
141 538
142 220
143 528
143 567
145 441
145 608
145 697
145 699
146 232
147 196
147 250
147 779
148 223
148 962
149 558
149 879
150 238
150 320
150 658
151 216
151 235
151 484
151 770
152 280
153 366
153 623
154 205
154 453
154 461
154 980
155 189
155 390
155 595
156 226
157 807
157 950
158 564
159 166
159 986
160 189
160 278
160 764
161 858
162 525
162 636
163 521
163 889
164 746
165 622
165 690
166 311
166 459
166 592
166 813
166 910
167 481
167 566
167 948
168 206
168 241
168 333
168 571
169 477
169 741
169 886
170 607
170 683
171 601
171 760
171 766
172 700
173 352
173 618
173 875
174 290
174 723
174 732
174 891
175 316
175 552
175 795
176 222
176 345
176 402
176 873
176 946
176 965
177 198
177 302
177 335
177 921
178 303
179 350
179 666
180 229
180 500
180 849
181 622
181 642
182 366
182 645
183 462
184 839
185 371
185 692
185 736
186 887
187 432
187 454
187 459
188 191
188 274
188 387
188 945
189 271
191 552
191 891
191 897
192 385
192 468
192 610
193 284
193 428
193 484
193 559
193 625
194 317
194 675
194 974
195 217
195 349
195 419
195 462
195 496
195 530
195 822
195 851
196 257
196 614
196 971
197 620
197 679
198 267
199 845
200 678
201 215
201 340
201 516
201 555
201 578
202 273
202 339
202 497
203 979
203 984
204 301
204 777
204 820
205 668
205 938
206 232
206 338
206 344
206 437
206 548
207 939
209 262
209 661
209 718
210 838
211 421
212 286
212 400
212 447
212 623
212 678
212 947
212 964
213 775
214 319
216 395
217 307
217 310
217 672
217 803
219 606
219 732
219 867
220 940
220 945
221 604
221 611
221 978
222 441
223 463
223 655
223 780
225 495
225 658
226 410
226 608
226 649
226 876
226 940
226 973
227 494
227 806
229 804
230 276
230 298
230 340
231 642
231 743
231 904
234 575
234 812
234 953
234 968
235 551
235 766
235 948
236 536
236 684
236 938
237 415
237 562
237 826
237 918
238 436
238 708
239 643
240 262
240 328
241 317
241 786
243 276
243 565
244 805
245 251
245 382
245 499
245 702
246 386
246 506
246 728
247 297
247 477
247 502
247 585
248 364
248 842
249 265
249 655
249 762
251 265
253 362
253 885
254 607
254 901
255 399
255 426
255 429
256 928
257 615
258 491
258 520
258 642
258 780
258 896
259 497
259 610
261 468
261 792
262 354
262 767
263 708
264 350
264 689
264 939
264 963
265 405
265 594
265 667
265 743
265 790
265 825
266 467
266 654
266 894
267 924
268 340
268 642
268 896
269 480
270 325
271 503
271 551
272 287
272 588
272 703
273 335
273 636
273 937
275 836
276 515
278 298
278 314
278 833
279 340
279 490
279 544
279 590
280 525
280 636
280 889
281 410
281 550
281 845
284 337
284 749
285 779
286 564
286 663
287 592
287 833
288 483
288 686
289 297
289 435
290 323
290 500
291 565
291 831
292 774
293 821
295 754
295 797
296 858
297 342
297 555
297 709
298 668
299 922
300 527
300 963
300 973
301 873
301 879
301 948
302 780
303 623
304 391
304 479
304 780
306 445
307 350
308 491
308 942
309 721
310 544
310 683
310 933
311 410
311 445
312 596
313 751
313 802
313 868
316 550
316 892
317 474
317 984
318 784
319 431
320 869
321 355
321 430
323 391
323 399
323 590
323 872
324 420
324 469
324 643
325 347
325 656
325 963
326 450
326 711
327 341
327 510
327 750
329 520
329 662
330 423
331 828
332 590
332 607
332 804
332 982
333 970
334 882
335 502
335 822
336 579
338 440
338 888
340 678
340 707
340 788
341 702
341 715
341 983
343 647
343 805
345 691
346 501
346 828
346 876
347 796
348 502
349 821
350 546
350 564
351 959
352 665
352 698
352 879
354 448
354 788
355 377
355 395
355 402
355 550
355 665
355 700
355 751
356 712
357 756
357 930
358 484
358 685
358 881
359 556
360 883
361 451
363 854
364 489
364 737
364 938
365 682
365 803
365 978
366 517
366 537
366 555
366 864
366 937
367 746
367 865
368 848
370 701
370 765
371 650
371 674
371 713
373 718
374 861
375 666
376 644
376 819
376 881
377 390
377 769
378 581
379 523
379 632
380 721
382 604
383 431
383 735
383 743
383 918
384 451
385 597
385 835
387 521
387 759
388 421
388 621
389 472
390 488
390 968
391 714
392 410
392 678
392 776
392 950
393 470
393 893
394 482
396 406
396 462
398 490
398 906
399 961
400 927
402 432
402 572
403 415
403 817
404 808
404 915
405 784
406 782
408 662
408 741
408 894
409 459
410 547
410 780
411 625
411 940
412 920
414 727
415 968
416 437
417 517
417 547
417 978
418 450
418 863
419 731
420 604
420 870
421 844
422 794
423 577
423 593
423 850
424 871
425 720
426 785
426 917
426 984
427 817
428 686
428 741
428 946
429 532
429 747
429 960
431 722
431 832
431 877
432 452
432 528
433 519
433 751
433 933
434 708
434 905
435 603
435 609
435 772
435 827
435 956
436 877
436 887
437 864
437 896
437 918
438 444
438 456
438 714
438 904
439 790
440 559
440 801
440 873
441 745
441 953
442 693
443 909
444 491
445 661
446 689
446 764
447 797
448 619
448 725
448 965
449 609
449 757
449 788
450 886
451 702
451 785
451 912
452 626
452 677
453 608
455 505
455 653
455 964
456 503
456 612
456 714
456 932
457 696
460 479
460 517
460 562
460 925
461 471
463 552
463 649
463 958
464 748
465 588
466 546
466 783
467 501
468 612
470 492
470 607
470 691
471 474
471 557
471 637
472 862
472 916
473 576
474 698
475 734
475 917
476 570
476 585
477 919
478 624
478 822
478 862
480 853
480 986
481 523
481 578
484 559
484 848
485 843
486 693
486 738
486 826
486 941
490 768
490 897
492 576
492 667
492 728
493 811
494 560
494 832
494 940
495 543
495 819
496 571
496 656
498 662
498 783
499 886
501 681
503 530
503 650
503 796
504 735
505 585
505 809
505 924
506 763
507 770
508 699
509 684
510 824
511 690
511 764
514 526
514 896
515 796
515 910
516 723
516 804
517 649
517 802
518 618
518 709
518 912
519 555
519 898
519 963
519 973
520 545
520 593
520 675
521 874
522 581
522 956
524 531
524 621
524 781
524 873
525 642
526 784
528 584
528 955
529 895
533 619
534 635
534 797
535 658
536 619
536 662
536 785
538 703
538 837
539 928
541 779
542 621
542 738
542 965
544 849
544 959
545 755
545 775
546 561
546 708
546 836
547 724
549 792
550 794
550 819
551 748
552 588
552 632
552 895
553 828
553 839
554 582
556 831
557 603
558 753
559 747
560 708
560 751
560 878
560 957
561 589
561 651
561 800
561 888
562 583
564 871
565 982
567 723
567 863
568 640
568 829
568 887
569 628
569 667
570 681
570 689
571 655
571 660
573 703
573 957
574 907
575 744
575 974
575 983
576 616
576 761
577 604
577 716
579 705
579 891
579 965
580 836
580 932
581 737
582 665
582 700
582 882
583 660
583 737
583 926
585 872
586 955
587 747
588 716
588 759
589 745
591 772
591 852
593 884
595 869
595 901
596 728
597 617
597 659
597 747
597 909
599 809
600 707
601 872
602 655
602 757
602 940
602 963
604 762
605 702
606 776
606 921
607 783
608 627
608 656
609 724
609 803
609 895
610 919
611 903
613 848
614 815
614 985
615 876
616 794
616 908
616 928
617 771
618 770
618 955
619 663
619 751
620 853
621 863
622 659
622 666
622 834
623 752
623 793
623 802
623 852
624 890
625 782
628 797
630 723
630 935
631 762
631 859
632 751
635 775
636 955
638 723
638 915
639 920
640 641
640 943
642 853
644 910
644 957
645 931
645 956
647 681
647 977
652 746
652 825
653 753
653 824
654 706
654 875
655 658
655 677
658 715
658 751
658 842
659 771
661 677
662 933
663 731
665 913
666 827
666 841
667 721
667 904
668 854
669 735
670 732
673 781
674 970
676 918
676 977
676 984
677 820
678 864
678 897
679 916
684 931
686 776
688 754
688 964
689 749
689 785
689 828
694 839
694 963
696 925
699 731
700 873
700 966
702 824
702 861
705 712
705 764
706 914
709 728
710 937
711 767
712 898
712 955
714 972
715 967
716 745
716 787
717 938
718 744
719 751
720 966
723 878
723 937
726 755
726 832
727 875
728 869
729 856
733 812
736 974
738 943
742 758
743 978
746 924
749 840
752 936
758 796
759 867
759 955
761 763
761 872
767 927
773 975
774 902
775 798
777 947
777 958
777 983
778 816
779 941
780 985
782 808
782 827
783 908
784 812
785 916
785 931
786 875
788 923
790 860
790 871
790 885
791 977
792 965
793 962
797 961
799 982
805 857
807 904
808 934
816 887
817 946
819 838
820 945
824 892
825 872
826 887
827 938
830 967
830 977
834 870
834 900
835 862
838 964
841 847
843 875
845 977
847 911
850 977
851 927
853 943
860 882
863 983
865 902
865 969
866 897
866 938
867 930
868 897
872 890
876 919
882 929
882 976
885 985
892 908
897 919
898 944
899 969
900 911
900 980
902 947
903 960
909 911
921 939
922 946
927 971
929 950
933 975
943 965
946 959
948 950
948 971
