912 1057
0 196
0 540
0 652
1 350
2 94
2 369
2 432
2 680
2 700
2 776
2 783
2 860
3 262
3 453
3 899
4 277
4 422
5 82
5 199
6 248
6 273
6 546
6 910
7 746
8 554
8 701
8 717
8 786
9 337
9 416
10 20
10 212
10 469
10 611
10 770
10 844
11 61
11 186
11 273
11 598
12 786
14 436
15 265
15 774
15 899
17 214
18 63
18 783
19 79
19 351
19 411
19 418
19 469
20 117
20 352
22 416
22 417
22 595
22 833
23 449
23 782
23 906
24 687
24 801
24 810
24 879
25 576
26 562
27 664
28 47
28 551
28 781
29 461
29 845
31 528
31 672
33 197
33 213
34 232
34 340
34 894
35 413
35 814
36 615
36 760
36 905
37 42
38 106
38 687
38 728
38 788
38 811
39 618
39 749
40 126
40 162
40 358
40 627
40 903
41 139
41 150
41 579
42 171
42 503
42 664
42 810
43 191
43 319
43 390
43 672
43 743
44 244
44 668
45 274
47 215
47 679
48 144
48 376
49 311
49 386
49 409
51 547
52 67
52 80
52 246
52 467
52 550
53 199
54 235
54 675
54 906
55 223
55 606
55 710
55 772
56 76
56 183
57 410
57 437
57 642
57 746
58 358
59 437
59 825
60 583
60 650
61 631
62 193
62 369
62 552
63 624
63 711
66 205
66 394
67 394
67 658
68 844
69 150
69 240
70 71
70 179
70 721
70 727
71 714
71 905
72 216
72 700
73 226
73 757
73 804
73 810
73 847
74 413
74 455
75 131
75 481
75 491
75 640
76 145
76 405
76 411
76 626
76 750
76 881
77 326
77 892
78 158
78 174
78 457
79 557
79 874
80 346
80 401
80 499
81 134
81 223
81 382
81 772
82 611
82 700
83 249
84 210
84 791
85 414
86 156
86 460
87 338
87 400
87 723
87 793
87 910
88 142
88 176
88 297
88 584
88 902
89 504
90 293
90 654
91 657
91 725
92 661
93 430
93 579
94 226
94 412
95 201
96 150
96 197
96 211
96 561
97 134
98 212
99 256
99 866
100 897
101 121
101 166
101 203
102 368
104 470
104 648
104 705
105 365
105 372
105 821
106 352
106 852
107 283
107 563
108 158
108 603
108 614
109 464
109 510
110 700
111 666
112 285
112 409
115 360
115 846
115 892
116 341
116 661
116 787
117 601
117 843
118 277
118 457
118 511
118 674
119 195
119 421
119 667
119 752
120 228
120 344
120 571
120 633
121 395
121 852
121 864
122 790
123 433
123 902
125 539
125 555
125 831
126 491
128 320
128 431
129 532
130 543
131 200
131 877
131 886
132 360
133 305
133 343
133 377
134 432
135 396
135 451
135 528
136 339
136 413
136 584
136 745
137 897
138 637
138 742
139 718
140 229
140 358
140 363
140 616
140 827
142 549
142 707
143 437
143 464
145 504
146 213
146 267
146 815
147 574
147 627
147 878
147 899
149 484
149 836
150 192
150 662
151 340
151 511
151 827
152 293
154 453
155 595
156 800
157 830
157 879
157 903
158 638
159 371
160 171
161 864
162 627
163 179
163 263
164 241
165 282
165 530
165 705
166 454
166 489
167 170
167 214
168 211
168 674
169 560
170 253
171 220
171 591
173 190
174 386
174 694
174 790
175 583
175 833
175 841
176 639
176 740
177 750
177 763
178 669
178 814
179 500
180 261
180 806
181 524
182 190
183 700
184 630
184 860
184 889
185 375
185 868
186 201
186 325
187 210
187 684
187 900
188 199
188 463
190 460
191 279
191 812
191 823
192 377
192 540
192 630
194 371
197 830
197 864
198 539
198 667
198 875
199 297
199 612
199 765
199 773
201 431
201 720
203 765
204 312
204 376
204 519
205 339
205 400
206 764
206 794
208 782
209 878
211 335
211 525
212 274
212 570
212 639
213 337
213 388
213 760
213 827
214 630
215 712
215 732
216 513
216 673
216 707
216 848
217 719
217 759
218 532
218 803
219 453
219 888
220 569
221 234
223 375
223 443
223 453
223 908
226 666
227 467
228 344
229 793
230 499
231 451
232 802
232 870
233 537
233 899
234 368
234 413
234 422
235 247
236 588
236 751
236 828
237 271
237 421
237 681
238 286
239 367
239 775
240 298
240 502
240 651
241 291
241 674
241 852
243 695
244 618
244 668
245 399
245 675
245 787
246 288
246 371
246 647
248 616
249 399
249 740
250 379
251 279
251 475
252 400
252 630
252 799
253 433
253 500
253 621
254 294
254 376
256 566
256 779
256 788
256 795
258 449
258 512
259 494
261 687
262 677
262 686
262 886
263 819
266 362
266 664
268 291
268 302
269 407
269 458
269 473
269 532
270 347
271 856
272 430
272 569
273 487
274 367
274 533
275 415
275 435
275 623
275 840
277 416
277 857
277 900
279 573
279 774
279 871
280 756
280 792
281 822
283 905
284 316
284 465
284 662
284 679
285 445
285 491
285 600
286 309
288 315
288 372
288 375
289 742
289 757
292 754
293 394
293 849
295 298
296 487
297 374
297 529
297 735
298 552
298 610
299 340
300 302
300 643
300 811
301 521
301 718
301 780
303 480
303 512
303 536
304 430
304 706
304 707
304 886
305 340
305 583
306 828
309 824
309 901
310 343
310 613
310 731
312 343
314 368
314 798
315 404
317 905
318 663
320 419
320 584
321 496
321 519
321 523
321 704
322 372
323 611
323 768
323 802
323 892
324 510
325 696
326 616
326 879
327 465
327 695
327 849
328 537
328 631
329 797
330 698
331 453
332 615
333 508
334 363
334 560
334 629
334 830
335 521
335 781
336 403
337 376
337 401
337 564
337 594
337 733
337 819
338 436
338 486
339 592
340 363
340 378
340 502
340 600
342 501
343 442
343 498
343 527
344 388
344 489
344 504
345 895
346 895
347 362
347 613
348 584
348 705
349 849
349 882
350 805
353 466
353 667
353 683
354 762
355 477
356 651
356 696
358 795
359 863
360 696
363 531
364 651
364 757
365 644
366 435
367 880
370 381
370 446
370 531
371 422
371 662
372 608
373 497
374 758
374 843
377 691
377 728
377 904
378 449
378 489
378 529
378 768
378 890
379 716
380 537
380 589
380 811
381 404
382 686
383 848
384 712
384 903
385 403
385 542
385 621
386 561
386 821
388 438
388 604
388 617
389 438
390 469
390 640
390 665
390 727
391 535
392 524
392 848
393 409
393 621
394 500
394 587
395 724
395 789
395 873
396 511
396 624
396 902
397 430
397 555
397 604
398 710
400 774
403 565
404 406
406 688
406 747
406 825
408 442
409 494
409 755
410 754
410 795
410 906
411 412
412 583
412 585
414 823
415 768
416 424
416 544
416 567
416 666
416 806
417 722
418 509
418 897
419 599
420 578
423 557
424 908
425 570
425 723
426 670
426 762
426 862
427 729
432 659
432 845
433 738
434 503
434 794
435 811
435 863
437 612
437 879
438 905
439 548
441 646
441 870
442 481
442 574
443 523
443 802
443 814
444 455
445 558
445 705
446 713
446 782
446 868
448 736
448 742
451 748
452 648
452 764
454 548
455 483
455 676
456 544
456 855
457 696
457 875
458 570
458 738
459 546
459 857
460 886
460 889
461 501
461 712
461 744
462 789
465 813
466 740
466 885
469 622
469 897
470 574
470 771
471 640
472 560
473 596
473 799
474 592
474 661
474 680
475 651
476 690
478 581
479 563
479 669
479 737
480 784
480 820
480 860
483 590
483 761
484 592
485 548
487 677
487 705
487 727
487 749
487 782
488 670
489 841
490 541
492 713
493 539
494 585
494 768
495 849
497 876
498 661
498 849
499 695
499 739
499 865
501 616
502 867
503 875
504 555
504 859
506 627
509 568
509 730
513 541
514 548
515 880
518 710
518 910
520 611
521 559
521 831
525 579
527 899
528 681
531 755
533 558
533 665
536 539
536 752
536 851
539 795
540 737
542 595
546 759
546 772
546 857
552 721
553 656
553 664
554 816
555 592
557 828
558 644
558 771
559 619
559 748
561 611
562 596
562 846
562 858
563 641
566 754
567 733
567 806
567 855
568 767
568 822
570 804
571 854
573 793
576 593
579 641
579 684
579 738
580 749
581 602
582 838
582 870
585 730
590 905
594 804
595 702
596 628
596 853
597 712
600 833
601 753
602 869
605 813
607 856
609 696
609 788
610 782
610 786
613 718
613 731
613 819
615 765
615 783
617 663
619 764
624 668
625 643
626 788
629 644
630 804
632 768
635 834
636 746
640 795
640 813
642 903
644 816
645 759
646 672
647 901
648 776
648 799
648 904
649 904
651 722
653 876
654 861
655 742
660 732
665 825
665 893
667 778
668 848
668 868
669 723
670 813
671 780
671 825
672 834
673 889
675 715
675 719
677 845
678 784
678 836
681 726
681 728
683 697
685 726
688 744
689 722
692 773
695 759
699 743
699 765
701 779
704 750
712 749
720 828
721 853
722 900
723 803
726 861
732 891
738 807
738 845
739 782
739 825
741 781
742 821
742 871
744 772
744 787
746 763
746 886
747 786
748 800
749 777
754 789
756 820
760 817
765 819
766 843
768 776
773 798
773 865
776 881
777 787
777 823
781 874
785 864
798 894
799 880
800 801
802 858
803 852
804 851
805 813
805 851
807 888
808 839
810 817
815 843
818 865
820 902
827 838
828 849
829 863
829 909
830 873
837 896
842 864
845 881
850 893
850 907
859 875
871 894
