904 1229
0 898
1 193
1 243
2 856
3 758
4 31
4 392
4 548
4 570
4 709
5 127
5 498
5 790
6 49
6 524
6 595
6 902
7 48
7 220
7 805
8 62
8 359
9 687
9 712
9 845
10 319
10 518
10 654
10 669
10 794
11 575
12 171
12 324
12 364
12 565
12 678
12 829
12 838
13 321
13 778
14 151
14 419
14 855
15 257
15 774
16 111
16 229
16 317
16 361
16 791
17 458
18 367
18 461
18 661
18 715
18 897
19 708
19 722
20 34
20 380
20 616
20 689
21 195
21 351
21 884
22 739
22 771
23 449
23 752
23 836
23 841
24 114
24 162
24 330
24 397
24 660
25 296
25 818
26 275
26 634
27 43
27 253
27 395
28 821
29 274
29 505
29 808
30 627
30 694
31 323
31 640
31 740
31 827
32 438
33 660
34 384
34 519
35 835
37 52
38 677
38 724
39 44
40 112
40 475
40 661
40 686
40 779
41 309
42 358
42 435
43 200
43 591
43 856
44 192
44 546
45 868
47 439
47 617
47 724
48 177
48 221
49 367
50 165
50 215
50 256
50 388
50 609
50 687
50 799
51 215
51 252
52 182
52 523
52 692
53 114
53 177
53 280
53 504
53 638
53 643
53 874
54 58
54 220
54 250
54 316
54 321
54 418
54 435
54 702
54 889
55 274
56 469
56 711
57 192
58 175
58 548
59 421
59 459
59 717
59 793
60 789
61 130
62 490
62 814
63 273
63 651
63 684
64 165
64 370
64 412
64 891
65 186
65 335
65 495
65 506
65 579
66 336
66 699
67 312
68 259
68 287
68 358
68 650
69 521
69 793
70 792
71 527
71 728
72 96
73 301
73 595
75 96
75 98
75 808
76 183
76 212
76 884
77 125
77 316
77 358
78 132
78 271
78 311
78 455
79 676
81 467
81 549
81 795
81 811
81 885
82 429
83 110
83 404
83 545
83 551
83 762
85 464
85 488
85 502
85 690
87 182
87 310
87 428
87 507
87 788
88 376
89 102
90 247
91 113
91 360
91 503
91 730
91 829
92 111
92 511
92 538
92 540
92 648
94 493
95 104
95 327
95 532
95 559
95 728
96 170
96 308
96 363
96 885
97 385
97 416
97 606
97 619
97 720
97 902
98 311
98 487
98 783
99 463
100 211
100 862
102 544
102 646
102 649
103 233
105 119
105 395
105 681
106 346
106 794
107 129
107 137
107 897
108 317
108 732
108 794
109 341
109 435
109 720
109 862
110 237
111 436
111 608
111 664
112 139
112 368
113 899
114 218
114 568
114 696
114 840
116 174
116 178
116 206
116 228
116 231
117 123
117 881
118 254
118 269
118 885
119 235
119 439
119 621
120 188
120 383
120 638
120 763
120 854
121 136
122 241
123 253
123 333
123 436
123 771
124 158
124 241
124 563
124 778
124 811
125 200
125 556
126 545
126 592
127 476
127 731
127 894
128 233
128 682
129 259
129 577
130 343
130 732
130 742
130 766
130 847
131 144
131 417
131 451
131 674
131 775
132 416
132 701
132 847
133 340
133 734
133 748
134 540
135 291
135 797
136 156
136 208
136 426
137 265
138 391
138 457
138 460
139 339
139 621
139 725
139 771
140 483
140 519
140 697
141 340
142 440
142 749
143 528
143 686
143 728
144 582
145 565
145 686
146 369
146 490
148 785
148 857
149 342
149 672
149 755
150 546
150 798
151 300
151 689
151 868
152 347
153 277
153 283
153 692
154 248
154 597
155 264
155 324
155 638
157 169
157 561
157 794
158 299
158 491
158 635
158 807
159 169
160 258
160 634
160 757
160 891
161 177
161 303
161 836
162 371
163 170
163 577
164 516
164 898
165 180
165 206
165 352
165 608
165 797
166 188
166 254
166 573
166 582
169 298
169 464
169 564
169 644
170 619
170 627
171 387
171 452
172 222
173 331
173 586
173 724
174 263
175 248
175 251
176 306
176 474
176 580
176 734
177 893
177 901
178 216
178 332
179 384
179 533
181 743
181 810
181 876
182 427
183 518
183 618
184 483
184 837
185 246
185 496
185 778
185 845
186 318
186 387
186 437
186 466
186 872
186 892
187 566
187 679
187 797
187 827
188 342
188 490
188 708
188 793
190 193
191 336
191 708
191 729
193 296
193 455
194 264
194 393
194 755
195 213
195 267
195 567
195 638
195 759
196 414
196 637
196 642
196 727
197 382
198 268
198 292
198 382
198 426
198 583
198 654
199 361
199 552
200 581
200 677
201 408
201 492
202 499
202 561
202 880
203 903
204 293
204 803
205 547
206 330
207 724
208 421
209 291
209 508
210 560
210 889
212 285
212 304
212 364
212 683
212 892
213 551
213 585
213 735
214 238
214 706
214 726
214 730
215 319
215 793
216 362
216 484
216 814
216 879
217 369
217 397
217 463
217 743
217 785
219 695
221 691
221 696
221 741
222 348
222 610
223 399
224 563
225 334
225 452
225 740
227 424
227 718
227 844
228 374
228 568
229 536
229 808
230 303
231 368
231 481
232 241
232 264
232 405
232 465
232 596
233 267
233 476
233 891
234 308
234 733
234 802
235 421
235 871
236 562
237 423
238 537
238 854
238 871
239 645
239 691
240 335
240 371
241 296
241 840
242 333
242 423
242 784
243 562
243 576
243 657
244 302
245 475
245 743
246 421
246 702
246 891
248 551
248 578
248 675
249 877
250 604
251 384
252 846
254 393
254 528
254 530
255 651
255 848
256 618
256 702
256 811
257 528
257 626
257 695
258 515
258 876
259 372
259 455
259 663
260 809
262 569
262 897
263 754
264 600
266 488
266 774
267 540
267 893
268 273
268 672
268 703
268 794
268 842
269 353
269 451
269 596
270 400
270 588
270 771
271 279
271 367
271 581
271 897
272 577
273 547
273 587
274 780
275 283
277 363
277 536
277 865
278 373
278 560
279 367
279 678
280 287
280 569
280 690
281 399
281 862
281 886
281 896
282 737
282 880
283 575
283 702
284 798
286 733
286 740
287 450
287 553
287 786
287 787
288 612
288 822
289 393
290 375
291 306
291 358
291 436
291 703
291 779
292 499
293 298
293 493
294 645
294 845
294 868
295 326
296 692
298 440
298 644
299 387
299 710
300 510
302 500
302 563
303 431
303 581
303 683
304 331
304 512
305 450
305 578
305 607
306 565
307 529
307 550
307 662
309 554
309 852
310 757
311 587
311 613
312 577
312 660
313 458
313 515
313 800
314 871
314 903
315 620
315 660
318 404
318 530
319 595
319 708
319 711
320 367
320 544
320 555
320 640
321 646
322 445
322 700
323 520
323 793
325 434
325 476
326 643
329 414
332 424
332 777
333 430
333 452
333 687
334 870
335 485
336 355
336 686
337 838
337 848
338 875
340 408
340 714
341 490
342 508
342 886
343 826
344 541
344 583
345 499
345 613
346 399
346 405
346 681
347 428
347 827
349 746
352 687
353 447
354 370
354 843
355 383
355 637
357 638
358 386
358 654
358 740
358 769
358 805
358 827
359 492
362 570
363 612
363 867
364 608
366 429
368 750
369 474
369 601
369 677
370 665
372 710
375 598
377 494
377 582
378 396
378 685
379 498
381 396
381 462
381 701
382 800
382 819
383 852
383 884
384 461
384 830
385 529
385 680
385 863
386 490
387 468
387 542
387 835
388 654
388 660
388 898
389 799
390 787
391 447
391 493
391 639
392 807
393 662
393 740
393 877
394 407
395 471
395 814
396 420
396 463
397 674
397 888
398 595
398 658
399 547
399 735
401 588
401 662
401 700
402 513
402 829
403 880
404 767
405 506
406 516
407 517
407 753
408 771
409 645
410 637
410 675
411 421
413 732
414 625
414 637
414 833
416 504
416 787
417 694
419 664
419 738
420 562
420 660
420 887
421 746
421 821
422 593
422 894
423 850
425 773
427 899
428 717
429 457
429 707
429 783
430 718
431 548
431 588
433 584
433 748
434 609
435 521
435 727
436 809
436 841
437 483
437 772
440 784
442 855
445 490
445 747
446 824
449 846
449 854
450 509
450 517
450 813
451 767
451 894
453 568
455 476
455 726
456 694
457 594
457 682
457 740
457 836
458 478
458 688
458 858
458 901
459 510
461 541
461 687
462 577
462 676
463 696
463 887
464 582
464 653
464 782
465 818
466 742
466 874
467 611
467 699
468 500
468 820
468 884
470 529
470 759
471 555
472 548
473 518
474 475
476 727
477 520
479 696
479 899
480 657
484 487
485 525
485 542
485 544
487 554
488 715
490 570
490 577
492 854
492 889
493 724
493 756
494 593
494 633
495 777
496 758
499 795
500 551
502 652
504 654
504 659
504 808
506 530
506 563
506 682
507 683
508 519
510 561
511 623
511 773
511 866
512 578
513 675
513 710
515 715
516 630
516 720
516 776
517 559
517 732
517 879
520 570
521 561
521 786
522 872
523 559
523 884
525 587
525 780
526 735
527 554
527 894
530 782
532 701
533 572
533 631
533 655
536 817
537 678
537 774
537 837
538 797
538 844
541 624
541 858
543 862
544 601
544 685
545 868
546 762
547 725
547 822
549 670
549 739
549 816
550 572
550 863
553 673
553 696
555 746
555 879
556 639
556 694
557 599
557 860
558 687
559 718
560 627
560 717
561 696
561 821
562 878
563 586
564 660
564 685
565 710
568 672
568 724
569 696
570 718
571 648
572 846
574 627
575 606
575 875
576 663
577 611
577 840
580 630
580 834
580 881
581 641
581 703
581 851
581 866
583 699
584 809
584 866
585 675
587 658
588 896
589 715
590 673
590 825
590 889
592 848
594 686
594 771
595 700
596 624
600 881
601 618
601 637
602 663
604 743
604 825
606 725
606 805
607 774
607 829
611 687
613 742
613 884
617 758
617 872
618 732
618 900
619 890
624 636
624 781
624 810
625 854
626 803
626 891
628 632
628 746
629 900
633 686
634 646
634 797
634 884
635 796
636 749
636 774
636 872
638 689
638 715
639 752
641 788
642 807
646 695
646 831
647 674
647 706
647 819
647 900
648 718
650 664
651 672
651 740
651 873
653 821
654 764
654 851
655 699
655 761
655 821
657 725
659 732
659 893
661 792
661 877
662 664
662 722
664 691
665 697
665 812
665 849
665 856
668 898
669 837
670 712
670 787
670 840
670 881
673 701
676 883
678 718
679 740
682 714
683 812
686 837
689 746
690 712
696 833
697 774
697 866
701 865
703 802
703 815
703 888
706 888
707 838
709 736
713 802
716 788
716 840
716 881
719 745
721 751
721 794
721 855
722 750
726 876
727 854
730 766
735 834
739 748
740 900
746 763
749 855
751 759
752 896
756 843
761 870
761 872
762 796
762 815
764 782
764 855
765 853
774 811
775 872
775 898
778 822
778 895
779 784
780 843
780 860
784 790
785 903
786 881
787 845
789 827
789 884
790 898
794 882
797 844
798 878
799 898
803 822
808 873
809 881
811 897
818 827
819 856
822 849
830 865
832 896
842 843
857 892
862 881
