950 1225
0 169
0 222
1 547
1 675
2 241
2 263
2 449
4 21
4 320
4 525
4 666
4 833
5 407
5 424
5 511
6 164
6 388
7 702
8 33
8 221
8 242
8 285
8 361
8 448
9 44
9 387
9 528
9 876
10 14
11 443
12 238
12 369
13 337
13 340
13 724
13 906
14 86
14 204
14 624
15 168
16 322
16 878
18 28
18 751
19 221
19 271
19 406
19 817
20 42
20 805
20 816
21 409
21 700
23 165
23 184
23 246
23 498
23 707
24 194
24 453
24 503
25 680
26 229
26 449
27 215
27 278
27 493
27 685
27 752
27 770
27 784
28 467
28 498
28 757
28 835
29 99
29 623
29 680
30 207
30 390
30 435
31 360
31 555
32 717
33 140
33 628
34 292
34 608
35 53
35 343
35 424
35 558
36 919
37 324
38 102
38 721
38 861
39 297
39 775
40 358
41 573
42 383
43 451
44 109
44 284
45 513
45 899
46 916
47 227
47 365
49 494
50 333
50 534
50 571
51 224
51 229
51 399
52 827
53 116
53 503
53 763
54 223
55 207
55 308
55 332
55 354
55 628
56 191
56 585
56 783
57 128
57 515
58 86
58 137
58 775
58 869
59 231
59 320
59 642
60 829
61 257
61 390
61 764
61 832
62 237
63 77
63 424
63 782
63 939
64 785
64 814
65 529
65 601
66 163
66 191
66 408
67 381
67 705
67 775
67 805
68 618
68 809
69 127
69 304
70 456
70 668
70 733
70 798
71 75
72 919
73 552
73 725
74 80
74 368
75 405
75 546
76 316
76 849
77 684
77 718
77 808
77 915
78 649
79 553
79 873
80 140
81 157
81 510
81 843
82 162
83 240
83 540
83 820
84 571
85 136
85 523
85 777
86 115
87 92
87 344
87 366
87 728
87 810
87 831
88 763
88 945
89 229
90 538
90 654
91 351
91 356
91 445
91 946
92 173
92 399
92 471
92 926
93 463
93 610
93 718
93 786
93 936
94 171
94 456
94 563
94 671
96 124
96 577
98 861
99 258
101 380
101 382
101 788
103 144
104 212
105 114
105 155
105 411
105 864
106 151
106 361
106 912
107 135
107 720
107 738
107 750
108 125
108 170
108 410
108 684
108 765
108 861
109 192
109 623
110 171
110 536
110 560
111 172
111 178
111 286
111 467
112 798
113 810
114 292
114 368
114 471
114 698
115 732
117 243
117 552
118 244
118 435
118 677
119 194
119 463
119 707
120 146
120 593
121 637
121 730
122 280
122 443
122 492
123 185
123 644
124 342
124 798
124 887
126 335
126 474
126 514
127 384
127 501
128 196
128 507
128 516
128 522
128 580
128 597
128 620
128 760
129 143
129 416
130 473
131 766
131 916
132 530
133 468
134 167
134 683
135 426
135 804
135 915
136 354
136 586
138 367
138 577
138 706
138 903
139 255
139 386
139 562
139 797
139 817
140 158
140 365
140 908
141 287
141 511
141 580
141 776
142 500
142 742
142 808
144 397
144 888
145 384
146 209
146 309
146 416
146 436
147 594
147 776
148 358
148 600
148 671
148 794
149 484
150 472
150 790
151 939
152 221
152 585
153 296
154 331
154 385
154 603
155 654
155 723
155 876
155 921
156 423
156 639
157 256
157 293
157 927
158 246
158 762
159 601
159 722
160 555
160 623
161 499
162 492
163 207
163 414
164 281
164 374
165 245
166 280
166 440
166 472
166 823
167 176
167 341
167 393
168 294
168 942
170 780
171 369
171 614
171 848
173 213
173 219
173 500
174 636
174 840
175 833
175 932
177 319
178 668
178 780
178 815
179 492
179 896
180 324
180 658
180 864
181 402
181 651
182 229
182 789
183 319
183 436
183 498
183 502
183 730
183 791
184 185
184 195
184 310
185 662
186 689
187 314
187 446
188 254
189 408
189 512
190 901
191 254
192 212
192 824
192 893
193 328
193 371
193 415
194 578
194 803
195 346
195 513
195 797
196 543
196 774
197 309
197 530
197 917
197 918
198 440
198 737
199 624
199 660
200 249
200 931
201 356
201 468
201 491
201 506
201 771
202 400
202 582
203 375
203 629
203 769
204 293
204 949
206 642
206 945
207 329
210 358
210 502
210 689
211 406
211 421
211 664
211 806
212 249
213 402
213 484
213 514
213 686
213 796
214 731
214 897
215 457
215 478
217 438
217 490
217 603
218 318
218 379
218 408
218 569
218 705
218 850
219 484
219 755
220 504
220 585
220 663
220 664
221 366
221 811
222 506
222 562
222 671
222 774
222 878
222 911
224 715
224 761
226 749
227 339
227 436
227 636
229 406
229 735
230 462
232 497
232 898
232 910
233 517
233 578
233 727
234 261
235 441
235 471
235 550
235 621
235 937
236 242
236 651
237 655
237 821
237 887
238 389
238 638
239 362
240 426
240 684
240 730
240 872
240 890
240 894
242 501
242 569
242 759
242 764
243 705
243 811
244 519
244 645
244 762
245 823
246 665
246 708
246 860
247 414
247 840
248 609
248 826
249 286
249 348
250 656
250 796
252 253
252 366
253 443
253 789
254 427
254 475
256 459
256 751
257 848
258 653
258 797
258 833
259 298
259 592
259 622
260 685
260 771
260 840
261 287
261 649
261 694
262 744
262 854
263 491
264 481
264 733
265 578
266 601
266 613
267 667
268 655
268 847
269 861
272 457
272 802
272 897
273 582
274 694
275 752
276 569
277 290
277 857
278 317
278 321
278 828
279 489
279 836
280 460
280 605
280 615
282 691
282 850
282 911
283 299
283 662
283 674
283 789
283 903
284 515
285 293
285 343
285 755
285 812
286 333
286 444
286 468
286 564
287 929
288 437
288 525
288 754
289 365
289 531
289 695
290 300
291 429
291 708
292 485
292 567
292 882
293 545
293 590
294 315
294 334
294 350
294 515
294 547
295 595
295 601
296 322
296 411
296 438
297 889
297 928
298 309
298 331
298 353
298 370
298 597
298 767
299 507
299 736
299 788
299 833
299 849
300 946
301 657
302 590
303 788
303 938
304 869
305 575
305 754
306 308
306 422
308 496
308 666
309 422
309 500
309 627
309 782
310 687
310 818
311 919
312 588
314 527
314 629
315 585
315 601
316 446
317 642
317 900
319 329
320 480
320 505
320 716
321 823
323 713
324 433
324 785
325 743
325 872
326 523
326 557
326 560
326 657
327 516
328 763
328 809
329 818
331 424
332 846
334 850
336 382
336 685
336 769
338 395
338 622
339 352
339 853
340 444
340 486
340 516
340 532
340 730
342 678
344 558
344 570
345 663
348 697
348 703
349 633
351 677
352 800
352 863
353 379
354 437
355 429
357 438
357 470
357 548
357 669
357 716
357 743
357 744
358 366
358 846
358 881
359 544
359 794
360 685
361 748
361 817
362 857
363 370
363 645
363 896
364 655
365 834
366 730
367 810
368 431
368 508
368 526
368 780
368 806
369 384
371 398
371 605
371 630
372 484
372 833
372 878
372 940
373 504
373 604
373 650
373 772
376 436
377 598
377 928
379 407
379 444
379 653
379 945
380 801
380 847
381 739
382 662
382 710
383 540
383 711
383 936
384 736
384 844
384 892
386 438
386 748
387 616
388 499
388 803
389 733
390 434
390 880
391 512
391 648
392 593
392 711
392 911
393 920
394 617
394 882
395 523
395 538
395 829
396 801
396 899
397 491
397 591
397 813
397 820
397 841
398 688
398 932
399 828
400 471
400 748
401 682
402 417
402 554
402 587
402 823
402 834
403 878
404 560
404 772
404 799
405 708
406 529
406 750
406 870
406 947
409 438
409 509
409 666
410 777
411 591
412 560
414 826
416 484
416 736
416 773
417 421
418 764
419 624
419 802
420 445
420 481
420 581
421 464
421 582
422 491
423 538
423 689
424 455
424 686
425 764
425 936
426 490
426 585
426 948
429 618
429 788
430 464
430 871
432 550
432 664
432 862
433 496
433 509
434 592
434 930
436 596
436 703
436 722
437 673
437 920
438 761
439 667
441 532
443 781
444 549
444 727
444 817
444 826
444 886
445 580
446 492
446 566
446 931
447 493
447 563
447 837
449 478
451 787
452 474
453 658
453 884
455 505
455 734
456 855
457 867
458 779
461 483
461 510
462 645
462 852
463 859
464 473
465 878
466 725
466 926
469 506
472 919
473 626
473 884
474 662
475 685
476 514
476 581
476 605
478 698
478 782
479 823
479 852
480 503
480 546
481 714
481 827
482 752
483 696
483 806
483 846
483 887
484 611
484 811
486 785
486 927
487 678
490 716
490 841
490 846
491 859
495 581
495 704
495 770
496 679
496 905
497 687
497 690
498 567
498 588
500 818
500 841
501 617
501 769
502 710
502 907
503 727
503 796
504 931
505 829
506 658
506 774
506 792
507 691
507 853
508 584
509 547
509 895
512 717
515 546
516 799
517 743
518 921
519 684
520 525
520 546
520 739
523 550
523 806
524 680
524 739
524 870
524 871
526 931
527 890
528 608
528 880
529 609
530 577
530 818
531 547
532 753
536 661
538 683
538 802
539 688
540 876
541 708
542 721
543 718
545 755
547 948
548 739
551 842
552 627
552 915
553 632
553 836
553 888
557 734
557 754
557 796
562 618
562 942
563 656
563 826
564 569
564 900
565 881
568 859
570 703
572 625
572 790
577 578
578 721
578 884
579 919
580 637
580 821
580 871
582 719
582 744
583 935
584 666
584 868
585 722
588 787
588 794
592 921
594 734
594 889
595 642
596 877
597 638
598 852
598 861
599 712
599 936
601 869
603 941
604 772
605 722
605 750
605 808
606 637
607 917
609 924
610 723
610 791
610 866
610 937
612 770
612 779
612 885
612 891
614 838
615 722
615 788
619 945
622 838
624 850
624 880
625 863
626 661
626 903
628 635
628 774
629 812
631 683
631 944
633 723
633 879
635 646
637 679
638 643
639 824
640 925
641 681
645 894
646 689
647 701
651 891
652 879
653 802
654 807
655 719
655 734
656 940
661 850
662 816
663 728
663 895
663 939
664 718
664 879
665 743
665 893
666 865
667 854
668 923
669 849
670 763
670 831
671 897
672 810
673 739
673 813
676 910
679 820
680 685
682 726
685 740
687 764
688 741
691 720
693 806
694 902
694 908
696 918
697 755
697 802
704 811
705 730
707 726
709 810
709 856
710 745
711 905
712 903
714 883
716 832
717 923
719 741
719 788
720 830
720 923
724 937
726 878
726 927
729 868
730 774
730 834
734 860
737 770
739 824
742 906
743 840
747 870
749 930
752 933
753 789
753 887
754 791
755 866
757 786
757 913
759 855
760 801
765 784
765 837
766 943
771 847
772 904
773 879
773 904
775 922
775 943
778 787
779 829
780 853
781 818
788 830
790 845
793 878
795 834
799 810
802 816
815 948
816 934
818 919
823 879
824 931
826 864
831 841
832 912
833 905
842 853
844 927
857 947
861 938
863 947
871 940
883 943
886 904
896 899
914 947
941 946
