92 110
0 4
0 11
0 75
2 3
2 35
3 31
3 60
4 12
5 73
7 35
7 50
7 65
7 77
7 83
9 23
10 37
11 74
11 76
12 14
12 18
12 34
12 39
12 84
13 19
13 37
13 61
14 39
14 53
15 49
15 65
15 90
16 46
16 47
16 52
17 62
17 81
18 28
18 31
18 58
19 62
19 86
19 90
20 58
20 78
21 71
21 83
22 75
22 89
23 50
23 64
25 35
25 76
25 91
26 46
27 33
27 73
27 77
28 32
28 38
28 67
28 86
29 58
30 85
31 57
32 63
32 73
34 37
34 60
35 54
35 85
36 50
36 51
36 75
38 41
38 75
38 83
38 91
39 41
39 71
39 89
41 87
43 45
43 53
44 72
47 50
48 52
48 89
50 64
51 58
51 68
51 69
52 57
52 69
52 91
54 78
54 90
56 78
57 60
61 63
61 76
63 65
66 82
66 88
67 78
71 78
72 80
81 82
