948 758
0 48
0 68
0 350
1 97
1 363
1 887
2 78
3 781
5 135
5 827
7 774
7 777
8 293
9 159
9 738
11 489
12 214
13 769
14 759
15 234
17 736
18 753
19 716
19 815
20 184
20 663
21 266
22 430
22 670
25 138
26 167
26 593
28 540
28 606
29 352
31 454
31 764
32 111
33 265
34 530
34 905
34 947
35 463
36 162
37 342
37 857
38 470
38 676
39 812
40 235
40 581
41 456
41 589
41 693
41 820
42 908
44 938
45 526
46 560
46 571
48 320
48 351
48 455
49 555
50 122
50 722
50 732
51 629
51 916
52 385
52 933
53 415
54 218
54 879
55 655
56 738
58 789
59 600
60 403
64 279
64 363
65 506
65 540
66 128
67 464
67 611
67 929
68 82
68 671
69 357
70 307
70 625
71 616
72 158
72 510
73 628
73 723
74 235
74 424
74 631
75 457
76 586
76 868
77 254
77 385
78 293
81 930
81 947
82 837
83 596
83 605
85 214
86 257
87 538
87 675
88 217
89 253
92 826
93 842
94 126
95 743
96 132
96 804
96 837
97 437
97 807
98 292
98 349
98 722
99 111
99 177
99 228
99 353
99 616
100 373
100 570
101 489
102 661
103 316
104 854
105 472
106 217
106 290
106 366
106 844
107 606
108 410
108 434
109 271
109 509
109 693
111 861
112 789
113 163
113 668
114 673
114 775
115 270
115 300
115 799
116 318
116 724
116 863
117 805
119 220
120 542
121 460
121 932
121 945
122 298
122 338
124 523
125 501
125 832
126 797
127 899
128 347
129 449
129 576
129 697
130 421
130 529
131 382
131 536
133 565
133 676
136 418
136 483
136 887
138 644
138 845
138 940
139 213
139 448
141 507
141 563
141 640
142 284
142 425
143 742
144 292
144 582
144 902
145 699
145 853
145 908
147 286
147 306
147 327
147 370
147 577
147 639
148 374
148 580
149 488
149 506
150 564
150 574
150 662
150 717
151 179
152 940
153 549
153 865
154 272
155 386
156 703
158 229
158 447
159 263
159 683
159 860
160 294
160 431
160 514
161 767
162 742
163 283
163 439
163 495
164 359
164 507
165 803
165 850
166 366
167 494
167 771
168 204
168 406
169 480
169 590
169 607
170 199
171 475
172 705
174 295
175 239
175 416
176 250
176 834
177 396
177 539
178 185
178 531
178 860
179 823
180 857
181 607
184 473
185 551
189 558
190 789
192 556
193 869
195 597
195 649
196 381
196 471
196 492
197 546
198 355
198 383
198 680
198 925
199 240
199 281
199 730
202 776
203 641
203 693
203 882
205 231
205 335
205 461
207 333
208 678
209 776
210 234
212 609
214 634
215 399
217 280
218 368
218 833
219 281
219 286
219 582
219 662
219 776
219 898
220 260
220 576
220 781
222 554
224 641
224 705
227 617
228 621
228 801
230 476
230 698
231 882
233 321
233 832
235 317
235 386
236 683
236 688
240 434
243 364
244 780
246 575
247 616
249 286
249 610
250 292
250 301
250 528
250 901
251 304
252 318
252 674
252 835
254 278
254 363
254 420
254 698
255 634
256 572
256 938
257 397
257 906
258 647
259 815
260 389
260 611
261 704
262 357
262 396
262 431
262 898
263 436
264 349
264 653
264 917
267 439
267 820
267 835
269 750
270 459
270 617
272 314
273 372
273 798
273 854
275 862
276 355
277 294
277 722
278 555
279 570
281 289
281 758
281 850
281 905
282 713
285 327
285 501
285 740
285 883
288 564
288 931
289 850
290 708
290 811
299 402
299 702
300 639
301 370
301 462
301 867
305 605
306 359
306 437
306 510
306 606
307 721
308 498
308 593
310 335
310 909
311 478
311 875
312 831
313 372
313 469
315 374
315 462
319 840
321 387
321 443
322 326
322 356
322 433
324 669
327 497
328 939
329 607
330 636
332 780
332 793
333 337
333 338
333 695
335 434
336 891
337 740
339 410
339 483
341 724
341 734
343 668
343 918
345 423
345 740
346 697
347 449
348 459
348 654
349 419
349 505
351 646
351 660
352 450
353 386
353 496
353 945
354 796
355 403
355 506
355 570
356 480
356 657
357 491
357 561
357 642
357 747
358 360
359 550
360 499
362 442
362 537
363 751
366 481
366 780
368 374
368 609
369 460
370 482
370 609
372 876
373 755
373 813
374 404
376 885
378 816
379 834
380 428
380 621
380 942
381 743
381 813
384 727
387 760
387 926
387 932
388 768
388 787
390 631
394 557
395 403
395 731
396 706
396 754
397 550
397 875
397 892
400 446
400 664
403 658
404 459
405 605
406 513
407 808
414 782
415 734
416 884
417 478
418 834
419 613
419 854
420 935
421 906
422 639
422 829
422 896
423 498
423 687
424 446
424 450
427 782
429 535
433 440
433 501
434 515
438 449
440 502
442 479
448 516
448 580
449 818
450 594
450 822
451 585
451 709
452 632
454 639
455 487
455 682
456 463
456 711
457 607
458 614
458 945
459 584
461 696
462 493
462 515
462 724
462 840
462 848
463 475
464 552
465 780
468 510
470 893
474 579
476 708
476 740
479 688
479 717
479 893
482 675
483 541
483 739
484 782
485 496
486 894
487 571
488 621
491 657
496 567
499 506
500 742
500 902
503 618
504 537
504 600
504 709
504 879
505 706
505 858
506 588
506 726
508 818
510 570
511 542
511 828
512 837
515 798
517 824
519 542
520 545
525 639
525 940
526 708
529 598
531 834
532 765
532 885
534 601
534 658
535 675
535 718
537 885
541 685
543 722
543 918
545 860
547 770
547 838
548 559
548 625
550 716
551 685
556 833
557 578
557 867
561 677
562 791
563 734
564 697
566 843
568 746
568 846
569 622
570 874
571 896
571 918
573 657
577 615
577 690
577 797
577 814
578 930
581 690
581 772
586 744
588 791
591 699
596 857
596 895
599 816
602 774
603 736
605 833
605 924
606 680
607 634
607 889
608 856
611 746
611 934
616 879
620 630
621 858
623 924
624 711
625 729
625 793
626 778
629 724
632 931
633 762
634 774
642 839
644 700
645 696
645 773
646 672
646 868
648 792
651 902
653 685
661 691
662 785
664 803
666 701
670 916
672 890
678 817
679 707
682 880
687 877
691 710
691 791
691 896
693 892
694 902
695 708
695 924
699 814
703 769
703 893
708 736
713 756
715 722
716 745
726 795
732 853
733 850
735 895
738 916
739 857
742 944
746 859
754 846
755 795
755 859
755 882
757 942
759 833
763 884
764 839
767 780
770 933
771 943
773 805
775 779
775 887
775 891
781 820
791 889
795 811
796 912
801 892
806 833
814 854
814 922
823 843
827 847
828 883
829 903
832 906
836 897
837 905
856 895
859 906
861 936
874 912
875 909
882 931
887 937
896 920
900 931
937 938
937 945
