908 762
0 590
0 672
1 421
1 799
2 414
2 858
4 137
4 271
4 416
4 652
4 859
5 463
6 863
7 795
7 811
8 527
8 787
9 524
9 696
10 56
10 296
10 500
11 780
12 176
13 509
13 799
15 521
15 833
16 691
16 720
17 158
18 506
19 171
19 288
20 131
20 420
20 567
21 110
21 282
21 664
21 747
22 667
23 475
24 107
24 634
25 507
25 743
25 795
27 127
27 200
27 391
27 853
29 889
30 73
30 324
32 690
32 827
32 905
33 255
33 877
35 246
35 286
35 414
36 648
37 742
38 553
39 272
42 890
43 531
44 664
44 724
46 91
46 353
46 603
47 210
47 416
47 595
48 427
48 506
49 330
49 365
49 681
49 733
49 857
50 471
51 780
51 862
52 535
52 689
53 340
54 311
54 458
54 651
54 737
54 869
55 123
56 517
56 566
57 692
58 510
61 108
61 120
61 214
61 710
61 727
62 249
62 789
62 906
63 320
65 737
66 214
66 729
66 813
67 833
67 893
68 123
68 481
68 574
69 157
70 420
70 903
72 372
72 486
72 622
72 710
73 650
74 396
74 509
74 566
74 815
75 522
76 261
77 728
78 159
78 243
78 604
79 80
79 97
79 205
79 789
80 282
80 535
81 664
83 455
84 657
84 659
85 580
85 707
86 230
86 587
87 90
87 496
87 904
88 277
90 890
92 553
93 354
94 463
95 413
95 728
95 738
96 154
96 852
97 109
97 863
98 749
98 772
99 241
99 427
100 888
101 644
103 619
104 418
104 799
105 169
105 778
106 839
106 877
107 266
107 419
107 843
108 487
109 142
109 168
109 308
111 543
112 235
112 256
112 698
114 789
114 831
114 847
115 817
115 826
116 655
116 714
118 469
118 685
118 804
119 439
119 642
120 235
121 183
121 685
122 469
123 253
124 662
124 713
124 731
125 449
125 853
127 707
130 503
130 540
132 706
132 829
133 357
133 750
134 324
135 212
136 272
137 146
138 150
138 197
138 257
138 374
138 736
139 682
139 764
141 563
141 847
143 829
144 649
145 170
145 260
145 318
145 847
147 648
148 157
148 800
149 226
149 423
149 436
149 540
149 888
150 363
150 440
150 483
151 527
151 707
153 600
153 662
153 785
154 662
154 881
155 235
157 264
157 440
157 510
158 832
159 379
159 386
159 579
159 679
160 285
160 589
161 704
162 244
162 734
162 778
163 550
164 281
166 205
166 814
167 361
167 453
168 170
168 526
169 280
169 734
170 621
171 503
173 277
173 302
174 634
177 646
177 721
178 722
179 305
180 665
181 702
182 529
183 457
183 580
183 721
184 352
184 375
184 790
186 618
187 610
188 458
189 553
189 711
189 845
192 474
193 473
193 627
196 623
196 705
197 891
198 256
198 353
198 452
198 612
198 709
199 464
200 602
207 392
207 840
208 664
208 846
209 680
210 460
210 603
210 720
211 413
211 558
213 531
216 458
216 865
217 260
217 501
217 693
218 811
219 657
219 719
221 605
221 695
221 767
222 475
222 531
222 679
223 620
225 302
225 666
225 733
226 387
227 785
228 796
228 891
229 345
230 579
231 687
232 666
233 659
233 693
234 321
234 331
234 396
234 450
235 657
236 468
236 525
237 286
237 352
237 656
237 855
239 742
239 786
240 345
241 444
241 893
242 265
242 432
243 679
244 278
244 480
245 555
246 489
247 308
247 669
248 452
248 584
250 385
251 658
252 750
253 740
255 679
255 743
255 792
256 899
257 697
257 874
258 519
258 597
258 753
259 823
260 585
260 620
260 729
261 350
262 340
262 575
263 770
264 366
265 301
269 621
271 486
271 697
272 757
274 415
274 587
274 735
276 776
277 480
278 671
280 674
280 812
281 381
283 390
285 539
287 675
289 876
290 353
291 305
291 858
292 507
293 416
293 489
296 308
298 505
299 587
299 785
300 849
302 696
304 355
304 604
304 770
307 818
308 538
310 362
311 539
311 682
312 595
313 708
313 884
317 432
317 858
318 417
318 717
318 765
319 786
320 457
321 340
321 556
322 432
322 655
323 511
323 590
325 479
326 567
326 850
327 427
327 746
328 374
328 696
330 872
332 636
332 659
333 385
334 793
337 470
337 636
339 797
340 532
341 405
341 610
342 462
342 656
343 650
344 831
345 702
349 354
350 368
353 613
354 524
356 428
356 499
357 547
361 672
361 753
362 605
362 790
365 550
370 734
372 407
372 653
375 747
375 843
377 520
377 670
377 690
377 783
377 838
379 424
380 805
380 815
381 563
383 764
383 840
384 507
384 650
384 679
384 846
386 905
389 792
392 714
393 627
396 456
396 616
397 570
399 735
400 669
400 719
401 639
401 782
402 694
402 762
404 504
404 587
407 833
407 851
408 463
408 764
409 576
410 604
412 821
413 449
413 497
414 588
415 447
420 809
420 840
421 557
421 712
421 845
422 557
423 443
423 618
426 614
427 618
428 483
428 642
430 646
430 838
431 606
432 633
433 534
435 892
436 605
438 495
439 601
440 601
440 797
441 640
441 844
442 591
443 812
444 726
445 467
445 623
446 515
446 582
446 626
448 535
450 730
450 765
450 833
451 559
452 481
452 493
452 578
455 599
455 882
457 818
458 650
462 791
463 741
463 846
464 877
465 466
466 647
466 758
467 735
470 847
472 569
472 895
473 601
473 757
476 731
477 650
478 575
479 733
480 816
482 557
482 798
486 768
487 757
488 555
490 661
493 842
496 799
497 529
499 776
503 605
503 847
504 878
505 578
505 579
506 682
507 744
508 660
511 847
515 728
516 814
516 831
517 687
518 665
520 734
521 653
524 620
524 686
525 542
525 769
526 864
527 617
529 764
529 864
530 737
532 647
533 816
539 676
541 876
542 797
543 584
544 781
545 773
548 897
552 564
552 769
552 838
553 607
554 696
554 902
555 671
557 562
558 593
558 652
559 831
561 650
565 795
565 897
566 760
566 891
567 737
569 818
571 719
571 902
574 882
575 753
576 880
577 620
577 816
580 646
581 810
583 750
585 711
586 657
586 824
588 878
591 713
591 794
596 621
596 676
598 727
599 787
599 848
603 746
607 718
609 883
611 688
611 734
612 760
612 895
616 689
616 787
620 720
623 898
630 887
635 701
636 833
636 861
638 666
640 648
641 678
642 754
647 841
648 866
650 798
651 815
651 854
658 747
662 841
664 844
667 805
667 829
669 701
670 773
675 905
681 866
684 866
689 869
690 853
691 878
695 817
699 747
711 733
713 812
714 728
718 870
729 906
731 821
737 841
739 891
740 765
745 875
763 881
764 807
771 906
777 885
779 805
780 812
781 799
786 832
787 813
789 817
790 901
795 872
796 833
798 902
801 852
816 901
820 825
820 832
827 833
827 863
829 846
830 854
838 839
846 898
890 901
