1978 3777
1 711
1 1434
2 809
2 1165
2 1364
2 1722
3 194
3 226
3 1066
3 1595
4 349
4 825
4 1214
5 333
5 685
5 1514
5 1718
5 1814
5 1939
6 622
7 240
7 367
7 1000
7 1917
8 195
8 296
8 751
9 690
9 1608
9 1740
10 212
10 431
10 570
10 934
10 1295
10 1705
11 85
11 494
11 659
11 711
12 335
12 1220
12 1533
13 186
13 300
13 551
13 1346
14 282
14 385
14 987
14 1576
14 1876
15 417
15 511
15 596
15 1241
15 1586
16 727
16 1059
16 1309
16 1437
16 1439
17 1703
18 588
18 1075
18 1274
19 247
19 271
19 1000
19 1052
19 1079
19 1459
19 1553
19 1686
20 1410
20 1572
21 515
21 992
21 1097
21 1373
21 1424
22 611
22 619
22 1521
22 1668
23 429
23 803
23 1681
23 1686
23 1713
23 1751
24 327
24 1423
24 1909
25 1166
26 1146
27 756
27 1185
27 1356
27 1463
27 1943
28 407
28 900
28 1273
28 1316
29 1530
29 1833
30 349
30 1495
30 1594
31 631
32 77
32 289
32 421
32 998
32 1207
33 159
33 880
33 1021
33 1025
33 1888
33 1921
34 643
34 1484
34 1529
34 1673
35 540
35 580
35 638
35 1752
36 619
36 692
37 960
37 1045
37 1454
38 877
38 1130
38 1345
39 174
39 427
39 814
39 930
39 1495
39 1777
39 1821
40 642
40 1083
41 1115
42 395
42 898
42 1042
42 1474
43 319
43 1644
43 1919
44 175
44 299
44 1764
45 99
46 536
46 1691
46 1821
47 825
47 844
47 1526
48 740
48 1057
48 1105
48 1638
49 501
49 914
49 1754
50 882
50 1922
50 1923
51 537
51 890
52 874
52 1210
52 1625
52 1813
53 1837
53 1930
54 663
54 1553
55 433
55 921
55 1099
55 1140
55 1591
55 1904
56 214
56 597
56 805
56 1025
56 1307
57 720
57 922
57 1238
58 404
58 542
58 941
58 1907
59 319
59 570
59 1856
59 1895
60 272
60 828
60 1000
61 107
61 492
61 1099
61 1423
61 1557
62 253
62 844
63 1436
63 1489
63 1637
63 1842
63 1971
64 324
64 709
65 1086
65 1522
66 1776
66 1783
67 246
67 1221
67 1295
68 476
68 1640
68 1843
69 261
69 682
69 914
69 949
69 1355
69 1730
70 1059
71 948
71 1124
71 1126
71 1206
71 1296
71 1456
71 1929
72 1100
72 1668
72 1792
73 1062
73 1261
73 1280
73 1734
74 192
74 569
74 598
74 1190
74 1877
75 506
75 885
75 1704
75 1790
76 663
77 950
78 267
78 479
78 700
78 865
78 1260
78 1561
78 1728
78 1880
79 251
79 1043
79 1061
79 1605
79 1768
80 181
80 249
80 983
80 1377
80 1780
81 976
81 1032
81 1105
81 1691
81 1749
82 298
82 326
82 479
82 1537
83 1271
83 1458
83 1770
84 139
84 370
84 407
84 531
84 824
84 1295
84 1824
85 183
85 206
85 938
85 1182
85 1883
86 1071
86 1902
87 357
87 365
87 557
87 1163
87 1330
87 1748
88 583
88 928
88 1902
89 183
89 572
89 1134
89 1488
90 785
90 810
90 1681
91 716
91 816
91 946
91 1477
91 1665
92 279
92 461
92 675
92 1220
92 1676
92 1860
93 342
93 910
93 1660
93 1726
94 312
94 327
94 767
94 1340
95 163
95 205
95 1757
96 731
96 1043
96 1370
96 1377
96 1943
97 449
97 505
97 1578
98 173
98 450
98 620
98 740
98 1072
98 1553
99 595
99 898
99 1408
100 199
100 347
100 434
100 555
100 1970
101 254
101 388
101 481
101 808
101 813
102 461
102 766
102 800
102 846
102 1678
102 1964
103 243
103 462
103 471
103 1533
104 1061
104 1117
104 1377
105 524
105 1038
105 1079
105 1774
106 439
106 968
106 1269
106 1933
107 538
107 589
107 883
107 1020
107 1159
107 1170
107 1689
107 1778
108 353
108 373
108 769
108 1174
109 951
109 970
109 1470
109 1585
109 1611
110 1132
111 325
111 621
111 1289
111 1695
112 305
112 1000
112 1175
112 1373
112 1750
112 1786
112 1932
113 761
113 781
114 200
114 812
114 877
114 1363
114 1383
115 570
115 959
115 1888
116 680
116 1270
116 1399
116 1943
117 610
117 1075
117 1803
118 1072
118 1816
119 821
119 831
119 992
119 1039
119 1866
120 345
120 564
120 682
120 919
120 964
120 1284
120 1591
120 1743
120 1824
121 967
121 1160
121 1250
121 1294
121 1342
121 1671
122 668
123 604
123 868
123 1179
123 1624
124 255
124 605
124 805
124 1612
125 398
125 454
125 1311
125 1351
125 1638
125 1966
126 130
126 343
126 608
126 696
126 878
126 906
126 1132
126 1544
127 1535
128 403
128 483
128 791
128 923
128 1362
128 1759
129 279
129 846
129 885
129 1245
129 1513
129 1622
129 1760
130 1434
130 1689
131 214
131 429
131 436
131 665
131 1092
131 1131
131 1667
131 1901
132 620
132 804
132 1001
133 188
133 255
133 301
133 775
133 997
134 372
134 640
134 1050
134 1809
135 399
136 642
136 762
136 875
136 1013
137 1431
137 1488
138 611
138 1180
138 1205
138 1742
139 858
139 1014
139 1267
140 980
140 1033
140 1148
140 1483
140 1821
141 895
141 936
141 1040
141 1252
141 1593
142 173
142 789
142 1635
143 751
144 679
144 1409
144 1656
144 1666
145 993
145 1039
146 660
146 866
147 258
147 928
147 1076
147 1125
147 1320
147 1620
147 1792
148 1648
149 325
149 766
149 1035
149 1040
149 1461
149 1933
150 505
150 811
151 716
151 1047
151 1111
151 1465
152 676
152 847
152 1323
152 1430
152 1498
153 179
153 203
153 686
153 717
153 782
153 851
153 1961
154 361
154 839
155 248
155 325
155 752
156 468
156 826
156 1238
156 1396
156 1503
157 796
157 1001
157 1223
157 1516
157 1889
158 1053
158 1105
158 1163
158 1598
159 641
159 684
159 1177
159 1523
160 1680
161 618
161 782
161 786
161 1051
161 1711
162 229
162 370
162 503
162 694
162 1822
162 1882
162 1958
163 574
163 703
163 736
163 1443
164 223
164 280
164 512
164 1324
165 245
165 680
165 1744
166 511
166 1101
166 1233
167 864
167 1448
167 1707
168 169
168 557
168 767
168 1134
168 1958
169 744
169 817
169 846
170 475
170 1182
171 1320
171 1536
172 182
172 456
172 935
172 1063
173 478
173 489
173 1202
174 1590
174 1595
174 1943
175 274
175 474
175 934
175 1051
176 818
176 1180
177 1020
177 1553
178 619
178 967
178 1500
179 553
179 1773
179 1853
180 206
180 970
180 1155
180 1891
181 480
181 877
181 1081
181 1893
181 1900
182 1338
182 1758
183 954
183 992
183 1411
184 685
184 1862
185 843
185 1814
186 1039
186 1425
186 1542
187 235
187 1279
187 1437
188 552
188 631
188 771
188 1043
188 1627
189 897
189 1505
189 1701
189 1725
190 234
190 595
190 1759
190 1955
191 332
191 1039
191 1057
191 1095
191 1798
191 1876
192 787
192 1427
193 1464
193 1757
193 1802
194 338
194 367
194 492
194 1536
194 1808
195 539
195 1228
195 1263
195 1534
195 1649
196 926
196 1304
196 1426
196 1522
196 1856
197 743
197 1646
198 232
198 410
198 688
198 915
198 1412
198 1816
199 534
199 625
199 705
199 879
199 1818
200 910
200 1499
200 1567
201 915
201 1019
201 1089
202 940
202 954
202 1694
203 1628
203 1972
204 667
204 985
204 1160
204 1631
205 707
205 728
205 962
205 1833
206 752
206 1319
206 1457
207 437
207 1643
208 1408
208 1918
209 307
209 342
209 347
210 264
210 296
210 1099
210 1916
211 624
211 738
211 1063
211 1492
212 714
212 828
212 1387
213 1270
213 1718
214 324
214 1055
214 1469
215 521
215 574
215 943
216 404
216 756
216 1062
216 1105
217 365
217 398
217 523
217 1078
218 1853
219 857
219 1039
219 1087
219 1895
220 346
220 795
220 1102
220 1183
220 1350
220 1903
221 937
221 962
222 289
222 1003
222 1251
222 1371
223 1351
223 1516
224 715
225 272
225 322
225 1708
226 1021
227 1423
227 1540
228 598
228 1216
228 1754
229 358
229 660
229 1376
230 934
230 944
230 1063
230 1827
231 333
231 686
231 875
231 905
231 1152
231 1444
231 1963
232 485
232 1277
232 1545
233 993
233 1187
233 1388
234 545
234 614
234 1907
234 1934
234 1961
235 843
235 948
235 1463
235 1535
236 1041
236 1248
236 1794
237 1131
237 1302
237 1500
238 732
238 1003
238 1895
239 543
239 1752
239 1860
240 1608
240 1657
240 1785
240 1905
240 1914
241 319
241 957
242 398
242 1857
242 1919
243 1017
243 1668
243 1699
244 1589
244 1641
245 264
245 1656
245 1735
245 1898
246 404
246 774
246 1590
247 708
247 991
247 1069
248 786
249 768
249 1716
250 261
250 774
250 1058
250 1067
250 1486
251 436
252 1705
253 1186
253 1732
254 733
254 1509
254 1672
255 359
255 1607
255 1723
256 765
256 1167
256 1741
257 705
257 905
257 1057
257 1217
257 1597
258 459
258 1285
258 1302
258 1323
259 331
259 541
260 443
260 720
260 940
260 1125
260 1218
261 457
261 617
261 1125
262 1226
262 1462
263 739
263 1006
264 1436
265 1208
265 1684
266 1143
266 1641
266 1671
266 1932
266 1954
267 1446
267 1780
268 278
268 531
268 953
268 1421
268 1681
269 1174
269 1633
270 290
270 1554
270 1618
270 1807
271 1443
272 478
272 1076
272 1492
272 1786
272 1824
273 1255
273 1310
274 481
274 1107
275 406
275 452
275 606
275 1014
275 1536
275 1763
276 482
276 678
276 1011
276 1440
277 1374
277 1851
278 347
278 350
278 425
278 773
279 469
279 979
280 968
281 786
282 547
282 1812
283 549
283 1172
284 496
284 1590
284 1821
285 583
285 637
285 1191
285 1947
286 916
286 1146
287 607
287 767
287 883
287 1949
288 1639
289 1249
290 451
290 586
291 409
291 765
291 879
291 1731
292 947
292 959
292 1753
293 811
293 980
294 510
294 1626
294 1837
294 1884
295 551
295 899
295 909
295 1151
295 1210
296 1680
296 1814
297 434
297 1163
297 1570
297 1597
298 1012
298 1857
300 344
300 358
300 522
300 795
300 1280
300 1292
300 1374
300 1510
300 1801
301 340
301 810
301 1773
301 1869
302 490
302 604
302 790
302 1098
303 1154
304 513
304 1145
304 1153
305 1092
305 1270
305 1756
306 534
306 650
306 1319
306 1351
306 1559
306 1720
307 1106
307 1459
308 851
308 1755
308 1948
308 1977
309 1287
309 1469
309 1680
310 670
310 693
310 1537
310 1832
310 1928
311 1415
312 738
312 845
312 1970
313 404
313 584
313 1488
313 1778
313 1781
314 608
314 1043
314 1800
315 1073
315 1218
316 383
316 1243
316 1445
316 1708
317 633
317 827
317 1071
318 1129
318 1575
319 451
319 1285
319 1903
320 1049
320 1586
321 977
321 1224
321 1437
321 1579
322 668
322 1144
323 743
323 823
323 1289
323 1851
323 1869
324 581
324 922
324 1326
325 465
325 474
325 482
325 1006
325 1413
325 1905
326 463
326 490
326 1337
326 1914
327 448
327 476
327 629
327 1861
328 597
328 1486
328 1842
329 385
329 1652
330 896
330 1419
331 891
331 1635
332 1110
332 1529
332 1542
332 1890
333 490
334 443
334 1412
334 1566
335 1340
335 1409
335 1542
336 592
336 804
336 997
336 1672
336 1802
337 418
337 992
337 1549
338 1470
338 1515
339 773
339 1816
339 1922
340 821
340 1949
341 433
341 443
341 723
341 1018
341 1254
342 1165
342 1313
343 1674
343 1676
343 1750
343 1930
344 523
344 1347
344 1893
345 795
346 528
346 754
346 1260
348 947
348 1090
348 1755
349 1148
349 1348
349 1573
349 1701
350 572
350 1533
351 1299
352 419
352 948
352 1431
353 927
353 1269
353 1758
354 596
354 861
354 1230
354 1425
355 556
355 832
356 634
356 1192
357 414
357 437
357 1256
358 1058
358 1122
358 1600
359 1092
359 1835
359 1914
360 1738
360 1771
361 605
361 1050
361 1169
361 1438
361 1461
361 1648
361 1819
362 973
362 1350
362 1518
362 1704
363 605
363 674
363 1172
363 1271
364 1182
364 1841
365 1750
366 469
366 616
366 887
366 994
367 730
367 866
367 1188
368 383
368 1505
368 1814
369 697
369 850
369 1086
369 1390
370 766
370 1463
370 1786
371 514
371 683
371 726
371 881
371 1541
371 1873
371 1899
373 495
373 556
373 1574
374 1662
375 618
375 1039
375 1080
375 1938
376 1272
376 1659
376 1694
376 1944
377 531
377 1180
377 1372
377 1453
377 1881
378 1450
378 1919
379 991
379 1145
379 1496
379 1944
380 554
380 593
380 1484
381 424
381 727
381 1005
381 1651
382 438
382 1264
383 806
383 1384
384 397
384 784
384 1632
385 667
385 830
386 1637
386 1641
387 744
387 972
387 1279
387 1345
387 1733
387 1747
388 446
388 587
388 1737
388 1790
389 892
389 1866
390 392
391 743
391 747
391 821
391 1137
391 1838
392 536
392 644
392 839
392 1293
392 1751
393 843
393 1046
393 1168
393 1600
394 452
394 465
394 597
395 476
395 696
395 1519
396 436
396 982
397 1064
397 1736
398 1330
399 770
399 818
399 1787
400 856
400 1337
400 1663
400 1773
401 1315
401 1413
401 1497
401 1832
402 453
402 629
402 653
402 804
402 1218
403 835
403 948
403 1211
403 1539
404 1256
404 1688
405 664
405 1770
406 1170
406 1609
407 546
407 1053
408 881
408 1098
408 1672
408 1812
409 642
409 742
409 750
409 915
409 1450
409 1753
409 1847
410 465
410 1275
411 767
411 950
411 1530
412 950
413 540
413 576
413 647
413 976
413 1842
414 770
414 1434
414 1664
415 637
415 1733
416 810
416 880
416 1185
416 1419
416 1855
417 1879
419 1174
419 1797
419 1955
420 758
420 1038
420 1093
420 1184
421 1116
422 564
422 1099
422 1119
422 1550
422 1940
423 1282
423 1326
423 1801
424 1146
424 1682
425 823
425 885
425 887
425 1897
426 671
426 1506
427 442
427 817
427 1838
427 1963
428 626
428 1270
429 751
429 914
429 1632
429 1823
430 433
430 569
430 792
430 1254
430 1634
430 1960
431 1065
431 1885
432 739
433 460
433 714
433 757
433 970
433 1056
433 1297
433 1480
433 1649
433 1703
434 965
434 1265
434 1367
434 1462
435 1051
436 1015
436 1130
437 439
437 445
437 770
437 1732
439 1056
439 1226
439 1242
439 1261
440 715
440 1109
440 1805
441 702
441 801
441 960
442 777
443 842
443 1213
443 1664
444 823
444 1523
444 1634
445 930
445 1607
446 722
446 1055
446 1667
447 700
447 1033
447 1376
447 1459
447 1609
447 1879
448 621
448 1380
448 1734
449 759
449 1058
449 1092
449 1375
449 1625
449 1685
450 619
450 893
450 1161
450 1432
450 1887
450 1958
451 597
451 922
451 939
451 1946
453 567
453 798
453 1249
454 681
454 753
454 769
454 859
454 1373
454 1569
454 1902
455 774
455 787
455 1257
455 1620
456 1288
456 1578
456 1757
457 1219
457 1399
458 898
458 905
458 1075
458 1590
458 1740
459 580
460 1565
461 750
461 754
461 1246
462 577
462 723
462 948
463 1745
464 709
464 1009
464 1599
465 548
465 562
465 604
465 1518
466 680
466 1649
467 563
467 942
467 1651
468 621
469 499
469 581
469 1216
469 1627
470 940
470 1076
470 1122
470 1788
471 1336
471 1790
472 567
472 1254
472 1325
473 898
473 1108
473 1860
473 1869
473 1896
474 846
474 1038
474 1785
474 1907
475 903
475 1090
475 1274
475 1659
476 1156
476 1758
477 556
477 593
477 835
477 836
477 1047
477 1701
478 674
478 791
478 1278
478 1462
479 911
479 1290
480 1090
480 1251
480 1408
480 1664
481 752
481 1142
481 1211
481 1434
482 721
482 1256
483 1264
483 1499
483 1801
484 600
484 1446
484 1836
485 1893
486 719
486 1261
486 1879
487 593
487 610
487 875
487 1145
488 1296
488 1457
489 1490
489 1539
489 1954
490 1028
490 1073
490 1105
490 1155
491 834
491 865
491 1044
491 1085
491 1183
493 1636
493 1975
494 772
494 881
494 1369
494 1422
495 1471
496 1711
496 1826
497 1352
498 694
498 935
498 1423
499 594
499 960
500 508
500 676
500 1205
500 1717
501 618
501 1563
502 1558
502 1804
503 1064
503 1496
503 1575
504 1917
505 1341
505 1891
505 1961
506 1233
506 1403
506 1732
507 610
507 1547
508 1398
508 1456
508 1803
509 709
509 961
509 1458
509 1973
510 933
510 1710
510 1716
511 567
511 1212
511 1248
512 1180
513 561
513 1118
514 894
514 1034
514 1214
514 1364
515 617
515 950
515 1015
516 1757
517 934
517 1324
518 1109
518 1166
518 1579
518 1916
519 1235
519 1299
519 1393
519 1472
520 1728
521 1639
522 1392
523 1092
524 760
524 1359
524 1494
525 972
525 1874
526 937
526 1171
526 1465
527 729
527 1341
527 1950
528 1399
529 1031
529 1292
529 1703
530 1113
530 1794
530 1809
531 1162
532 746
532 1280
532 1751
532 1803
532 1956
533 894
533 938
533 1231
534 880
534 1147
535 848
535 993
535 1198
535 1602
536 1041
536 1215
536 1334
536 1559
536 1631
536 1721
537 861
537 869
537 1683
538 1300
538 1844
539 1677
539 1710
540 618
540 714
540 1268
540 1669
541 798
541 829
542 781
542 1406
543 577
543 1025
543 1890
544 908
544 1358
545 647
545 1288
545 1744
546 597
546 1593
547 748
547 889
547 1136
548 699
548 851
548 999
548 1417
548 1732
549 1066
549 1875
550 1240
550 1674
550 1925
551 1064
551 1730
552 585
552 623
552 979
552 1795
553 1974
554 844
554 1281
554 1401
554 1720
556 967
556 1470
556 1732
557 1249
557 1612
557 1804
558 744
559 1062
559 1312
559 1834
560 699
560 965
560 1336
560 1381
561 1026
561 1364
561 1822
561 1857
562 948
562 1396
562 1948
563 1109
563 1354
563 1737
564 1199
564 1580
565 1475
565 1774
565 1846
566 1405
567 784
567 1411
567 1631
568 666
568 949
568 1052
568 1551
569 1041
569 1270
570 1139
570 1162
571 729
571 1374
571 1672
571 1869
571 1963
572 1580
573 1193
573 1415
574 1231
574 1275
574 1632
574 1843
575 750
575 973
575 1285
575 1806
576 1180
576 1291
576 1953
577 716
577 1175
577 1550
577 1790
578 720
578 854
578 1189
579 696
579 965
579 1183
579 1599
579 1706
580 831
580 1713
581 885
582 934
582 1107
582 1234
582 1275
583 1415
583 1574
583 1947
584 880
584 1834
585 1081
585 1274
585 1284
586 818
586 1068
586 1257
587 863
587 897
587 1053
587 1150
588 1154
589 1562
590 1595
590 1699
590 1766
590 1975
591 627
591 1354
592 1440
592 1709
592 1764
593 1600
593 1655
593 1859
594 1096
594 1481
594 1689
594 1766
594 1774
595 863
595 1868
596 1585
596 1920
597 1192
598 1374
599 1768
599 1904
599 1932
600 656
601 687
601 1449
602 1193
602 1381
603 833
603 1603
603 1854
604 706
604 1449
605 1877
606 1908
607 851
607 1303
608 1315
608 1609
609 1118
609 1201
609 1481
609 1781
610 872
610 1088
611 652
611 957
611 1868
612 1066
612 1306
612 1417
613 744
613 1274
614 723
614 1127
614 1675
615 642
615 1366
615 1489
616 1129
617 1079
617 1111
617 1447
618 661
618 666
618 1520
619 744
619 771
619 1069
621 1821
622 794
622 1222
622 1589
622 1803
623 841
623 1460
623 1708
623 1723
624 769
624 934
624 1376
624 1574
624 1797
625 894
626 1113
626 1703
627 672
627 764
627 1849
628 1390
629 1260
629 1334
630 1254
630 1799
631 1177
631 1746
631 1931
632 1029
632 1088
633 657
634 688
634 1354
634 1502
634 1574
635 1211
635 1315
636 677
637 830
637 1029
637 1483
637 1568
637 1683
638 1512
638 1817
639 803
640 707
640 790
640 1570
641 1053
641 1068
641 1328
641 1627
642 1582
642 1620
642 1759
643 1145
643 1849
644 1487
644 1840
645 1000
645 1455
646 827
646 1205
647 824
648 889
648 1273
648 1844
649 1487
650 1274
651 1181
651 1358
651 1370
651 1373
652 1238
652 1820
653 694
653 867
653 1947
654 824
654 1514
655 831
655 1237
655 1311
655 1393
655 1475
655 1488
656 886
656 1624
657 683
657 1012
657 1239
657 1290
657 1380
657 1399
658 1369
658 1725
659 1624
659 1854
660 944
660 1094
661 1189
661 1615
661 1762
661 1971
662 1187
662 1460
663 761
663 1758
664 823
664 1505
664 1926
665 846
665 1870
666 773
666 857
666 1404
667 670
667 1257
667 1555
668 1131
668 1631
668 1818
669 1628
669 1688
669 1927
670 1062
670 1283
671 718
671 925
671 931
671 1141
672 1336
672 1452
673 815
673 1372
673 1711
673 1799
674 898
674 1094
674 1192
675 803
675 844
675 1031
675 1565
675 1651
676 1082
676 1084
676 1245
676 1647
677 964
677 1304
678 1035
678 1757
678 1855
679 1425
680 1758
681 1126
681 1187
682 825
682 1088
682 1294
682 1475
683 1677
684 1425
684 1851
685 939
685 1634
685 1650
686 1506
686 1801
686 1856
687 758
688 983
688 1370
688 1570
689 1522
689 1839
690 737
690 768
690 1975
691 864
691 1141
691 1195
692 955
692 1800
693 1258
693 1375
693 1558
694 1502
695 822
695 1541
696 862
696 1234
696 1355
696 1466
696 1596
696 1928
697 1129
697 1398
698 1048
698 1204
700 1084
700 1538
701 1018
701 1357
702 1132
702 1700
702 1906
703 717
703 1464
703 1564
703 1957
704 750
704 1406
705 1302
706 827
706 1619
706 1748
707 1397
707 1635
707 1669
708 716
708 1503
708 1547
708 1966
709 928
710 1226
710 1629
711 922
711 1185
712 904
712 1240
712 1381
712 1405
713 1498
713 1749
714 1579
715 824
715 843
717 1731
718 858
718 1331
718 1477
718 1601
718 1743
719 905
720 1351
720 1730
721 1672
721 1885
722 1349
722 1781
723 797
723 1016
724 917
724 952
724 1410
725 872
725 1151
725 1826
725 1902
726 1424
726 1458
726 1776
728 1223
728 1519
729 847
729 1729
730 940
730 1042
730 1053
730 1155
730 1485
731 901
732 839
732 1187
733 772
733 1343
733 1765
733 1873
733 1943
734 944
734 1071
734 1617
735 1240
735 1657
735 1793
736 755
736 1505
737 991
738 899
738 915
738 1221
738 1346
738 1444
739 781
739 969
739 1206
739 1218
739 1833
740 1617
741 1095
742 940
742 948
742 1045
742 1179
742 1891
743 1036
743 1288
744 1303
745 1182
745 1491
746 1166
747 876
747 943
747 1070
747 1281
748 799
748 849
748 1442
748 1484
748 1807
748 1828
748 1849
749 788
750 1102
750 1293
750 1780
750 1900
751 1282
751 1771
752 1144
752 1435
753 916
753 1665
753 1689
756 1604
757 1803
759 807
759 959
759 1812
759 1936
760 1343
760 1371
760 1633
761 1194
761 1570
761 1721
762 1349
763 841
764 979
764 1388
764 1662
765 1390
765 1467
766 1559
766 1921
767 837
767 1325
768 840
768 907
768 981
768 1412
768 1421
769 1050
769 1545
770 1062
771 986
771 1796
772 1250
772 1943
773 803
773 1282
773 1944
774 1210
774 1222
774 1359
774 1391
775 1471
776 1072
777 829
777 1388
777 1411
777 1846
778 1008
779 923
779 1171
779 1253
779 1466
780 820
780 1127
780 1502
780 1601
780 1655
781 1658
782 1351
783 1286
783 1432
783 1550
783 1574
783 1718
784 861
784 940
784 956
784 1479
785 826
785 1061
785 1696
786 1083
786 1326
786 1397
787 901
787 931
787 1113
787 1917
788 811
788 824
788 899
788 1924
789 1235
789 1571
789 1598
789 1745
790 1002
791 1938
792 961
792 1177
793 830
793 1199
793 1292
793 1852
795 933
795 1056
795 1220
796 887
796 1047
796 1369
796 1640
797 1241
798 1073
798 1373
798 1695
799 1867
800 975
800 1571
801 819
801 1697
802 1585
802 1789
802 1817
802 1969
803 1103
803 1536
804 847
804 1096
804 1659
804 1931
805 981
805 1803
806 915
806 972
806 1397
806 1634
807 972
807 1472
807 1746
808 1292
808 1466
812 1000
812 1091
812 1630
812 1779
813 1070
813 1232
813 1653
814 1238
814 1579
815 1192
815 1235
815 1635
815 1880
815 1962
816 1153
816 1408
816 1585
817 926
817 1586
818 1328
818 1834
818 1966
819 914
820 1525
820 1974
821 1387
821 1446
821 1551
821 1595
822 924
822 1694
822 1721
823 1134
823 1141
823 1419
824 1104
824 1630
825 1316
826 1523
826 1889
827 1060
827 1225
827 1601
827 1669
828 1166
828 1693
829 941
829 1237
830 1140
830 1830
831 934
831 1467
831 1599
832 1008
832 1359
832 1483
833 1526
834 905
834 1476
835 862
835 1744
836 1421
836 1941
837 893
837 977
837 1366
838 883
838 937
838 1225
838 1252
839 1506
841 1238
841 1444
841 1667
842 865
842 939
842 1025
842 1115
843 1180
843 1226
843 1798
845 1590
845 1788
845 1907
848 854
848 1540
849 1626
850 1604
851 1246
852 1048
852 1710
853 1063
854 908
854 1827
855 1066
855 1095
855 1169
855 1518
855 1546
856 1170
856 1274
856 1348
857 1060
857 1480
858 1710
858 1882
858 1970
859 1203
859 1741
860 1206
860 1444
860 1893
861 953
861 1832
862 889
862 1628
863 1093
864 1656
864 1772
865 1925
866 1308
866 1768
867 1619
868 1152
868 1196
868 1257
868 1328
869 983
869 1618
869 1823
870 1384
870 1608
871 1328
871 1829
873 1712
873 1714
874 923
874 1512
875 880
875 955
875 1953
876 1044
876 1640
876 1855
877 984
877 1882
878 1313
878 1439
878 1760
879 1797
880 1315
880 1913
881 1872
882 1950
883 1137
883 1701
884 982
884 1556
885 1831
886 964
886 1117
886 1465
886 1715
886 1871
887 1057
887 1259
887 1357
887 1394
887 1937
888 1800
889 1239
890 1021
890 1870
891 1871
892 1431
892 1573
892 1924
893 1027
893 1716
893 1942
894 917
894 981
894 1616
895 1110
895 1425
895 1717
896 1066
896 1510
896 1761
896 1781
897 1678
897 1962
898 1313
899 1859
900 1508
900 1645
900 1910
901 1761
902 1305
902 1343
902 1419
902 1684
903 1272
903 1421
904 1389
904 1524
904 1802
905 1384
906 980
906 1395
906 1441
906 1481
907 1320
907 1696
908 1141
908 1661
909 1520
909 1820
910 1359
910 1868
911 977
911 1224
911 1382
911 1446
911 1452
911 1515
911 1932
912 1314
912 1317
913 1041
913 1155
913 1495
913 1829
913 1839
914 1453
915 1063
915 1109
915 1679
916 995
916 1646
917 1560
918 1022
918 1033
918 1255
918 1456
918 1696
919 1513
919 1643
920 1045
920 1106
920 1269
920 1371
921 1780
922 1540
925 1049
925 1429
926 1552
927 942
928 937
928 1258
928 1270
928 1698
929 955
929 1043
930 1423
930 1574
930 1809
930 1908
932 1045
932 1856
933 1441
933 1469
933 1863
936 1651
937 1874
938 939
938 1311
940 1045
940 1430
940 1893
941 1256
941 1328
943 1090
944 1971
945 1817
946 1054
946 1288
946 1352
946 1470
946 1504
946 1639
947 1025
947 1731
948 1216
948 1242
948 1612
950 1127
950 1671
951 1237
952 1127
952 1604
952 1849
953 976
953 1477
953 1724
954 1364
954 1906
955 1654
955 1969
956 1166
956 1532
956 1977
957 1176
957 1878
958 1044
958 1207
960 1063
961 1720
962 1682
963 1022
963 1543
963 1610
964 1063
964 1957
964 1959
966 1139
966 1563
966 1715
967 1614
968 1362
969 1385
969 1957
970 984
971 1135
972 1255
972 1941
972 1956
974 1528
974 1562
974 1851
974 1915
975 1377
975 1454
975 1960
976 1460
976 1771
977 1381
978 1009
978 1091
978 1799
979 1061
980 1282
980 1383
981 1325
981 1662
982 985
982 1498
982 1515
982 1947
983 1567
984 1126
986 1072
986 1195
986 1606
986 1876
987 1755
987 1805
988 1353
988 1531
988 1726
988 1767
989 1118
990 1919
992 1336
992 1508
992 1587
992 1910
993 1479
993 1517
994 1093
995 1890
996 1056
996 1861
997 1954
998 1093
1001 1028
1001 1387
1001 1423
1002 1121
1002 1333
1002 1682
1003 1332
1004 1192
1004 1210
1004 1301
1004 1650
1004 1967
1005 1231
1005 1685
1006 1576
1006 1819
1007 1018
1007 1541
1007 1683
1008 1372
1009 1266
1009 1415
1010 1296
1010 1515
1011 1581
1011 1695
1011 1811
1012 1247
1012 1290
1012 1524
1013 1191
1013 1344
1014 1517
1014 1660
1014 1692
1014 1941
1015 1754
1016 1082
1016 1086
1016 1621
1016 1890
1017 1440
1017 1734
1017 1898
1018 1349
1019 1041
1019 1368
1020 1632
1020 1839
1021 1563
1021 1651
1023 1094
1023 1390
1024 1707
1024 1804
1025 1152
1025 1160
1025 1424
1025 1602
1026 1301
1028 1447
1029 1411
1030 1172
1030 1440
1031 1155
1031 1251
1031 1415
1031 1558
1031 1632
1031 1799
1032 1190
1032 1345
1032 1441
1032 1828
1033 1496
1033 1569
1033 1858
1034 1084
1034 1552
1034 1862
1035 1200
1035 1381
1035 1400
1036 1080
1036 1378
1036 1395
1036 1678
1037 1097
1037 1408
1038 1231
1040 1337
1040 1970
1041 1866
1042 1680
1042 1955
1043 1130
1043 1325
1043 1672
1044 1154
1045 1933
1046 1490
1046 1869
1048 1156
1048 1864
1048 1977
1049 1705
1049 1830
1049 1921
1050 1468
1050 1852
1052 1178
1052 1414
1052 1819
1054 1339
1054 1565
1055 1230
1056 1126
1058 1339
1058 1508
1058 1562
1059 1190
1059 1426
1061 1396
1061 1530
1062 1190
1062 1590
1065 1156
1065 1275
1066 1582
1066 1917
1067 1747
1067 1759
1068 1164
1068 1853
1069 1687
1069 1867
1069 1956
1070 1906
1071 1520
1072 1638
1073 1186
1073 1234
1073 1465
1074 1709
1075 1360
1076 1086
1076 1156
1076 1224
1076 1342
1076 1376
1077 1220
1077 1344
1078 1318
1078 1390
1078 1766
1079 1080
1079 1427
1079 1713
1081 1684
1082 1601
1082 1769
1082 1810
1083 1092
1083 1398
1084 1371
1084 1394
1085 1873
1086 1537
1086 1548
1086 1676
1087 1137
1087 1617
1088 1912
1089 1202
1090 1507
1090 1513
1090 1852
1091 1601
1092 1450
1093 1860
1094 1302
1095 1484
1096 1576
1096 1843
1097 1222
1099 1465
1099 1603
1099 1610
1099 1797
1100 1627
1100 1840
1101 1617
1101 1903
1102 1104
1102 1119
1102 1138
1103 1365
1103 1617
1104 1110
1104 1394
1105 1232
1106 1220
1106 1595
1107 1787
1108 1610
1109 1534
1109 1772
1110 1146
1110 1700
1112 1407
1112 1427
1112 1431
1112 1900
1112 1975
1113 1195
1114 1242
1115 1871
1116 1142
1116 1246
1116 1722
1118 1978
1119 1806
1120 1587
1121 1466
1121 1629
1122 1913
1123 1242
1123 1891
1124 1628
1125 1212
1127 1731
1128 1301
1128 1482
1128 1604
1129 1203
1129 1546
1129 1760
1130 1819
1130 1965
1131 1344
1131 1826
1132 1663
1132 1796
1132 1816
1133 1904
1133 1937
1135 1525
1136 1190
1136 1755
1137 1590
1138 1493
1138 1578
1138 1831
1138 1977
1141 1556
1141 1894
1141 1923
1143 1560
1143 1880
1145 1411
1145 1468
1146 1148
1146 1490
1146 1561
1147 1172
1148 1764
1149 1277
1149 1336
1149 1705
1150 1577
1150 1584
1150 1945
1151 1372
1151 1644
1152 1273
1152 1356
1152 1511
1153 1260
1157 1940
1158 1679
1159 1862
1161 1418
1162 1407
1162 1560
1163 1726
1164 1376
1165 1795
1165 1833
1166 1272
1167 1384
1167 1438
1167 1869
1168 1794
1168 1848
1169 1482
1169 1677
1170 1609
1171 1208
1172 1268
1172 1728
1172 1803
1172 1839
1173 1275
1174 1727
1175 1178
1177 1813
1181 1588
1181 1930
1182 1418
1184 1466
1186 1221
1187 1706
1187 1845
1187 1937
1188 1227
1188 1905
1188 1967
1189 1235
1190 1561
1190 1605
1190 1925
1192 1752
1192 1846
1193 1305
1193 1562
1193 1800
1194 1950
1195 1353
1196 1815
1197 1336
1198 1243
1198 1335
1198 1645
1198 1825
1199 1669
1199 1919
1200 1312
1201 1402
1201 1548
1201 1836
1202 1473
1202 1522
1202 1668
1202 1764
1204 1782
1205 1325
1206 1267
1208 1616
1209 1661
1209 1791
1211 1573
1212 1745
1213 1702
1214 1365
1214 1652
1216 1231
1217 1286
1217 1322
1217 1553
1218 1580
1219 1459
1219 1842
1221 1320
1221 1668
1222 1665
1222 1698
1223 1403
1223 1469
1223 1731
1223 1884
1223 1923
1224 1851
1226 1909
1228 1782
1229 1352
1229 1390
1230 1540
1230 1780
1230 1816
1230 1905
1231 1501
1232 1755
1232 1800
1233 1237
1233 1704
1234 1462
1234 1624
1234 1902
1236 1947
1237 1434
1237 1728
1238 1286
1238 1413
1238 1581
1238 1772
1238 1824
1239 1244
1240 1348
1240 1426
1240 1527
1241 1555
1242 1369
1243 1363
1243 1669
1244 1353
1245 1561
1245 1692
1246 1927
1248 1313
1248 1337
1248 1684
1248 1689
1248 1804
1251 1315
1251 1433
1251 1945
1252 1294
1252 1565
1252 1774
1253 1545
1253 1727
1253 1768
1254 1321
1254 1803
1255 1937
1256 1698
1256 1844
1257 1447
1258 1393
1258 1410
1258 1696
1258 1903
1259 1440
1259 1881
1260 1638
1261 1828
1261 1838
1262 1717
1263 1759
1263 1776
1264 1783
1264 1933
1265 1831
1265 1963
1267 1286
1271 1555
1271 1721
1272 1298
1272 1814
1273 1303
1273 1484
1273 1977
1274 1301
1274 1309
1274 1341
1275 1445
1275 1600
1276 1463
1276 1882
1277 1495
1278 1397
1278 1802
1279 1699
1281 1403
1282 1557
1282 1561
1282 1775
1286 1588
1287 1806
1288 1553
1291 1648
1291 1905
1292 1871
1293 1354
1293 1389
1294 1301
1294 1908
1298 1726
1298 1845
1299 1363
1299 1603
1299 1659
1299 1718
1299 1742
1300 1744
1300 1821
1301 1387
1301 1663
1301 1878
1302 1379
1302 1710
1303 1474
1303 1814
1304 1353
1305 1349
1305 1769
1306 1479
1306 1493
1306 1772
1307 1658
1308 1368
1308 1377
1308 1663
1309 1944
1310 1378
1310 1450
1312 1827
1313 1432
1313 1476
1314 1367
1317 1476
1317 1803
1318 1957
1319 1855
1321 1393
1322 1781
1323 1884
1324 1696
1324 1698
1325 1799
1327 1494
1327 1933
1328 1854
1329 1440
1329 1595
1330 1481
1330 1613
1330 1891
1331 1478
1331 1621
1332 1599
1333 1622
1333 1863
1334 1526
1334 1593
1336 1404
1336 1405
1336 1527
1337 1457
1338 1439
1339 1857
1340 1963
1341 1516
1341 1559
1341 1701
1342 1525
1343 1436
1343 1466
1343 1711
1345 1910
1346 1767
1347 1610
1347 1811
1347 1935
1348 1973
1349 1815
1352 1880
1353 1530
1353 1694
1354 1377
1354 1624
1354 1624
1356 1384
1356 1812
1360 1785
1360 1837
1361 1567
1361 1844
1362 1556
1362 1926
1363 1500
1364 1415
1365 1636
1367 1401
1367 1506
1368 1446
1373 1608
1373 1647
1373 1950
1374 1487
1378 1784
1379 1915
1380 1568
1380 1851
1382 1679
1382 1723
1382 1977
1383 1400
1383 1738
1384 1678
1385 1474
1386 1492
1386 1676
1386 1763
1387 1831
1388 1664
1389 1630
1391 1788
1391 1907
1392 1393
1396 1498
1396 1569
1397 1454
1397 1455
1398 1770
1398 1794
1398 1845
1400 1601
1401 1480
1402 1594
1402 1612
1403 1572
1403 1853
1405 1486
1405 1513
1405 1675
1406 1845
1406 1973
1407 1603
1408 1871
1409 1683
1409 1913
1410 1528
1410 1718
1410 1791
1411 1457
1411 1830
1413 1453
1413 1578
1413 1809
1413 1932
1414 1547
1416 1427
1416 1891
1418 1632
1418 1668
1418 1879
1419 1802
1420 1481
1420 1726
1421 1819
1422 1621
1422 1878
1422 1907
1424 1602
1425 1933
1426 1536
1427 1787
1427 1939
1428 1489
1430 1618
1430 1844
1437 1533
1437 1691
1437 1739
1439 1530
1441 1770
1443 1526
1443 1597
1444 1929
1445 1792
1445 1901
1447 1590
1448 1883
1449 1620
1450 1657
1451 1647
1451 1768
1453 1586
1453 1803
1455 1895
1456 1834
1457 1879
1458 1728
1459 1494
1460 1566
1460 1581
1461 1970
1462 1913
1463 1509
1464 1577
1465 1872
1469 1484
1471 1624
1471 1731
1472 1616
1472 1753
1473 1694
1473 1748
1473 1977
1474 1731
1477 1898
1478 1575
1480 1891
1482 1658
1482 1734
1482 1817
1483 1662
1485 1724
1485 1897
1487 1824
1488 1577
1488 1951
1490 1626
1491 1654
1493 1579
1494 1858
1497 1751
1498 1704
1498 1733
1500 1688
1502 1962
1503 1616
1503 1881
1504 1742
1506 1866
1507 1563
1507 1700
1509 1803
1509 1823
1510 1650
1510 1840
1510 1870
1512 1672
1512 1700
1512 1933
1517 1536
1517 1760
1517 1823
1518 1951
1518 1974
1519 1527
1520 1598
1520 1642
1521 1564
1521 1738
1523 1702
1523 1804
1523 1808
1525 1832
1526 1712
1528 1604
1529 1572
1531 1739
1531 1864
1531 1868
1532 1562
1533 1797
1534 1736
1534 1773
1535 1783
1535 1812
1536 1804
1538 1850
1539 1908
1541 1673
1542 1640
1543 1690
1543 1794
1543 1824
1544 1775
1545 1644
1545 1772
1547 1931
1549 1572
1549 1709
1550 1935
1552 1854
1554 1815
1554 1932
1555 1583
1560 1609
1566 1820
1569 1620
1570 1770
1570 1884
1571 1978
1582 1629
1583 1780
1584 1830
1585 1911
1586 1875
1588 1891
1589 1813
1590 1620
1590 1628
1590 1786
1591 1875
1592 1865
1592 1866
1593 1649
1594 1902
1596 1623
1600 1824
1602 1751
1603 1778
1604 1613
1604 1836
1606 1801
1607 1752
1610 1675
1610 1713
1611 1908
1615 1942
1615 1953
1616 1852
1620 1709
1620 1968
1621 1660
1622 1689
1626 1753
1627 1886
1627 1934
1630 1636
1630 1849
1630 1924
1631 1816
1632 1973
1633 1665
1634 1635
1636 1694
1637 1910
1641 1886
1642 1912
1643 1884
1644 1757
1644 1784
1644 1923
1646 1702
1648 1685
1652 1729
1652 1797
1652 1935
1654 1804
1654 1920
1660 1815
1661 1913
1662 1960
1667 1873
1670 1902
1670 1934
1673 1867
1675 1778
1676 1846
1677 1837
1681 1837
1681 1865
1682 1781
1683 1787
1684 1749
1686 1861
1687 1706
1687 1835
1690 1941
1691 1742
1696 1847
1699 1775
1699 1842
1703 1761
1703 1953
1705 1895
1706 1861
1708 1831
1709 1835
1712 1963
1714 1728
1714 1788
1716 1842
1718 1801
1718 1954
1719 1927
1719 1934
1720 1736
1722 1977
1724 1743
1730 1912
1731 1781
1732 1909
1733 1898
1735 1789
1735 1913
1736 1961
1738 1899
1745 1867
1747 1899
1749 1888
1750 1936
1751 1784
1756 1891
1757 1913
1759 1976
1760 1808
1763 1967
1764 1959
1766 1901
1768 1822
1770 1822
1774 1948
1779 1902
1781 1953
1782 1929
1786 1824
1788 1977
1792 1939
1796 1914
1796 1972
1799 1881
1804 1890
1807 1831
1807 1931
1817 1849
1818 1923
1819 1909
1825 1919
1825 1958
1826 1894
1826 1910
1828 1885
1831 1959
1835 1951
1837 1887
1841 1878
1846 1892
1850 1888
1851 1928
1860 1868
1861 1862
1867 1955
1872 1968
1879 1913
1886 1901
1887 1908
1889 1963
1909 1910
1912 1930
1920 1970
1929 1964
1930 1933
1935 1972
1940 1949
1952 1973
