1976 3477
1 837
1 1156
1 1564
1 1804
2 887
2 1943
3 1025
4 685
4 837
4 1453
5 1443
5 1677
6 315
7 159
7 191
7 783
7 877
7 962
7 1190
7 1355
7 1628
7 1876
7 1938
8 111
8 828
8 1625
9 566
9 914
10 125
10 498
10 799
10 1102
10 1205
10 1214
10 1237
11 414
11 949
11 1379
11 1719
12 1162
12 1523
13 69
13 151
13 1696
13 1956
14 671
14 1390
14 1514
14 1668
15 131
15 195
15 1229
15 1421
16 190
16 670
16 1222
16 1281
17 149
18 234
18 362
18 733
19 417
19 458
19 1156
19 1297
19 1522
20 289
20 392
20 652
21 1516
21 1761
22 697
22 1599
22 1906
23 372
24 61
25 50
25 982
25 1234
25 1676
26 74
26 1020
26 1149
27 433
27 810
27 990
27 1442
27 1932
28 316
28 1477
28 1644
28 1874
29 112
29 900
29 1132
29 1468
29 1537
29 1896
30 812
30 1397
31 607
31 748
31 1263
32 635
32 694
32 1134
32 1462
32 1878
33 126
33 307
33 1042
34 818
34 1111
34 1847
35 1227
35 1319
36 1170
36 1380
36 1543
37 185
38 446
38 591
38 1478
38 1553
38 1881
39 1930
40 390
40 658
40 1699
41 132
41 889
41 1162
41 1395
41 1472
41 1931
42 462
42 1762
43 205
43 264
43 278
44 759
44 872
44 1141
45 235
45 382
45 1133
46 587
46 1355
46 1625
46 1972
47 1342
47 1810
48 841
48 1092
48 1273
49 371
49 557
49 1289
49 1540
49 1717
49 1859
50 140
50 188
50 549
50 943
51 187
51 591
51 1315
51 1492
52 539
52 1203
52 1379
53 171
53 699
53 809
53 975
54 185
54 1424
54 1590
54 1939
55 248
55 1263
56 869
56 947
56 964
56 1324
56 1379
57 1497
57 1845
58 750
58 779
59 422
59 1806
59 1943
60 885
60 1416
61 199
62 804
62 1684
62 1700
63 74
63 317
63 564
63 1258
64 66
64 535
64 1078
65 1114
66 245
66 702
66 715
66 952
66 1392
66 1838
67 1608
68 195
68 1299
68 1647
69 229
69 568
69 1201
70 645
70 1122
71 495
71 896
71 1327
71 1516
72 1174
72 1310
73 780
73 1583
74 1395
74 1720
75 339
76 739
76 1474
76 1569
76 1597
76 1954
77 863
77 929
77 1254
77 1613
78 120
78 686
78 949
78 1525
78 1708
79 381
79 1139
80 113
80 235
80 450
80 811
80 907
80 938
80 1057
80 1083
80 1346
80 1591
81 594
81 1362
81 1521
81 1817
82 297
82 320
82 655
82 901
82 1276
83 475
83 1573
84 231
84 774
84 910
84 969
84 1274
84 1547
85 1175
85 1638
85 1803
86 419
86 501
87 115
87 535
87 867
87 1062
87 1439
88 941
88 1158
88 1333
89 1197
89 1352
90 414
90 516
90 540
90 833
91 157
91 1507
92 536
92 1396
93 223
93 831
93 1156
93 1471
94 1766
95 409
95 1012
95 1036
95 1461
96 1336
97 729
97 741
97 1032
97 1839
98 652
98 1064
99 218
99 1454
100 754
100 1502
100 1920
101 1246
101 1773
102 170
102 420
102 463
102 576
102 1294
102 1354
103 352
103 932
103 1443
103 1927
104 1380
104 1952
105 212
105 750
105 1037
105 1057
106 1220
106 1441
106 1825
106 1856
107 1678
108 436
108 1504
108 1564
108 1664
108 1829
108 1965
109 1117
109 1861
110 372
110 841
110 1193
110 1920
111 359
111 360
112 134
112 482
112 544
112 597
112 957
112 1258
112 1526
113 281
113 1055
114 225
114 1055
114 1534
114 1757
114 1931
115 1447
116 716
116 1796
117 374
117 852
117 1579
118 181
119 607
119 1156
119 1433
120 630
120 719
120 1130
120 1669
120 1971
121 154
121 696
121 1833
121 1917
122 1589
122 1637
123 169
123 549
123 911
123 913
123 1884
124 478
124 697
124 925
124 1119
124 1446
124 1484
125 831
125 938
125 1130
125 1403
125 1406
126 676
126 1000
126 1477
126 1963
127 432
127 1374
127 1499
127 1763
128 404
128 740
128 1678
129 685
129 1650
130 230
130 429
130 1151
130 1652
130 1771
130 1897
131 225
131 975
131 1364
131 1513
132 476
132 665
132 1207
133 468
133 900
134 392
134 1052
134 1502
134 1693
135 147
135 325
135 1133
135 1420
136 1505
137 741
137 910
137 1798
138 161
138 905
138 1122
139 1053
139 1547
140 1405
141 159
141 1522
142 863
142 915
142 1412
142 1445
142 1572
142 1808
143 489
143 566
144 312
144 600
144 682
145 430
145 574
145 585
145 926
145 1634
145 1640
146 213
146 1344
147 317
147 523
147 850
147 1137
147 1315
147 1471
148 476
148 859
149 216
149 393
149 606
149 1860
150 168
150 229
150 240
150 242
150 771
150 884
150 1150
151 397
151 864
151 944
151 1491
151 1600
152 544
152 1089
153 508
153 1024
153 1867
153 1919
153 1961
154 747
154 777
154 1269
155 318
155 1056
155 1566
156 162
156 880
156 1738
157 206
157 1690
158 657
158 697
158 963
158 1671
158 1766
160 971
160 1068
160 1467
160 1934
161 210
161 365
161 1602
162 1183
163 1974
164 605
164 731
165 1217
166 191
166 387
166 934
166 1418
167 1669
168 1413
168 1453
168 1594
169 981
169 1668
169 1836
170 306
170 866
170 936
171 612
171 873
171 1054
171 1533
171 1736
171 1761
172 507
172 659
172 1644
173 244
173 575
173 965
173 1717
174 325
174 544
174 589
175 267
175 481
175 531
175 1015
176 226
177 537
177 1119
177 1803
177 1892
177 1909
178 358
178 1141
178 1670
178 1962
179 645
179 1357
179 1718
180 490
180 1228
181 331
181 349
181 1471
181 1520
181 1615
181 1786
182 217
182 504
182 577
182 1353
183 586
183 1578
184 1348
184 1413
185 337
185 405
185 1523
185 1707
186 607
186 1167
186 1516
187 1763
187 1852
188 793
189 1053
189 1120
189 1690
189 1826
190 1501
191 584
191 946
192 537
192 629
192 857
192 1368
192 1387
192 1459
193 1707
194 1541
194 1976
195 1641
196 235
196 245
196 947
196 1447
197 982
197 1231
197 1527
198 1244
199 237
199 1097
199 1531
200 381
200 517
200 664
200 819
200 1112
200 1148
200 1462
200 1740
200 1856
201 1549
202 416
202 630
202 1084
202 1264
203 331
203 460
203 565
203 1298
203 1422
204 741
204 849
204 1234
205 300
205 956
205 1128
206 218
206 680
206 681
206 901
207 634
207 1063
207 1493
207 1935
207 1951
208 219
208 397
208 1209
208 1663
209 382
209 857
210 422
210 563
210 1185
210 1278
211 299
211 520
211 882
211 886
211 1106
211 1290
211 1833
212 351
212 370
212 1784
213 607
213 963
213 1054
213 1228
214 334
214 437
214 487
214 609
215 555
215 966
215 1323
216 753
216 1391
217 849
217 1213
217 1654
217 1823
218 310
218 422
218 1198
219 476
219 677
219 1000
219 1017
219 1403
220 756
220 926
220 930
221 1213
221 1270
222 530
222 567
222 1103
222 1719
222 1936
223 336
223 900
223 1025
223 1393
224 944
224 1080
225 914
225 1523
225 1568
226 273
226 1887
227 620
227 1057
227 1439
227 1450
228 507
228 655
228 672
228 821
229 502
229 1154
230 1436
231 1335
231 1364
232 286
232 1274
232 1329
233 545
233 760
233 1204
233 1551
234 485
234 1225
234 1381
235 290
235 612
235 1134
235 1524
236 711
236 845
236 858
237 771
237 903
237 941
237 1616
237 1964
238 433
238 1767
238 1801
239 617
239 655
239 741
239 1241
239 1884
240 1357
241 300
241 629
241 1210
241 1907
242 1851
243 1267
243 1293
244 825
244 850
244 1010
244 1345
244 1428
244 1682
244 1903
245 539
245 739
245 822
245 979
245 1206
245 1896
246 613
246 1823
246 1846
246 1916
247 543
247 622
247 656
248 596
248 707
248 1408
248 1834
249 1017
249 1555
249 1748
249 1768
249 1810
250 1044
250 1084
250 1216
251 462
251 517
251 669
251 1573
251 1894
252 563
252 606
252 1597
253 1082
253 1475
253 1782
254 495
254 689
254 814
254 1361
254 1648
254 1789
254 1858
255 611
255 1020
255 1109
256 1472
256 1912
257 1699
258 583
258 600
259 1369
259 1703
260 436
260 506
261 272
261 1530
261 1634
262 621
262 1044
263 281
263 294
263 528
263 896
264 817
264 1591
265 1810
265 1845
266 1414
266 1588
266 1802
267 1374
267 1661
268 369
269 561
269 765
269 991
269 1112
269 1374
270 485
270 1179
271 1474
271 1560
271 1725
271 1776
272 953
273 634
273 879
273 1175
273 1422
274 541
274 575
275 658
275 942
275 1167
276 389
276 1537
276 1780
277 713
277 1187
277 1595
278 874
278 1813
279 605
279 1144
279 1796
280 580
280 688
280 1380
281 1812
282 1273
282 1817
283 296
283 1110
283 1185
283 1735
284 1454
285 585
285 591
285 1086
286 696
286 696
286 887
286 1055
286 1389
286 1494
286 1854
287 460
287 509
287 1766
288 368
288 595
288 823
288 1211
288 1224
288 1407
288 1524
288 1527
289 393
289 683
289 1060
290 984
291 292
291 804
291 1087
291 1185
292 664
293 855
293 1396
293 1550
294 644
295 564
295 1107
295 1435
295 1812
296 1924
297 553
297 1020
297 1548
298 351
298 763
299 729
300 390
300 406
300 1954
301 321
301 395
301 741
302 717
302 1935
303 572
303 1358
304 588
304 750
304 780
304 1296
304 1591
304 1801
305 533
305 775
305 1901
306 1575
307 976
308 1279
308 1682
309 472
309 514
309 573
310 796
310 1303
310 1904
311 450
311 616
311 802
311 1858
312 506
312 1321
312 1526
313 620
313 741
313 1109
313 1116
313 1138
313 1628
313 1922
314 626
314 1672
315 678
315 748
315 1185
315 1597
316 644
316 705
316 737
316 1220
316 1557
317 1080
317 1406
318 459
318 621
318 1665
319 1105
319 1250
320 726
320 1527
321 695
321 866
321 937
321 1263
321 1494
321 1715
321 1899
322 628
322 750
322 1468
322 1740
323 1099
323 1909
324 337
324 788
325 750
325 1847
326 635
326 1039
326 1160
326 1622
327 462
327 619
328 690
328 918
328 1073
328 1474
328 1752
329 948
329 950
329 1067
329 1112
329 1114
329 1796
330 829
331 1004
331 1622
331 1655
331 1717
331 1926
332 1013
332 1344
332 1465
333 347
333 474
333 800
333 837
333 1386
333 1665
333 1754
334 758
334 970
334 1538
335 1391
335 1932
336 439
336 1080
336 1761
337 1137
337 1654
337 1720
338 491
338 1762
339 1277
339 1314
340 360
340 1168
340 1355
341 746
341 846
341 1567
341 1656
341 1750
342 797
342 1158
342 1867
343 1138
343 1312
343 1410
343 1604
344 498
345 1044
345 1186
345 1344
345 1596
346 492
346 665
346 1832
347 969
347 1234
348 1406
350 449
350 1898
351 1048
351 1354
352 411
353 785
353 910
353 1389
354 686
354 980
355 734
355 891
355 1803
355 1976
356 566
356 1084
356 1291
357 1127
357 1520
357 1578
358 1260
358 1765
359 396
359 487
359 859
359 892
359 1009
359 1351
359 1431
360 437
360 472
361 1007
361 1168
361 1882
362 1040
363 540
363 624
363 704
363 1050
363 1455
363 1593
364 913
364 1307
364 1836
365 1670
366 508
366 766
366 970
366 1923
367 524
367 912
368 857
368 981
369 724
369 1020
369 1056
370 835
370 1714
370 1720
371 613
371 1061
372 405
372 1571
372 1866
373 930
374 920
374 1221
375 387
375 1525
375 1593
376 1046
376 1833
377 1240
377 1411
377 1821
378 549
378 1620
378 1970
379 401
379 1262
380 767
380 1047
380 1591
381 1102
382 418
382 533
382 1869
383 486
383 510
383 604
383 639
383 1254
383 1266
384 514
384 749
384 859
384 1061
385 591
385 840
385 872
386 1154
386 1253
386 1440
386 1527
387 1157
388 474
388 498
389 1065
389 1430
389 1485
390 423
390 912
391 584
391 888
392 730
393 639
393 957
393 997
393 1514
394 1358
394 1445
394 1598
394 1974
395 493
395 1058
395 1531
396 813
397 996
397 1624
397 1868
398 1077
398 1113
398 1404
398 1657
398 1941
399 1216
400 526
400 1171
400 1283
401 489
401 1175
402 619
402 824
402 1115
402 1552
402 1686
403 547
403 1060
403 1718
405 696
405 1743
406 1045
406 1446
407 1014
407 1714
407 1848
407 1960
408 735
408 1064
408 1177
409 501
409 649
409 1004
409 1890
410 806
410 882
410 1421
411 819
411 1083
411 1194
411 1261
411 1592
412 891
412 1028
412 1123
412 1310
412 1424
412 1684
413 698
413 924
414 531
414 1605
414 1946
415 1824
416 603
416 824
416 1192
416 1570
416 1653
416 1705
416 1942
417 441
417 1758
418 564
418 1774
419 797
419 1368
419 1603
420 524
420 855
420 1214
420 1430
420 1861
421 603
421 921
421 1132
422 692
422 911
422 1411
423 493
423 1450
423 1735
424 801
424 1370
425 467
425 1368
425 1808
426 1620
426 1674
426 1871
426 1942
427 1160
427 1334
427 1860
428 1518
429 929
429 1209
429 1565
430 1935
431 471
431 528
431 712
432 769
432 877
433 782
434 579
434 632
434 1331
435 992
435 1791
436 534
436 1305
437 1031
437 1924
438 693
438 1774
439 1284
439 1560
439 1607
440 569
440 617
441 603
441 1011
441 1017
442 1503
442 1635
443 1551
443 1878
444 449
444 853
444 861
444 1298
444 1316
444 1933
445 622
445 823
445 852
445 1290
446 1285
447 454
447 1127
448 535
448 950
448 1263
448 1490
449 881
449 888
449 1364
449 1431
449 1746
449 1849
450 844
450 1472
451 717
452 475
452 798
452 870
452 1465
453 742
453 891
453 1695
453 1800
453 1825
454 643
454 671
454 1081
454 1653
454 1726
455 1276
455 1507
456 1216
457 976
457 1054
457 1251
457 1261
457 1467
459 1458
459 1515
459 1717
460 1106
460 1959
461 803
461 825
461 1186
461 1488
461 1847
461 1953
462 589
462 1415
463 1505
463 1652
463 1865
464 758
464 1609
464 1782
465 717
465 1454
465 1920
466 990
466 1679
466 1696
466 1921
467 1001
467 1776
467 1912
468 1839
469 1037
469 1453
470 628
470 1566
470 1708
470 1897
472 783
472 1017
472 1639
472 1892
472 1948
473 927
474 1662
474 1855
475 1688
476 551
476 1016
476 1636
476 1749
477 1551
477 1617
478 536
478 1597
479 596
479 1587
480 489
480 832
480 1489
481 973
482 872
482 956
482 1088
482 1622
483 1524
483 1903
484 1027
484 1560
485 593
485 621
485 750
485 1441
486 1324
488 1065
488 1871
489 1217
489 1765
490 676
490 940
490 1179
491 514
491 630
491 1633
491 1810
492 1758
492 1913
493 1120
493 1265
493 1764
493 1919
494 678
494 1081
495 687
495 1238
495 1312
495 1513
495 1701
496 768
496 1542
497 673
497 784
497 797
497 1106
497 1611
498 678
498 952
498 996
499 630
499 945
499 1107
499 1750
500 1820
502 621
502 1325
502 1619
503 1042
503 1218
503 1691
503 1932
504 895
504 1498
505 953
506 614
506 701
506 823
506 1045
506 1125
506 1521
507 700
507 1541
507 1665
507 1783
507 1974
509 1220
509 1889
510 938
511 1202
511 1404
511 1680
512 955
512 1530
513 795
513 1254
514 1065
515 538
515 1310
515 1384
516 1759
516 1874
517 534
517 818
518 645
518 896
518 1447
518 1599
518 1872
519 1255
519 1328
519 1540
519 1961
520 946
521 1132
521 1223
522 544
522 672
522 980
522 1040
522 1964
523 722
523 1480
523 1731
524 1095
524 1871
525 729
525 840
525 1624
526 1471
526 1961
526 1964
527 747
527 1149
527 1648
528 559
528 1002
528 1461
529 1077
529 1188
530 936
530 1762
531 1713
531 1810
532 951
532 1045
532 1205
532 1711
533 1556
533 1913
534 890
534 1782
535 1500
535 1855
536 794
536 1600
536 1752
537 845
537 1001
537 1560
538 750
538 1532
538 1727
539 560
539 976
539 1496
539 1536
540 1167
541 620
541 835
541 1669
542 591
542 605
542 1006
543 877
543 1422
544 946
544 1823
545 874
546 1414
546 1633
547 777
547 1395
548 762
548 1124
548 1244
549 1027
549 1870
550 835
550 1179
550 1730
550 1929
551 1334
551 1564
551 1769
552 585
552 985
553 1811
554 1177
554 1333
554 1373
554 1480
555 977
555 1004
555 1617
556 1920
557 654
557 1439
557 1652
558 1310
559 1519
559 1911
560 813
560 1146
560 1332
560 1429
561 1369
561 1371
561 1702
561 1817
562 1744
563 704
563 1073
563 1143
564 1385
565 1562
565 1754
565 1774
566 666
566 932
566 1920
567 1024
567 1476
568 772
568 885
568 1322
569 1534
569 1873
569 1952
570 1280
570 1362
570 1714
570 1775
570 1937
571 1245
571 1541
572 1133
572 1644
573 1202
573 1434
573 1456
573 1748
574 582
575 578
575 841
575 1250
575 1646
576 1182
576 1338
576 1517
577 604
577 1110
577 1119
577 1799
578 1141
578 1272
578 1481
579 1401
579 1865
580 958
580 1012
580 1365
580 1390
581 1086
581 1323
581 1565
581 1599
581 1864
582 763
582 1222
582 1438
583 1380
583 1596
584 1720
584 1798
585 785
585 828
585 1201
586 1245
587 1664
588 1723
589 1052
589 1295
589 1347
590 1158
590 1165
590 1180
590 1950
591 968
592 880
592 942
592 1402
592 1652
592 1932
593 751
593 1692
593 1818
593 1828
594 870
594 988
594 1282
594 1617
597 820
597 1213
598 661
598 1733
598 1764
599 633
599 1569
600 749
600 1585
601 1067
601 1215
601 1455
601 1704
601 1883
602 837
602 838
602 1036
602 1124
602 1312
602 1455
603 807
603 1080
604 936
604 1059
604 1912
606 1073
606 1338
607 945
607 1677
607 1800
608 897
608 1142
608 1660
608 1781
608 1893
609 723
609 758
610 627
610 1566
610 1899
611 1155
611 1287
611 1291
612 1303
613 756
613 863
613 1199
613 1283
614 768
614 1410
615 767
615 1890
616 656
617 866
617 1152
617 1598
618 661
618 1052
618 1137
619 1449
621 658
621 1387
622 664
623 845
623 950
623 1106
623 1930
623 1945
623 1964
624 770
624 846
624 1206
624 1238
625 747
625 1234
626 1394
626 1876
627 887
627 1025
627 1163
627 1683
628 1649
629 741
629 786
629 894
629 1369
629 1920
631 1218
631 1652
632 1367
633 999
633 1417
633 1429
634 784
634 1194
634 1558
635 790
635 798
636 1140
636 1347
636 1954
637 642
637 902
637 1032
638 715
638 1397
638 1563
639 785
639 1301
640 1184
640 1275
641 712
642 836
642 1190
642 1418
642 1792
643 1087
643 1354
644 653
644 715
644 1082
644 1171
644 1317
644 1623
644 1748
645 1049
646 698
646 828
646 1957
647 970
647 1082
647 1297
647 1861
648 1221
648 1425
649 713
649 1126
649 1163
649 1274
649 1964
650 1021
650 1699
651 1007
652 1444
652 1450
652 1842
653 1349
653 1945
654 1335
654 1672
654 1850
655 706
655 828
655 922
655 1734
656 762
656 1186
656 1721
657 1089
658 837
658 990
658 1416
659 791
659 1184
659 1234
659 1290
660 727
660 1048
660 1066
660 1389
660 1674
661 695
661 967
661 1059
661 1180
661 1359
661 1498
662 987
662 1569
663 780
664 756
664 1301
665 666
665 993
665 1090
665 1353
667 1455
668 975
668 1063
668 1197
668 1247
668 1945
669 1313
670 1332
670 1755
670 1837
672 1866
672 1894
673 1368
673 1722
674 1163
674 1368
674 1556
675 1604
676 694
677 703
677 926
677 1312
678 924
678 1455
679 906
679 1012
680 931
680 1759
681 1071
681 1905
682 1176
682 1838
682 1912
683 1607
684 1710
684 1805
684 1936
685 1029
685 1608
686 1346
686 1739
686 1816
686 1834
687 847
688 1504
688 1853
688 1888
689 1478
689 1839
690 846
690 916
690 1056
691 808
691 1181
691 1669
692 718
692 852
693 906
693 1304
695 1167
695 1886
696 697
696 783
696 1154
696 1487
697 1592
698 1166
698 1233
698 1859
698 1910
699 869
699 1137
699 1250
700 1713
703 960
703 1028
703 1729
705 1308
705 1430
705 1433
705 1561
706 861
707 1899
708 1211
708 1501
709 1139
709 1271
710 1154
710 1522
710 1789
711 1417
712 904
712 967
713 782
713 1823
714 986
714 1047
714 1576
715 1321
716 1197
716 1816
718 720
719 1348
719 1405
720 898
720 1322
721 843
721 1537
721 1808
722 1348
723 1129
724 1960
724 1974
725 1245
725 1379
726 1486
727 780
727 1383
727 1541
727 1679
727 1861
728 1634
728 1813
729 1223
729 1743
730 1283
731 901
731 937
732 1030
733 1736
734 1192
734 1277
734 1452
735 1152
735 1445
736 890
736 1010
736 1070
736 1083
736 1084
737 1036
737 1255
737 1277
737 1406
737 1832
738 1400
739 1109
739 1642
741 1140
741 1473
742 771
742 1034
742 1221
743 1032
744 785
744 1493
744 1629
745 1384
745 1449
745 1660
745 1827
745 1931
746 1669
746 1804
746 1940
748 844
748 1337
748 1816
748 1928
749 1401
749 1416
749 1496
750 1277
751 1009
751 1187
751 1583
751 1885
752 1428
752 1481
752 1693
752 1842
752 1913
753 1211
754 1281
754 1376
754 1570
754 1857
755 1126
755 1478
755 1537
756 1545
756 1651
757 1160
758 1818
758 1919
759 888
759 1155
759 1400
759 1754
759 1806
760 1514
760 1684
761 1534
761 1549
761 1769
761 1938
762 977
762 1970
763 785
763 1083
763 1932
764 1786
764 1878
765 972
765 1185
765 1220
765 1449
765 1455
765 1565
765 1665
765 1967
766 1449
766 1589
766 1864
767 1863
768 807
768 1601
768 1816
768 1849
769 1267
769 1470
769 1607
771 940
771 1132
771 1865
773 844
773 1155
773 1193
773 1404
773 1529
773 1757
774 1773
774 1868
775 913
775 970
775 1245
776 1254
777 1025
778 1097
779 1129
779 1485
779 1567
780 819
780 911
780 968
781 1349
781 1400
782 1281
782 1515
782 1785
782 1965
783 1465
783 1930
785 1684
786 1691
786 1950
787 806
787 997
787 1162
787 1749
788 1305
788 1489
789 814
789 1327
789 1351
789 1722
790 1869
791 909
791 1012
791 1124
791 1817
792 1143
792 1203
792 1562
792 1791
792 1860
793 806
793 1973
794 1309
794 1411
794 1412
794 1893
795 1473
796 1127
796 1372
796 1729
797 844
797 854
797 1911
798 1465
799 961
800 1621
801 1041
801 1075
801 1861
803 1911
805 1643
806 1373
807 1107
807 1315
808 1172
808 1494
808 1801
811 1658
812 977
812 1452
812 1584
813 1256
813 1307
813 1442
814 1488
814 1690
815 1645
816 967
816 1452
817 1223
817 1483
817 1760
817 1924
818 1085
818 1822
819 1209
819 1320
820 1279
820 1573
822 1351
822 1958
823 1299
824 842
825 862
825 1288
825 1455
825 1463
825 1739
826 1008
826 1129
826 1371
826 1552
827 883
827 918
827 966
827 1017
827 1787
828 914
828 1319
829 1400
829 1564
829 1822
830 1356
830 1616
831 917
832 1577
832 1910
833 1226
833 1419
833 1814
834 1295
834 1377
834 1733
835 873
835 1345
836 892
837 1227
838 1749
838 1856
838 1877
839 1582
841 1442
841 1468
841 1478
841 1730
842 964
842 1400
843 1008
843 1396
844 992
844 1142
845 1017
845 1281
845 1667
847 867
847 1712
847 1784
848 1319
851 1342
851 1721
851 1752
851 1915
852 954
852 1844
853 1068
853 1118
853 1497
853 1826
853 1932
854 1191
855 1052
856 1740
857 1541
857 1630
857 1636
858 1160
858 1500
858 1766
859 937
859 1010
859 1283
859 1309
859 1833
859 1884
860 1131
860 1528
860 1573
860 1772
860 1874
861 1041
862 940
862 1719
862 1860
863 884
863 1197
864 953
864 1241
864 1931
865 1319
865 1761
866 1195
867 1970
868 1654
868 1861
868 1881
869 1007
869 1049
870 900
871 1588
871 1598
871 1714
872 1452
872 1498
872 1894
874 1018
874 1940
875 1090
875 1564
875 1830
875 1843
876 931
876 1658
877 1641
877 1902
878 1637
878 1682
880 1418
881 1343
883 1862
884 1792
886 1257
886 1841
887 1479
888 1722
889 1603
889 1630
890 1402
892 1087
893 918
893 1749
893 1803
894 1893
894 1967
895 1566
895 1788
895 1850
899 1229
899 1373
899 1476
900 1290
901 1005
902 1097
903 1280
904 1488
904 1543
904 1545
904 1566
904 1798
906 1282
906 1433
907 1668
908 1047
908 1339
909 1117
909 1889
911 1001
911 1091
911 1741
912 1218
912 1255
912 1737
913 925
913 1123
915 1242
916 1057
916 1332
916 1503
917 1625
918 947
918 1050
918 1419
918 1558
918 1572
919 1008
920 1186
920 1278
920 1847
921 1565
922 923
922 1768
923 935
923 1197
923 1522
923 1908
924 1245
924 1339
925 1125
926 1070
926 1721
927 1161
928 1080
929 1294
929 1349
929 1512
929 1588
929 1767
930 1611
930 1763
931 1303
932 1015
932 1192
933 954
933 1138
933 1164
933 1235
933 1316
934 1046
935 1228
936 1014
936 1145
936 1711
937 951
937 959
937 1286
937 1342
938 1308
939 1338
939 1855
939 1912
941 1229
941 1660
941 1852
942 1025
942 1236
942 1542
942 1643
943 1032
944 971
944 988
944 1342
946 1002
946 1841
947 1229
948 1683
949 1398
949 1645
949 1940
950 1548
951 984
952 1542
953 1545
953 1827
953 1900
954 1377
954 1740
955 1826
955 1836
956 1423
956 1635
957 1245
958 1737
958 1893
959 1121
959 1137
959 1252
959 1351
960 1741
962 1279
963 1404
963 1818
964 1675
964 1918
965 1967
966 1751
967 1914
969 1522
969 1558
969 1565
969 1645
969 1876
970 974
970 1111
970 1761
971 1361
973 1184
975 1089
975 1630
976 1706
977 1160
977 1640
978 1419
978 1722
979 1019
980 1237
980 1699
982 1228
983 1295
983 1924
984 1473
984 1776
985 1431
986 1175
986 1402
987 999
987 1356
987 1514
987 1694
988 1599
988 1838
989 1104
989 1282
989 1294
989 1789
992 1000
992 1097
992 1652
993 1569
993 1606
994 1306
994 1431
994 1510
994 1672
995 1350
997 1886
998 1383
998 1621
998 1878
1001 1023
1001 1223
1001 1544
1001 1827
1002 1303
1002 1770
1002 1875
1002 1907
1003 1349
1003 1756
1004 1381
1004 1975
1005 1177
1006 1117
1006 1446
1006 1565
1008 1488
1008 1610
1008 1620
1009 1411
1010 1113
1010 1546
1010 1579
1011 1169
1011 1231
1011 1397
1011 1603
1012 1249
1013 1736
1013 1901
1014 1263
1014 1619
1014 1735
1015 1139
1015 1299
1015 1443
1015 1825
1016 1542
1016 1885
1018 1588
1018 1688
1018 1794
1018 1936
1019 1435
1019 1558
1020 1765
1020 1892
1021 1905
1022 1247
1022 1522
1023 1190
1023 1901
1024 1279
1024 1426
1025 1754
1025 1781
1026 1033
1026 1425
1026 1910
1027 1031
1027 1539
1028 1158
1028 1974
1029 1084
1029 1555
1030 1095
1031 1403
1031 1858
1032 1405
1032 1879
1033 1037
1034 1495
1034 1690
1035 1296
1036 1299
1036 1643
1036 1926
1037 1303
1037 1626
1037 1748
1038 1257
1038 1368
1038 1724
1039 1569
1039 1930
1042 1534
1042 1590
1042 1900
1043 1073
1043 1178
1043 1200
1043 1232
1043 1322
1043 1586
1044 1200
1045 1327
1046 1582
1046 1813
1047 1192
1047 1567
1048 1799
1049 1746
1049 1864
1050 1154
1050 1216
1050 1257
1050 1644
1050 1670
1051 1147
1054 1103
1055 1821
1058 1158
1058 1472
1059 1925
1060 1219
1060 1615
1061 1489
1063 1487
1064 1336
1064 1648
1064 1880
1065 1139
1065 1419
1065 1510
1066 1502
1066 1835
1067 1239
1067 1583
1069 1250
1069 1816
1070 1357
1070 1674
1071 1318
1071 1953
1072 1670
1073 1143
1073 1188
1074 1441
1075 1574
1075 1717
1075 1746
1076 1459
1076 1655
1077 1525
1077 1621
1078 1513
1078 1585
1078 1661
1079 1477
1081 1532
1082 1375
1082 1643
1083 1219
1084 1721
1085 1205
1085 1315
1085 1701
1086 1426
1086 1955
1088 1110
1088 1679
1089 1092
1089 1292
1089 1476
1090 1552
1091 1700
1092 1546
1092 1946
1093 1161
1093 1199
1094 1466
1094 1509
1095 1681
1095 1868
1095 1924
1096 1587
1098 1186
1098 1288
1098 1463
1099 1746
1100 1801
1101 1560
1101 1583
1104 1276
1104 1910
1105 1338
1105 1449
1105 1450
1105 1730
1106 1877
1107 1588
1107 1657
1108 1848
1109 1300
1109 1333
1109 1723
1109 1891
1111 1205
1112 1853
1113 1295
1113 1475
1113 1772
1114 1158
1114 1408
1114 1534
1114 1583
1114 1875
1115 1170
1116 1672
1116 1884
1117 1673
1118 1206
1119 1194
1119 1618
1119 1670
1120 1444
1121 1366
1121 1964
1122 1436
1122 1457
1123 1491
1124 1186
1124 1451
1124 1597
1125 1255
1125 1275
1125 1359
1128 1476
1128 1535
1128 1546
1129 1159
1129 1336
1129 1602
1130 1409
1130 1693
1132 1208
1133 1925
1134 1488
1134 1913
1135 1142
1135 1273
1135 1545
1136 1584
1137 1255
1138 1219
1138 1293
1138 1390
1140 1157
1140 1355
1140 1429
1140 1516
1141 1401
1142 1273
1142 1319
1142 1575
1143 1189
1143 1265
1143 1877
1144 1852
1145 1153
1146 1150
1147 1950
1148 1708
1148 1845
1149 1414
1150 1944
1150 1951
1151 1312
1151 1787
1152 1268
1152 1549
1153 1234
1153 1580
1154 1889
1155 1600
1155 1961
1156 1906
1157 1247
1158 1430
1159 1683
1161 1239
1161 1646
1163 1533
1164 1638
1165 1635
1165 1925
1167 1340
1167 1380
1167 1760
1168 1506
1168 1631
1168 1720
1168 1751
1172 1599
1172 1971
1173 1447
1173 1722
1174 1215
1174 1832
1175 1797
1176 1647
1176 1929
1177 1314
1177 1581
1178 1782
1179 1338
1181 1323
1181 1931
1182 1421
1182 1632
1183 1322
1183 1676
1184 1562
1185 1806
1185 1864
1186 1328
1186 1547
1187 1259
1188 1494
1189 1594
1189 1958
1190 1328
1190 1879
1193 1891
1193 1899
1195 1348
1196 1399
1197 1725
1198 1447
1198 1657
1198 1665
1199 1494
1199 1632
1199 1663
1199 1831
1200 1238
1201 1842
1202 1256
1204 1741
1204 1867
1205 1246
1205 1662
1205 1917
1208 1675
1211 1239
1211 1871
1212 1919
1213 1661
1215 1522
1215 1581
1217 1724
1217 1807
1217 1808
1219 1492
1219 1691
1220 1541
1220 1836
1221 1887
1223 1747
1225 1962
1226 1354
1226 1428
1226 1734
1226 1907
1227 1246
1227 1927
1229 1898
1230 1419
1231 1512
1231 1907
1232 1237
1233 1255
1233 1634
1233 1750
1233 1844
1234 1362
1234 1677
1235 1527
1236 1369
1237 1360
1238 1612
1240 1882
1240 1974
1241 1263
1242 1727
1242 1762
1243 1312
1243 1917
1244 1610
1244 1744
1247 1250
1248 1412
1248 1650
1251 1387
1251 1518
1252 1386
1253 1649
1253 1870
1254 1598
1254 1685
1256 1303
1256 1415
1259 1639
1260 1948
1261 1481
1262 1757
1266 1507
1266 1898
1267 1570
1267 1956
1268 1294
1268 1698
1271 1791
1271 1929
1272 1372
1272 1782
1273 1298
1273 1710
1273 1734
1274 1404
1274 1782
1275 1840
1277 1689
1278 1785
1278 1836
1278 1842
1279 1493
1280 1321
1281 1720
1283 1400
1284 1613
1285 1752
1286 1963
1290 1295
1290 1357
1290 1810
1291 1562
1296 1472
1297 1366
1297 1890
1300 1709
1300 1959
1302 1436
1302 1723
1302 1757
1304 1798
1305 1520
1305 1636
1305 1932
1306 1586
1307 1423
1307 1439
1310 1634
1311 1585
1312 1422
1313 1585
1314 1460
1314 1765
1315 1492
1315 1774
1316 1384
1316 1500
1316 1642
1317 1692
1317 1861
1317 1874
1318 1944
1319 1430
1320 1469
1321 1325
1325 1580
1325 1671
1326 1420
1326 1430
1327 1561
1327 1872
1328 1339
1328 1343
1328 1690
1329 1855
1329 1873
1330 1363
1330 1423
1331 1422
1334 1731
1335 1545
1335 1667
1335 1735
1335 1756
1335 1917
1337 1488
1338 1645
1338 1731
1339 1820
1341 1454
1341 1510
1341 1662
1345 1676
1346 1480
1346 1690
1346 1709
1346 1908
1347 1731
1348 1626
1348 1698
1348 1925
1349 1931
1349 1943
1350 1416
1350 1544
1351 1747
1351 1968
1352 1537
1353 1869
1354 1724
1355 1515
1355 1624
1356 1715
1356 1852
1357 1740
1357 1780
1357 1931
1358 1371
1358 1640
1360 1373
1361 1756
1361 1899
1362 1586
1363 1677
1363 1796
1365 1860
1366 1464
1367 1512
1367 1597
1368 1530
1368 1753
1368 1824
1368 1843
1368 1962
1370 1517
1370 1605
1372 1797
1372 1899
1373 1666
1373 1833
1375 1417
1376 1532
1376 1539
1376 1754
1376 1795
1378 1565
1378 1669
1379 1974
1380 1430
1380 1756
1382 1802
1384 1806
1384 1883
1385 1712
1386 1398
1387 1596
1387 1652
1387 1709
1388 1515
1390 1745
1391 1423
1392 1466
1393 1875
1394 1691
1395 1947
1396 1758
1397 1745
1398 1585
1399 1509
1399 1882
1401 1568
1401 1570
1402 1428
1403 1914
1406 1541
1407 1637
1408 1672
1410 1425
1410 1809
1412 1693
1413 1734
1415 1792
1416 1751
1416 1879
1417 1481
1418 1486
1419 1423
1419 1890
1422 1446
1424 1440
1424 1844
1427 1626
1428 1596
1428 1741
1428 1853
1429 1501
1431 1784
1432 1760
1432 1793
1433 1608
1434 1525
1434 1969
1435 1893
1435 1894
1436 1886
1437 1673
1439 1581
1440 1632
1440 1737
1441 1500
1442 1680
1442 1763
1443 1776
1444 1867
1445 1932
1446 1608
1448 1775
1451 1493
1453 1963
1456 1862
1458 1787
1461 1818
1464 1695
1464 1846
1465 1779
1465 1917
1466 1777
1466 1803
1467 1604
1467 1899
1469 1533
1470 1508
1471 1723
1471 1758
1471 1950
1472 1882
1475 1479
1475 1523
1475 1636
1475 1802
1476 1947
1477 1735
1478 1903
1479 1713
1479 1890
1479 1897
1482 1570
1484 1815
1485 1668
1486 1587
1488 1659
1493 1673
1494 1608
1494 1834
1495 1523
1495 1592
1497 1701
1497 1702
1497 1759
1497 1766
1498 1948
1500 1765
1504 1783
1504 1922
1505 1712
1505 1767
1511 1553
1511 1623
1511 1960
1517 1850
1518 1610
1519 1631
1524 1856
1531 1554
1532 1761
1533 1559
1534 1611
1536 1882
1537 1842
1537 1958
1538 1582
1540 1627
1540 1860
1543 1750
1544 1828
1545 1634
1545 1662
1545 1811
1545 1929
1547 1624
1550 1745
1550 1747
1550 1854
1553 1571
1554 1806
1555 1589
1556 1906
1557 1643
1561 1892
1563 1759
1565 1796
1568 1830
1568 1868
1570 1716
1570 1755
1574 1681
1575 1732
1577 1812
1578 1680
1578 1887
1579 1724
1581 1753
1583 1594
1587 1831
1591 1694
1591 1771
1592 1819
1592 1904
1593 1893
1597 1675
1599 1734
1601 1892
1601 1922
1602 1665
1602 1963
1603 1828
1603 1905
1604 1682
1604 1702
1604 1759
1607 1709
1608 1761
1610 1614
1610 1615
1615 1841
1615 1949
1616 1661
1616 1706
1620 1669
1621 1720
1621 1826
1624 1636
1625 1908
1629 1964
1631 1694
1634 1845
1637 1752
1643 1683
1644 1808
1647 1926
1650 1708
1654 1827
1655 1752
1655 1898
1656 1921
1657 1776
1659 1820
1659 1936
1661 1732
1664 1837
1667 1963
1674 1859
1675 1681
1677 1925
1678 1748
1679 1958
1680 1798
1681 1877
1681 1961
1682 1844
1684 1890
1686 1892
1687 1744
1687 1822
1687 1835
1687 1951
1687 1965
1689 1956
1694 1816
1696 1827
1697 1919
1698 1715
1702 1733
1703 1865
1703 1911
1705 1783
1706 1758
1706 1965
1709 1808
1711 1720
1713 1904
1716 1953
1717 1728
1718 1880
1719 1915
1721 1812
1723 1760
1725 1775
1726 1772
1732 1787
1732 1936
1735 1947
1739 1773
1742 1965
1745 1851
1745 1894
1750 1821
1751 1770
1752 1870
1766 1864
1768 1891
1769 1849
1773 1828
1775 1946
1778 1792
1782 1938
1783 1854
1785 1845
1785 1870
1786 1934
1788 1815
1790 1831
1798 1902
1813 1963
1816 1846
1818 1945
1819 1878
1819 1963
1820 1917
1825 1835
1827 1866
1830 1832
1831 1878
1831 1934
1831 1972
1835 1882
1837 1842
1847 1850
1851 1905
1858 1872
1868 1966
1873 1880
1873 1958
1885 1910
1886 1940
1887 1950
1895 1942
1905 1945
1942 1957
