1953 11249
1 159
1 170
1 448
1 676
1 695
1 902
1 1012
1 1213
1 1223
1 1271
1 1374
1 1540
1 1884
1 1928
2 288
2 452
2 775
2 1400
2 1477
2 1526
2 1698
2 1900
3 125
3 182
3 232
3 567
3 793
3 1007
3 1050
3 1180
3 1585
3 1606
3 1778
4 31
4 330
4 337
4 1271
4 1313
4 1399
4 1561
5 158
5 220
5 451
5 583
5 910
5 1081
5 1107
5 1242
5 1269
5 1275
5 1345
5 1367
6 72
6 79
6 292
6 460
6 567
6 620
6 629
6 946
6 1020
6 1167
7 171
7 266
7 647
7 736
7 800
7 851
7 986
7 1004
7 1230
7 1294
8 230
8 479
8 503
8 542
8 658
8 879
8 888
8 914
8 927
8 1010
8 1250
8 1289
8 1306
8 1459
8 1661
9 737
9 738
9 777
9 1594
10 322
10 452
10 625
10 867
10 888
10 980
10 1188
10 1197
10 1497
10 1599
10 1729
10 1736
10 1833
10 1926
11 62
11 65
11 82
11 114
11 158
11 218
11 471
11 699
11 903
11 912
11 1072
11 1152
11 1551
11 1558
11 1575
11 1671
11 1717
12 312
12 750
12 769
12 1056
12 1100
12 1160
12 1213
12 1272
12 1612
13 81
13 450
13 570
13 1047
13 1081
13 1460
13 1477
13 1479
13 1566
13 1675
13 1783
14 83
14 551
14 567
14 794
14 1317
14 1327
14 1447
14 1454
14 1721
14 1809
15 66
15 99
15 130
15 294
15 330
15 693
15 700
15 1563
15 1592
15 1639
15 1680
15 1702
15 1764
15 1784
15 1837
16 263
16 386
16 417
16 640
16 831
16 890
16 954
16 998
16 1131
16 1307
16 1321
16 1519
16 1947
17 1035
17 1391
17 1718
17 1727
17 1873
17 1880
18 74
18 158
18 184
18 217
18 493
18 733
18 774
18 1056
18 1249
18 1357
18 1456
18 1494
18 1941
19 413
19 455
19 683
19 690
19 721
19 763
19 1249
19 1395
19 1409
19 1446
19 1810
19 1866
20 57
20 420
20 852
20 990
20 1017
20 1112
20 1501
20 1517
20 1892
20 1902
21 79
21 122
21 194
21 444
21 500
21 583
21 1193
21 1387
21 1520
21 1605
21 1761
21 1807
21 1942
22 107
22 222
22 235
22 295
22 334
22 357
22 376
22 441
22 823
22 1760
22 1871
22 1949
23 149
23 588
23 594
23 734
23 841
23 982
23 1172
23 1233
23 1328
23 1384
23 1669
23 1675
23 1710
23 1751
23 1825
23 1882
23 1887
24 34
24 63
24 473
24 584
24 599
24 942
24 1212
24 1700
25 61
25 94
25 246
25 331
25 693
25 791
25 913
25 1113
25 1152
25 1273
25 1514
25 1516
25 1684
25 1734
25 1859
25 1869
26 82
26 99
26 126
26 135
26 162
26 191
26 446
26 570
26 728
26 822
26 874
26 1437
27 64
27 75
27 88
27 125
27 243
27 302
27 430
27 507
27 509
27 692
27 1145
27 1317
27 1380
27 1518
27 1745
28 32
28 230
28 239
28 328
28 374
28 564
28 687
28 1195
28 1251
28 1309
28 1782
28 1933
29 89
29 220
29 319
29 394
29 530
29 737
29 856
29 859
29 967
29 1156
29 1207
29 1251
29 1601
30 136
30 240
30 423
30 643
30 1225
30 1554
30 1574
30 1626
30 1650
30 1923
31 547
31 829
31 861
31 928
31 1109
31 1165
31 1168
31 1199
31 1215
31 1241
31 1476
31 1731
31 1891
32 73
32 104
32 252
32 254
32 332
32 379
32 521
32 1412
32 1418
32 1432
32 1617
33 223
33 607
33 628
33 644
33 743
33 930
33 961
33 1581
33 1687
33 1798
33 1886
33 1898
33 1952
34 251
34 445
34 541
34 655
34 1489
34 1937
35 226
35 496
35 714
35 901
35 1072
35 1118
35 1402
35 1663
35 1735
35 1826
36 418
36 463
36 854
36 1239
36 1293
36 1333
36 1580
36 1642
37 120
37 327
37 764
37 1156
37 1212
37 1315
37 1477
37 1501
37 1570
37 1607
37 1711
37 1805
38 67
38 205
38 281
38 360
38 366
38 368
38 522
38 604
38 695
38 731
38 952
38 1122
38 1889
39 343
39 561
39 562
39 574
39 701
39 808
39 1096
39 1189
39 1393
39 1795
39 1867
40 125
40 249
40 442
40 501
40 507
40 799
40 843
40 1053
40 1063
40 1154
40 1228
40 1244
40 1326
40 1723
40 1782
41 176
41 205
41 287
41 310
41 485
41 660
41 788
41 797
41 1409
41 1785
41 1851
41 1874
41 1891
42 45
42 354
42 547
42 572
42 771
42 1040
42 1154
42 1234
42 1264
42 1388
42 1504
42 1853
43 157
43 211
43 289
43 420
43 507
43 910
43 986
43 1143
43 1644
43 1645
43 1758
43 1811
44 1180
44 1363
44 1412
44 1676
44 1687
44 1745
44 1943
45 158
45 239
45 721
45 754
45 1072
45 1135
45 1227
45 1234
45 1287
45 1587
45 1726
45 1930
46 75
46 393
46 517
46 823
46 1136
46 1159
46 1374
46 1449
46 1530
46 1559
46 1612
47 86
47 290
47 311
47 326
47 359
47 403
47 437
47 703
47 745
47 968
47 1132
47 1133
47 1554
47 1570
47 1632
48 154
48 583
48 675
48 869
48 1119
48 1120
48 1345
48 1349
48 1395
48 1472
48 1598
48 1607
48 1619
48 1677
48 1714
48 1777
48 1832
49 147
49 528
49 565
49 949
49 1732
49 1903
50 281
50 457
50 518
50 800
50 972
50 1657
50 1774
51 54
51 107
51 164
51 215
51 385
51 909
51 1202
51 1275
51 1408
51 1472
51 1557
51 1808
52 166
52 510
52 556
52 564
52 757
52 831
52 857
52 886
52 1000
52 1203
52 1368
52 1505
52 1530
52 1654
52 1834
53 131
53 255
53 258
53 424
53 494
53 846
53 1146
53 1235
53 1301
53 1377
53 1450
53 1792
53 1877
54 67
54 178
54 217
54 409
54 645
54 763
54 831
54 977
54 1078
54 1439
54 1478
54 1495
54 1623
54 1630
54 1768
54 1768
55 96
55 136
55 146
55 147
55 422
55 1269
55 1422
55 1696
55 1810
55 1870
55 1915
56 167
56 265
56 501
56 908
56 1365
56 1395
56 1599
56 1608
56 1880
57 140
57 281
57 500
57 501
57 540
57 693
57 949
58 187
58 896
58 1147
58 1592
58 1688
58 1746
58 1781
58 1815
58 1900
58 1925
59 84
59 149
59 234
59 432
59 453
59 681
59 882
59 1239
59 1409
59 1547
59 1600
59 1624
59 1734
59 1747
59 1949
60 445
60 465
60 508
60 880
60 1167
60 1364
60 1365
60 1529
60 1695
61 79
61 249
61 523
61 600
61 760
61 1288
61 1368
61 1508
62 329
62 369
62 409
62 544
62 744
62 949
62 1089
62 1192
62 1675
62 1847
63 132
63 332
63 491
63 583
63 696
63 903
63 1108
63 1371
63 1375
63 1797
64 139
64 193
64 1159
64 1269
64 1298
64 1782
64 1824
64 1876
65 123
65 333
65 424
65 435
65 731
65 792
65 848
65 922
65 1204
65 1209
65 1442
65 1576
65 1638
65 1725
65 1843
65 1874
66 224
66 392
66 416
66 603
66 707
66 853
66 1027
66 1072
66 1362
66 1374
66 1464
66 1488
66 1506
66 1522
66 1565
66 1572
66 1761
67 228
67 561
67 677
67 724
67 1044
67 1129
67 1158
67 1400
67 1415
67 1528
67 1565
67 1854
68 123
68 482
68 638
68 736
68 785
68 805
68 925
68 969
68 1064
68 1070
68 1572
68 1769
69 72
69 245
69 391
69 627
69 732
69 746
69 809
69 849
69 854
69 898
69 985
69 1049
69 1049
69 1067
69 1071
69 1486
69 1543
69 1577
69 1634
69 1665
69 1718
70 151
70 155
70 375
70 481
70 543
70 547
70 586
70 1145
70 1192
70 1209
70 1240
70 1260
70 1826
71 140
71 185
71 206
71 331
71 381
71 850
71 876
71 970
71 1212
71 1268
71 1610
71 1655
71 1809
71 1847
72 180
72 506
72 604
72 976
72 1165
72 1172
72 1216
72 1300
72 1476
72 1514
72 1595
72 1741
72 1815
72 1935
73 124
73 169
73 267
73 357
73 441
73 710
73 729
73 762
73 791
73 836
73 938
73 948
73 960
73 1216
73 1445
73 1513
73 1621
73 1737
73 1779
73 1879
73 1937
74 148
74 510
74 527
74 733
74 834
74 911
74 1089
74 1243
74 1269
74 1283
74 1344
74 1391
74 1650
75 80
75 345
75 391
75 505
75 591
75 1053
75 1113
75 1430
75 1592
75 1626
75 1649
75 1660
75 1730
75 1747
75 1825
75 1892
76 295
76 399
76 467
76 591
76 1081
76 1089
76 1151
76 1238
76 1351
76 1616
77 227
77 828
77 849
77 922
77 924
77 1144
77 1509
77 1838
78 356
78 987
78 1357
78 1752
78 1881
79 350
79 424
79 644
79 688
79 1011
79 1272
79 1822
80 248
80 390
80 411
80 435
80 733
80 753
80 1175
80 1433
80 1619
80 1761
80 1878
81 260
81 552
81 700
81 739
81 897
81 1007
81 1193
81 1202
81 1656
81 1824
82 217
82 397
82 397
82 401
82 843
82 985
82 1130
82 1158
82 1395
82 1419
82 1625
82 1750
83 563
83 842
83 1164
83 1423
83 1929
84 188
84 211
84 281
84 623
84 733
84 886
84 1320
84 1327
85 164
85 378
85 474
85 569
85 619
85 636
85 637
85 687
85 1207
85 1257
85 1361
85 1382
85 1443
85 1701
85 1852
85 1905
86 164
86 193
86 966
86 1187
86 1211
86 1554
86 1638
86 1671
86 1764
86 1912
87 450
87 523
87 655
87 723
87 785
87 853
87 899
87 1058
87 1769
87 1799
87 1821
88 335
88 700
88 881
88 1566
88 1746
89 114
89 488
89 801
89 805
89 924
89 1212
89 1259
89 1497
89 1546
89 1723
89 1817
90 695
90 894
90 1143
90 1332
90 1355
90 1575
90 1805
91 396
91 471
91 661
91 801
91 930
91 1125
91 1213
91 1252
91 1485
91 1597
91 1661
91 1805
92 95
92 130
92 269
92 341
92 519
92 606
92 611
92 784
92 862
92 1149
92 1396
92 1534
92 1745
92 1768
92 1906
93 96
93 133
93 212
93 235
93 891
93 1304
93 1349
93 1354
93 1465
93 1573
93 1636
94 108
94 133
94 237
94 377
94 653
94 800
94 1328
94 1586
94 1855
95 214
95 292
95 330
95 409
95 525
95 668
95 754
95 783
95 803
95 982
95 1482
95 1510
95 1570
95 1595
95 1597
95 1629
95 1641
95 1654
95 1935
96 146
96 185
96 344
96 607
96 641
96 672
96 749
96 1038
96 1548
96 1552
96 1572
97 605
97 878
97 1375
97 1425
97 1733
97 1918
98 226
98 421
98 492
98 620
98 738
98 976
98 1025
98 1149
98 1295
98 1332
98 1386
98 1748
98 1898
99 654
99 992
99 1006
99 1215
99 1228
99 1387
99 1526
99 1735
99 1793
99 1827
99 1930
100 309
100 658
100 717
100 808
100 1122
100 1225
100 1266
100 1427
100 1528
100 1657
100 1736
100 1815
100 1934
100 1949
101 125
101 1241
101 1424
101 1471
101 1505
101 1635
101 1744
101 1842
102 260
102 308
102 394
102 548
102 559
102 1258
102 1417
102 1580
102 1608
102 1640
102 1692
102 1763
102 1897
103 238
103 451
103 1127
103 1300
103 1482
104 494
104 760
104 813
104 1114
104 1437
104 1495
104 1534
104 1629
104 1640
105 133
105 152
105 271
105 344
105 503
105 586
105 616
105 732
105 1040
105 1094
105 1130
105 1211
105 1233
105 1622
105 1890
105 1951
106 409
106 890
106 938
106 1142
106 1236
106 1822
107 257
107 275
107 460
107 468
107 485
107 496
107 559
107 675
107 966
107 975
107 1196
107 1214
107 1305
107 1410
107 1774
108 198
108 495
108 1099
108 1266
108 1415
108 1601
108 1738
108 1910
108 1918
109 365
109 514
109 603
109 619
109 727
109 863
109 998
109 1280
109 1439
109 1516
109 1591
109 1623
109 1652
110 253
110 723
110 1041
110 1053
110 1278
110 1372
110 1494
110 1684
110 1804
110 1931
111 157
111 317
111 486
111 709
111 906
111 1018
111 1108
111 1183
111 1502
111 1653
112 364
112 497
112 528
112 1022
112 1048
112 1498
112 1528
112 1590
112 1649
112 1757
113 135
113 178
113 192
113 561
113 602
113 613
113 676
113 815
113 1157
113 1386
113 1521
113 1647
113 1688
113 1906
114 192
114 335
114 336
114 339
114 461
114 584
114 593
114 600
114 710
114 1129
114 1156
114 1436
114 1600
115 273
115 457
115 505
115 536
115 573
115 698
115 828
115 828
115 1093
115 1140
115 1238
115 1514
115 1549
115 1833
116 134
116 633
116 768
116 900
116 1308
116 1359
116 1557
116 1571
116 1582
116 1643
116 1815
116 1914
117 118
117 177
117 328
117 421
117 506
117 823
117 970
117 1029
117 1166
117 1166
117 1603
117 1724
117 1874
117 1886
118 194
118 441
118 515
118 669
118 950
118 1035
118 1040
118 1084
118 1125
118 1434
118 1467
118 1521
118 1549
118 1732
119 198
119 665
119 690
119 706
119 716
119 719
119 773
119 1253
119 1553
119 1635
120 198
120 452
120 581
120 588
120 621
120 703
120 711
120 901
120 1088
120 1172
120 1207
120 1225
120 1297
120 1317
120 1360
120 1416
120 1673
120 1807
120 1944
121 127
121 373
121 871
121 1437
121 1563
121 1735
121 1858
121 1952
122 222
122 363
122 383
122 637
122 809
122 1534
122 1636
123 644
123 707
123 835
123 862
123 1046
123 1117
123 1181
123 1464
123 1599
123 1666
123 1700
124 213
124 214
124 387
124 503
124 566
124 864
124 1129
124 1158
125 134
125 203
125 379
125 488
125 537
125 1165
125 1235
125 1281
125 1325
125 1354
125 1547
125 1673
125 1795
125 1857
126 235
126 369
126 455
126 482
126 636
126 748
126 1124
126 1142
126 1293
126 1375
126 1423
126 1443
126 1593
126 1665
127 273
127 391
127 450
127 554
127 597
127 879
127 885
127 1023
127 1155
127 1569
128 166
128 263
128 472
128 576
128 710
128 952
128 996
129 456
129 479
129 514
129 929
129 936
129 1011
129 1034
130 419
130 431
130 484
130 1028
130 1136
130 1207
130 1506
130 1521
130 1574
130 1611
130 1791
131 225
131 329
131 400
131 538
131 580
131 1201
131 1412
131 1591
131 1593
131 1719
131 1797
132 240
132 442
132 736
132 756
132 757
132 968
132 1262
133 464
133 526
133 529
133 679
133 707
133 712
133 713
133 1016
133 1234
133 1251
133 1741
133 1787
133 1813
134 313
134 360
134 422
134 431
134 741
134 803
134 935
134 954
134 1074
134 1396
134 1511
134 1670
134 1735
135 339
135 383
135 674
135 833
135 906
135 1270
135 1278
135 1452
135 1493
135 1509
135 1597
135 1683
135 1786
135 1886
136 150
136 225
136 260
136 417
136 515
136 655
136 899
136 929
136 954
136 1127
136 1317
136 1597
137 267
137 333
137 615
137 619
137 628
137 660
137 924
137 927
137 1072
137 1153
137 1520
137 1527
137 1870
138 164
138 469
138 479
138 581
138 730
138 839
138 1359
138 1802
138 1939
139 210
139 306
139 437
139 804
139 849
139 995
139 1077
139 1523
139 1544
139 1548
139 1784
140 295
140 321
140 513
140 779
140 894
140 1095
140 1901
141 276
141 364
141 418
141 562
141 793
141 850
141 1090
141 1171
141 1276
141 1362
141 1397
141 1627
141 1846
142 341
142 535
142 662
142 695
142 792
142 969
142 998
142 1010
142 1012
142 1020
142 1070
142 1190
142 1668
142 1806
142 1914
142 1944
143 424
143 543
143 552
143 582
143 962
143 1072
143 1313
143 1530
143 1561
143 1677
143 1830
143 1842
143 1861
143 1939
144 199
144 360
144 783
144 784
144 893
144 1186
144 1191
144 1210
144 1543
144 1613
144 1699
145 300
145 337
145 493
145 696
145 1074
145 1153
145 1180
145 1236
145 1283
145 1497
146 340
146 381
146 515
146 911
146 1115
146 1250
146 1913
147 244
147 335
147 398
147 455
147 566
147 1012
147 1213
147 1564
147 1668
147 1681
147 1834
148 540
148 768
148 1127
148 1329
148 1764
149 386
149 465
149 564
149 596
149 1033
149 1064
149 1172
149 1172
149 1312
149 1907
150 170
150 415
150 427
150 580
150 687
150 776
150 1034
150 1546
150 1593
151 220
151 278
151 281
151 420
151 533
151 809
151 1046
151 1225
151 1650
151 1713
151 1794
151 1926
152 249
152 758
152 966
152 1061
152 1131
152 1206
152 1390
152 1823
152 1861
152 1873
153 219
153 365
153 618
153 634
153 714
153 896
153 1198
153 1265
153 1378
153 1459
153 1609
153 1683
154 171
154 272
154 312
154 346
154 482
154 507
154 554
154 778
154 957
154 1055
154 1291
154 1550
154 1675
154 1680
155 522
155 992
155 1229
155 1375
155 1468
155 1589
155 1593
155 1638
156 213
156 228
156 239
156 653
156 769
156 831
156 838
156 1106
156 1357
157 549
157 790
157 824
157 1237
157 1544
157 1755
157 1855
158 204
158 413
158 473
158 671
158 1224
158 1521
158 1588
158 1730
159 676
159 697
159 777
159 846
159 887
159 960
159 985
159 1018
159 1278
159 1468
159 1516
160 181
160 441
160 554
160 567
160 1002
160 1023
160 1140
160 1333
160 1505
160 1617
160 1670
160 1768
160 1798
160 1817
161 275
161 466
161 569
161 1011
161 1140
161 1221
161 1347
161 1357
161 1537
161 1654
161 1663
161 1847
162 332
162 378
162 526
162 1050
162 1155
162 1186
162 1314
162 1497
163 406
163 564
163 617
163 845
163 849
163 871
163 1129
163 1697
163 1881
164 614
164 706
164 997
164 1225
164 1334
164 1359
164 1512
164 1679
164 1708
164 1948
165 374
165 642
165 698
165 1192
165 1267
165 1290
165 1337
165 1493
165 1534
165 1567
165 1725
166 260
166 493
166 531
166 604
166 864
166 931
166 984
166 1065
166 1233
166 1436
166 1696
166 1808
167 366
167 371
167 399
167 952
167 996
167 1157
167 1472
167 1698
167 1896
168 436
168 567
168 1177
168 1183
168 1451
169 776
169 783
169 1093
169 1096
169 1277
169 1731
169 1800
170 237
170 325
170 817
170 905
170 1157
170 1222
170 1245
170 1654
170 1791
171 199
171 222
171 246
171 401
171 506
171 784
171 1096
171 1255
171 1452
171 1505
171 1542
172 232
172 940
172 1299
172 1310
172 1315
172 1449
172 1504
172 1676
172 1700
172 1700
172 1768
173 496
173 574
173 828
173 842
173 991
173 1246
173 1265
173 1300
173 1525
173 1746
174 560
174 586
174 743
174 946
174 1137
174 1138
174 1153
174 1566
174 1601
174 1606
174 1646
174 1808
174 1917
175 996
175 1003
175 1013
175 1018
175 1173
175 1416
175 1459
175 1472
175 1519
175 1578
176 184
176 337
176 1136
176 1372
176 1484
176 1658
177 267
177 283
177 354
177 427
177 448
177 769
177 946
177 952
177 1196
177 1411
177 1438
177 1456
177 1640
177 1701
178 304
178 543
178 738
178 854
178 1157
178 1217
178 1435
178 1812
178 1916
179 232
179 556
179 778
179 1005
179 1358
179 1368
179 1888
179 1939
180 341
180 459
180 461
180 697
180 816
180 904
180 966
180 1556
180 1727
180 1836
181 196
181 230
181 628
181 708
181 834
181 910
181 1044
181 1093
181 1152
181 1168
181 1439
181 1793
182 295
182 347
182 458
182 907
182 1490
182 1498
182 1821
183 222
183 539
183 1043
183 1102
183 1288
183 1306
183 1381
183 1451
183 1694
183 1921
184 187
184 251
184 750
184 795
184 1404
184 1646
184 1786
184 1858
185 316
185 554
185 599
185 737
185 747
185 832
185 990
185 1012
185 1208
185 1534
185 1697
185 1937
186 656
186 818
186 1044
186 1203
186 1383
186 1645
186 1812
186 1932
187 370
187 740
187 1109
187 1195
187 1286
187 1339
187 1530
187 1699
187 1869
187 1888
188 193
188 748
188 843
188 1052
188 1160
188 1336
188 1591
188 1796
189 281
189 376
189 452
189 933
189 1065
189 1241
189 1334
189 1687
189 1923
190 754
190 793
190 939
190 994
190 995
190 1250
190 1577
191 359
191 513
191 818
191 1096
191 1578
191 1606
192 199
192 374
192 474
192 555
192 860
192 1359
192 1590
192 1851
193 501
193 800
193 1085
193 1719
193 1865
194 269
194 425
194 546
194 556
194 665
194 869
194 1179
194 1226
194 1568
194 1789
194 1831
194 1896
195 297
195 380
195 631
195 794
195 849
195 1522
195 1590
195 1695
195 1915
196 255
196 257
196 396
196 430
196 464
196 804
196 973
196 1201
196 1273
196 1324
196 1344
196 1347
196 1480
196 1736
197 207
197 526
197 667
197 975
197 1258
197 1307
197 1449
197 1551
197 1695
197 1893
198 443
198 573
198 777
198 897
198 1098
198 1224
198 1452
198 1894
198 1917
199 296
199 566
199 734
199 945
199 1577
199 1645
199 1760
199 1774
199 1807
200 244
200 345
200 467
200 573
200 914
200 978
200 1171
200 1292
200 1321
200 1619
200 1653
200 1804
201 243
201 257
201 542
201 614
201 624
201 633
201 710
201 720
201 780
201 925
201 1052
201 1088
201 1403
202 223
202 651
202 655
202 690
202 819
202 836
202 1140
202 1164
202 1168
202 1398
202 1583
202 1849
202 1879
202 1950
203 210
203 396
203 409
203 448
203 480
203 644
203 690
203 836
203 1167
203 1322
203 1362
203 1411
203 1497
203 1636
203 1851
204 307
204 352
204 426
204 545
204 551
204 762
204 818
204 1340
204 1356
204 1382
204 1455
204 1561
204 1795
205 206
205 213
205 245
205 440
205 571
205 631
205 654
205 769
205 1029
205 1123
205 1167
205 1341
205 1364
205 1371
205 1411
205 1732
206 500
206 533
206 558
206 742
206 793
206 795
206 908
206 965
206 1189
206 1367
206 1639
207 651
207 788
207 792
207 1179
207 1193
207 1308
207 1602
207 1603
207 1715
207 1722
207 1904
208 416
208 419
208 427
208 720
208 1089
208 1117
208 1189
208 1194
208 1683
208 1859
208 1913
209 217
209 258
209 948
209 1051
209 1202
209 1645
209 1888
210 286
210 322
210 471
210 567
210 745
210 818
210 923
210 1014
210 1125
210 1137
210 1198
210 1407
211 298
211 393
211 503
211 689
211 902
211 980
211 1102
211 1188
211 1310
211 1312
211 1316
211 1323
211 1800
211 1804
211 1844
212 321
212 327
212 436
212 534
212 622
212 730
212 810
212 841
212 1488
212 1776
213 298
213 613
213 1043
213 1360
213 1429
213 1430
213 1471
213 1658
213 1711
213 1814
214 519
214 645
214 804
214 891
214 1044
214 1330
214 1430
214 1516
214 1520
214 1603
214 1923
214 1932
215 671
215 791
215 943
215 1158
215 1181
215 1413
215 1561
215 1914
216 529
216 660
216 669
216 838
216 978
216 1023
216 1176
216 1223
216 1495
216 1830
216 1916
217 439
217 467
217 483
217 571
217 581
217 596
217 683
217 868
217 898
217 1815
217 1822
218 265
218 570
218 670
218 728
218 901
218 1402
218 1781
218 1805
218 1827
219 234
219 242
219 417
219 543
219 728
219 1259
219 1307
219 1443
219 1451
219 1460
219 1514
219 1550
219 1566
219 1581
219 1711
219 1903
219 1949
220 241
220 273
220 403
220 917
220 922
220 1101
220 1103
220 1243
220 1704
220 1836
220 1842
221 330
221 398
221 662
221 805
221 1278
221 1331
221 1431
221 1479
221 1542
221 1795
222 661
222 1231
222 1369
222 1645
223 240
223 551
223 624
223 906
223 962
223 1001
223 1001
223 1004
223 1184
223 1242
223 1662
223 1726
224 338
224 502
224 503
224 527
224 555
224 604
224 611
224 664
224 1138
224 1182
224 1411
224 1534
224 1644
224 1731
224 1796
224 1906
225 461
225 581
225 806
225 1497
226 688
226 972
226 1181
226 1570
226 1591
226 1638
226 1762
227 358
227 454
227 619
227 769
227 810
227 911
227 995
227 1004
227 1210
227 1338
227 1405
227 1601
228 581
228 639
228 644
228 865
228 1154
228 1451
228 1560
228 1616
228 1621
228 1871
228 1873
229 264
229 297
229 396
229 398
229 407
229 592
229 667
229 1115
229 1330
229 1538
229 1584
229 1752
230 627
230 1109
230 1124
230 1293
230 1408
230 1437
230 1655
230 1856
230 1912
231 361
231 419
231 427
231 454
231 593
231 722
231 844
231 1052
231 1152
231 1219
231 1568
231 1685
231 1888
232 360
232 393
232 500
232 518
232 573
232 957
232 1166
232 1511
232 1727
232 1735
233 254
233 409
233 509
233 1115
233 1146
233 1195
233 1444
233 1445
233 1740
234 470
234 484
234 535
234 1060
234 1169
234 1333
234 1413
234 1580
235 427
235 734
235 793
235 987
235 1007
235 1007
235 1062
235 1184
235 1332
235 1590
235 1868
236 262
236 330
236 448
236 467
236 675
236 816
236 1175
236 1241
236 1651
237 523
237 534
237 989
237 1389
237 1905
237 1913
237 1935
237 1948
238 253
238 411
238 501
238 513
238 529
238 550
238 810
238 910
238 1066
238 1094
238 1138
238 1260
238 1542
238 1567
238 1725
238 1804
238 1908
239 424
239 447
239 540
239 562
239 1068
239 1242
239 1485
239 1708
239 1761
239 1777
239 1853
240 538
240 730
240 939
240 943
240 1312
240 1434
240 1785
240 1795
240 1936
241 254
241 548
241 561
241 612
241 630
241 785
241 788
241 899
241 1107
241 1421
241 1655
241 1702
241 1726
241 1875
241 1886
242 246
242 417
242 654
242 722
242 1024
242 1031
242 1358
242 1450
243 260
243 395
243 407
243 695
243 785
243 789
243 972
243 1026
243 1062
243 1201
243 1432
243 1689
243 1872
244 279
244 302
244 470
244 500
244 789
244 910
244 1017
244 1243
244 1276
244 1393
244 1448
244 1793
244 1939
245 369
245 482
245 746
245 771
245 882
245 1093
245 1166
245 1498
245 1524
245 1635
245 1820
245 1884
246 261
246 717
246 745
246 1196
246 1551
246 1732
246 1901
247 261
247 319
247 375
247 472
247 814
247 829
247 1211
247 1454
247 1552
247 1557
247 1593
247 1691
247 1856
247 1903
247 1948
248 479
248 536
248 756
248 818
248 832
248 834
248 999
248 1013
249 337
249 382
249 507
249 1143
249 1313
249 1399
249 1785
249 1834
249 1884
250 295
250 456
250 553
250 616
250 696
250 763
250 780
250 822
250 905
250 1204
250 1252
250 1441
250 1626
251 334
251 1006
251 1192
251 1248
251 1374
251 1508
251 1620
251 1748
251 1832
251 1838
251 1873
251 1943
252 373
252 420
252 551
252 562
252 730
252 868
252 1056
252 1150
252 1712
252 1822
252 1875
252 1884
252 1939
252 1940
253 360
253 443
253 598
253 637
253 783
253 913
253 1481
253 1627
253 1684
253 1690
254 279
254 343
254 640
254 797
254 1063
254 1457
254 1575
255 318
255 640
255 898
255 1020
255 1157
255 1197
255 1233
255 1238
255 1294
255 1329
255 1333
255 1763
256 373
256 625
256 639
256 819
256 821
256 1065
256 1077
256 1224
256 1227
256 1365
256 1376
257 510
257 1095
257 1521
257 1772
258 1190
258 1247
258 1337
258 1349
258 1374
258 1400
258 1471
258 1578
258 1642
258 1746
258 1949
259 331
259 385
259 546
259 836
259 846
259 856
259 932
259 944
259 1110
259 1293
259 1456
259 1817
259 1871
260 523
260 786
260 1024
260 1056
260 1196
260 1255
260 1319
260 1539
260 1566
260 1627
260 1651
260 1814
261 315
261 814
261 1222
261 1240
261 1288
261 1354
261 1755
261 1809
261 1832
262 594
262 945
262 1024
262 1683
262 1783
263 368
263 451
263 472
263 485
263 686
263 1104
263 1380
263 1777
263 1835
264 285
264 567
264 678
264 767
264 1024
264 1107
264 1166
264 1398
264 1614
264 1952
265 651
265 803
265 823
265 857
265 918
265 1022
265 1219
265 1246
265 1273
265 1510
265 1512
265 1624
265 1762
266 267
266 523
266 725
266 1084
266 1463
266 1620
266 1664
266 1692
266 1701
266 1855
266 1900
267 393
267 419
267 616
267 849
267 977
267 1033
267 1077
267 1086
267 1219
267 1509
267 1760
267 1812
267 1814
267 1818
268 448
268 488
268 1182
268 1187
268 1226
268 1347
268 1557
269 330
269 509
269 913
269 938
269 1117
269 1202
269 1494
269 1595
269 1729
270 933
270 970
270 1001
270 1254
270 1454
270 1667
270 1806
270 1918
271 298
271 1119
271 1222
271 1403
271 1509
271 1806
271 1927
272 288
272 502
272 560
272 594
272 717
272 902
272 1133
272 1183
272 1205
272 1351
272 1430
272 1451
272 1756
272 1879
273 586
273 690
273 1324
273 1876
273 1920
274 286
274 326
274 505
274 511
274 523
274 556
274 722
274 787
274 988
274 1574
274 1763
274 1944
275 375
275 412
275 729
275 861
275 912
275 1008
275 1365
275 1777
276 459
276 574
276 588
276 589
276 744
276 844
276 1290
276 1489
276 1544
276 1725
276 1894
276 1942
277 289
277 409
277 728
277 760
277 916
277 1000
277 1033
277 1255
277 1358
277 1449
277 1610
277 1763
277 1888
278 450
278 569
278 716
278 716
278 906
278 977
278 978
278 1309
278 1458
278 1689
278 1751
279 372
279 672
279 807
279 945
279 1142
279 1160
279 1420
279 1696
279 1901
280 381
280 559
280 793
280 796
280 847
280 953
280 968
280 1002
280 1267
280 1513
280 1805
280 1814
281 326
281 366
281 751
281 817
281 826
281 844
281 861
281 942
281 1493
281 1668
281 1840
281 1893
282 938
282 1171
282 1214
282 1216
282 1286
282 1504
282 1701
282 1820
283 367
283 420
283 689
283 711
283 778
283 823
283 914
283 1188
283 1827
284 549
284 732
284 786
284 1331
284 1335
284 1758
284 1813
284 1871
284 1872
285 380
285 481
285 531
285 559
285 607
285 626
285 630
285 719
285 782
285 1039
285 1317
285 1431
285 1554
285 1582
285 1756
285 1827
285 1871
286 594
286 690
286 863
286 982
286 1012
286 1014
286 1123
286 1215
286 1395
286 1462
286 1597
286 1801
287 461
287 574
287 782
287 898
287 1048
287 1143
287 1296
287 1859
287 1884
288 593
288 851
288 1121
288 1397
288 1488
288 1498
288 1614
288 1695
288 1777
288 1783
288 1800
288 1827
288 1889
288 1921
289 294
289 597
289 865
289 1150
289 1446
289 1469
289 1503
289 1782
289 1782
289 1929
290 407
290 482
290 860
290 872
290 926
290 1259
290 1320
290 1579
290 1754
291 463
291 485
291 590
291 776
291 855
291 858
291 1032
291 1139
291 1211
291 1278
291 1388
291 1574
291 1655
292 366
292 393
292 884
292 930
292 1345
292 1463
292 1471
292 1843
292 1870
293 761
293 799
293 847
293 1070
293 1120
293 1286
293 1404
293 1504
293 1921
294 366
294 438
294 569
294 818
294 919
294 1060
294 1173
294 1575
294 1626
294 1658
296 563
296 612
296 689
296 693
296 871
296 1049
296 1112
296 1122
296 1198
296 1288
296 1356
296 1549
296 1554
296 1899
297 319
297 370
297 434
297 441
297 541
297 1327
297 1599
298 650
298 691
298 784
298 879
298 1010
298 1106
298 1270
298 1328
298 1791
298 1848
299 305
299 490
299 558
299 613
299 931
299 1107
299 1378
300 447
300 594
300 625
300 630
300 713
300 743
300 1016
300 1035
300 1143
300 1385
300 1501
301 336
301 606
301 706
301 1180
301 1234
301 1439
301 1533
301 1951
302 437
302 464
302 492
302 675
302 676
302 682
302 827
302 1066
302 1315
302 1321
302 1815
303 702
303 760
303 843
303 850
303 938
303 1040
303 1085
303 1124
303 1219
303 1427
303 1440
303 1505
303 1680
303 1932
304 328
304 636
304 826
304 846
304 1077
304 1226
304 1251
305 705
305 1152
305 1282
305 1332
305 1337
305 1352
305 1419
305 1654
305 1795
306 416
306 425
306 609
306 646
306 939
306 1300
306 1377
306 1447
306 1560
306 1629
307 363
307 457
307 612
307 831
307 928
307 1249
307 1274
307 1290
307 1412
307 1870
307 1871
308 428
308 787
308 893
308 1028
308 1099
308 1106
308 1341
308 1371
308 1624
308 1910
309 557
309 762
309 862
309 880
309 1092
309 1104
309 1296
309 1480
309 1554
310 516
310 679
310 707
310 876
310 933
310 1040
310 1050
310 1142
310 1353
310 1415
310 1715
310 1875
310 1953
311 428
311 463
311 596
311 756
311 1118
311 1122
311 1227
311 1240
311 1242
311 1387
311 1492
312 999
312 1022
312 1105
312 1288
312 1482
312 1551
313 655
313 676
313 956
313 1283
313 1540
313 1629
313 1635
313 1833
313 1926
314 321
314 453
314 528
314 878
314 900
314 1285
314 1302
314 1374
314 1479
314 1532
314 1682
314 1929
315 381
315 385
315 804
315 1270
315 1398
315 1399
315 1489
315 1528
315 1580
315 1657
316 521
316 604
316 726
316 892
316 1274
316 1442
316 1512
316 1687
317 406
317 608
317 643
317 665
317 698
317 792
317 974
317 1105
317 1133
317 1181
317 1241
317 1259
317 1367
317 1625
317 1672
317 1759
317 1845
317 1945
318 586
318 811
318 1324
319 552
319 690
319 811
319 852
319 1396
319 1632
319 1907
320 407
320 505
320 563
320 608
320 890
320 1323
320 1621
320 1730
320 1809
320 1941
321 356
321 844
321 1016
321 1066
321 1311
321 1750
322 697
322 968
322 976
322 1336
322 1417
322 1933
323 529
323 653
323 850
323 1024
323 1042
323 1047
323 1448
324 616
324 835
324 1633
324 1654
324 1952
325 687
325 1083
325 1163
325 1360
325 1419
325 1425
325 1573
325 1701
325 1737
325 1814
325 1854
326 453
326 555
326 630
326 994
326 1116
326 1456
326 1464
326 1521
326 1524
326 1837
326 1917
327 424
327 552
327 586
327 730
327 812
327 1053
327 1156
327 1231
327 1240
327 1515
327 1534
327 1715
327 1768
327 1795
327 1848
327 1881
327 1946
328 751
328 856
328 1629
328 1755
329 673
329 679
329 1014
329 1024
329 1160
329 1206
329 1222
329 1347
329 1501
329 1634
329 1944
330 444
330 592
330 845
330 883
330 1168
330 1206
330 1516
330 1724
330 1932
331 467
331 510
331 737
331 750
331 995
331 1776
331 1837
331 1950
332 366
332 1273
332 1277
332 1528
332 1726
333 402
333 430
333 557
333 596
333 620
333 858
333 1061
333 1208
333 1468
333 1495
333 1511
333 1644
333 1796
333 1822
334 379
334 422
334 580
334 900
334 960
334 1059
334 1165
334 1203
334 1272
334 1469
334 1537
334 1736
334 1847
334 1905
335 561
335 703
335 762
335 1290
335 1442
335 1582
335 1796
336 444
336 526
336 643
336 727
336 753
336 1424
336 1556
336 1615
336 1791
337 400
337 502
337 567
337 575
337 700
337 1058
337 1584
337 1637
338 630
338 706
338 823
338 960
338 1007
338 1093
338 1208
338 1304
338 1556
338 1826
338 1865
339 638
339 810
339 889
339 981
339 999
339 1400
339 1562
339 1614
340 507
340 774
340 793
340 795
340 1210
340 1435
340 1634
340 1756
340 1860
340 1922
341 369
341 478
341 511
341 546
341 898
341 1172
341 1305
341 1318
341 1457
341 1573
341 1575
341 1668
341 1778
341 1857
342 347
342 350
342 577
342 783
342 872
342 1035
342 1120
342 1418
342 1675
343 559
343 599
343 947
343 973
343 1088
343 1326
343 1346
343 1386
343 1948
344 609
344 988
344 1298
344 1438
344 1551
344 1631
344 1646
344 1746
344 1861
345 408
345 452
345 734
345 740
345 743
345 1250
345 1298
345 1859
346 680
346 829
346 871
346 1182
346 1197
346 1930
346 1949
347 425
347 466
347 1106
347 1393
347 1599
348 574
348 697
348 713
348 994
348 1664
349 476
349 644
349 722
349 1084
349 1415
349 1517
349 1619
349 1826
349 1944
350 612
350 707
350 786
350 872
350 1193
350 1349
350 1735
350 1850
351 373
351 683
351 954
351 1150
351 1301
351 1427
351 1600
352 372
352 527
352 606
352 676
352 701
352 778
352 1257
352 1487
352 1496
352 1535
352 1882
353 401
353 420
353 576
353 606
353 947
353 1221
353 1680
353 1750
353 1837
353 1906
354 408
354 412
354 801
354 965
354 1146
354 1175
354 1348
354 1598
354 1884
355 640
355 675
355 675
355 1103
355 1140
355 1661
355 1712
355 1885
356 612
356 687
356 785
356 1254
356 1341
356 1353
356 1365
356 1430
356 1609
356 1825
356 1863
356 1898
357 645
357 656
357 926
357 1023
357 1171
357 1444
357 1585
357 1698
357 1776
358 481
358 512
358 854
358 929
358 1060
358 1066
358 1477
358 1515
358 1951
359 436
359 650
359 1076
359 1137
359 1169
359 1174
359 1390
359 1457
359 1629
359 1720
360 383
360 415
360 727
360 770
360 836
360 930
360 947
360 1194
360 1576
360 1628
360 1774
360 1889
360 1907
361 486
361 557
361 580
361 597
361 880
361 983
361 1102
361 1412
361 1457
361 1490
361 1680
361 1726
361 1936
362 640
362 692
362 698
362 1029
362 1542
362 1543
362 1603
362 1611
362 1675
362 1951
363 458
363 544
363 908
363 1098
363 1103
363 1523
363 1542
363 1691
363 1762
363 1873
364 860
364 906
364 1050
364 1291
364 1435
364 1652
364 1657
365 388
365 447
365 706
365 1365
365 1652
365 1674
365 1702
366 478
366 571
366 582
366 666
366 709
366 902
366 1393
366 1482
366 1641
366 1835
367 434
367 810
367 871
367 1093
367 1428
367 1555
367 1580
367 1715
367 1733
367 1802
367 1804
368 773
368 950
368 1046
368 1081
368 1237
368 1339
368 1871
369 401
369 427
369 528
369 873
369 1101
369 1251
369 1264
369 1285
369 1329
369 1437
369 1444
369 1504
369 1511
370 469
370 493
370 520
370 930
370 1085
370 1545
370 1696
370 1846
371 464
371 758
371 893
371 1153
371 1301
371 1333
371 1594
371 1758
371 1800
372 423
372 595
372 637
372 728
372 914
372 1674
372 1901
372 1912
373 376
373 467
373 599
373 738
373 1197
373 1229
373 1265
373 1593
373 1916
374 410
374 596
374 664
374 781
374 940
374 975
374 1129
374 1269
374 1550
374 1581
374 1688
374 1827
374 1863
374 1911
375 458
375 511
375 567
375 846
375 1557
375 1746
375 1919
376 767
376 787
376 1175
376 1199
376 1942
377 415
377 426
377 485
377 620
377 723
377 736
377 1006
377 1091
377 1145
377 1190
377 1263
377 1690
378 908
378 1201
378 1554
378 1652
378 1656
379 448
379 1067
379 1115
379 1193
379 1600
379 1925
380 556
380 710
380 827
380 991
380 1390
380 1473
380 1814
380 1840
381 718
381 899
381 1205
381 1300
381 1339
381 1609
381 1714
382 665
382 845
382 903
382 979
382 1015
382 1083
382 1092
382 1324
382 1749
382 1824
383 411
383 622
383 999
383 1492
383 1768
383 1903
384 598
384 719
384 742
384 920
384 1086
384 1149
384 1219
384 1693
384 1818
384 1837
385 566
385 610
385 759
385 908
385 1252
385 1301
385 1302
385 1410
385 1579
385 1719
385 1769
385 1924
386 452
386 637
386 665
386 1421
386 1550
386 1650
386 1696
386 1702
386 1710
386 1897
387 498
387 615
387 1037
387 1542
387 1654
387 1896
388 872
388 935
388 1287
388 1345
388 1377
388 1429
388 1538
388 1560
388 1666
388 1668
388 1789
388 1870
389 442
389 445
389 1215
389 1219
389 1362
389 1545
390 1199
390 1356
390 1445
390 1472
390 1882
391 903
391 1007
391 1011
391 1061
391 1089
391 1255
391 1282
391 1408
391 1741
391 1775
391 1863
391 1929
392 425
392 804
392 954
392 1127
392 1253
392 1579
392 1655
392 1683
392 1715
392 1775
392 1806
393 756
393 1091
393 1344
393 1574
393 1630
393 1702
393 1892
394 450
394 530
394 794
394 936
394 1012
394 1091
394 1338
394 1618
394 1816
394 1865
395 518
395 655
395 838
395 1111
395 1542
395 1613
395 1674
395 1711
395 1840
396 479
396 912
396 1152
396 1451
396 1503
396 1689
396 1817
396 1860
397 430
397 480
397 769
397 1083
397 1409
397 1414
397 1458
397 1586
397 1697
397 1745
398 575
398 668
398 890
398 1589
398 1648
398 1793
399 611
399 762
399 984
399 1087
399 1151
399 1195
399 1196
399 1241
399 1287
399 1744
400 545
400 785
400 814
400 912
400 1179
400 1409
400 1590
401 452
401 475
401 523
401 545
401 682
401 721
401 782
401 1054
401 1095
401 1119
401 1162
401 1170
401 1402
401 1531
401 1579
401 1626
401 1883
402 491
402 540
402 899
402 1287
402 1310
402 1575
402 1686
402 1934
403 829
403 1137
403 1166
403 1648
404 832
404 1168
404 1171
404 1247
404 1457
405 564
405 624
405 900
405 1256
405 1393
405 1476
405 1478
405 1537
405 1665
405 1735
405 1749
405 1882
406 1096
406 1246
406 1452
406 1494
406 1657
406 1704
406 1719
407 670
407 702
407 830
407 946
407 969
407 1540
407 1617
408 695
408 1452
408 1540
408 1586
408 1666
408 1788
408 1882
409 656
409 975
409 1005
409 1129
409 1140
409 1169
409 1903
410 509
410 615
410 624
410 730
410 753
410 1221
410 1503
410 1545
410 1583
410 1604
411 429
411 547
411 600
411 686
411 994
411 1121
411 1259
411 1553
411 1855
412 528
412 721
412 799
412 914
412 1606
412 1618
412 1717
412 1790
412 1819
413 457
413 526
413 1008
413 1063
413 1155
413 1193
413 1299
413 1587
413 1597
413 1661
413 1726
414 512
414 601
414 646
414 693
414 814
414 849
414 1151
414 1488
414 1577
415 980
415 1342
415 1464
415 1517
415 1596
415 1809
416 496
416 902
416 1020
416 1068
416 1186
416 1343
416 1448
416 1456
416 1520
416 1578
416 1722
416 1787
416 1869
416 1887
417 439
417 573
417 905
417 1092
417 1103
417 1208
417 1403
417 1453
417 1556
417 1583
417 1718
417 1786
418 601
418 641
418 839
418 1190
418 1454
418 1468
418 1905
419 708
419 779
419 1123
419 1166
419 1231
419 1281
419 1324
419 1420
419 1679
419 1844
419 1861
420 454
420 805
420 835
420 943
420 1176
420 1363
420 1379
420 1393
420 1413
420 1655
420 1658
420 1723
420 1784
420 1908
421 504
421 704
421 812
421 1029
421 1291
421 1555
421 1615
421 1683
421 1690
422 703
422 740
422 769
422 848
422 1215
422 1347
422 1698
422 1738
422 1771
422 1804
423 699
423 1059
423 1133
423 1259
423 1524
423 1604
423 1750
423 1887
424 628
424 685
424 1311
424 1360
425 601
425 760
425 914
425 1060
425 1221
425 1239
425 1250
425 1291
425 1358
425 1467
426 666
426 761
426 894
426 1119
426 1188
426 1429
426 1433
426 1617
426 1888
426 1924
427 597
427 721
427 1026
427 1325
427 1401
427 1557
428 716
428 850
428 903
428 981
428 1087
428 1558
428 1614
428 1637
428 1774
428 1783
428 1891
429 431
429 817
429 827
429 971
429 1207
429 1550
429 1626
429 1648
429 1750
429 1921
430 476
430 1675
431 438
431 510
431 606
431 923
431 1062
431 1116
431 1364
431 1463
432 476
432 663
432 795
432 1088
432 1551
432 1917
433 607
433 666
433 673
433 696
433 729
433 847
433 1000
433 1160
433 1189
433 1388
433 1739
434 742
434 1208
434 1350
434 1410
434 1514
434 1579
434 1670
434 1697
434 1871
434 1929
435 656
435 715
435 867
435 1090
435 1531
435 1535
435 1664
435 1720
435 1758
435 1873
435 1885
436 583
436 656
436 745
436 923
436 1035
436 1311
436 1464
436 1682
436 1714
436 1788
436 1835
436 1840
436 1842
437 511
437 586
437 1030
437 1200
437 1240
437 1550
437 1776
437 1788
438 1383
438 1599
438 1940
439 660
439 673
439 809
439 875
439 900
439 996
439 1007
439 1197
439 1664
440 575
440 637
440 645
440 701
440 800
440 834
440 897
440 913
440 1048
440 1297
440 1820
440 1945
441 499
441 506
441 559
441 908
441 1140
441 1523
441 1652
441 1714
442 634
442 904
442 1058
442 1145
442 1245
442 1305
442 1515
442 1520
442 1938
443 841
443 862
443 1003
443 1108
443 1144
443 1225
443 1371
443 1499
443 1645
443 1877
444 683
444 999
444 1605
444 1608
444 1708
444 1828
444 1904
445 563
445 575
445 639
445 666
445 675
445 677
445 1152
445 1412
445 1523
445 1743
445 1890
446 522
446 670
446 756
446 989
446 1030
446 1061
446 1102
446 1204
446 1216
446 1839
446 1925
447 564
447 614
447 696
447 855
447 1178
447 1529
447 1547
447 1624
447 1804
448 547
448 647
448 800
448 1227
448 1355
448 1390
448 1395
448 1522
448 1777
449 1033
449 1059
449 1113
449 1219
449 1569
449 1659
450 611
450 726
450 782
450 835
450 881
450 974
450 1091
450 1103
450 1383
450 1622
450 1697
451 1185
451 1186
451 1706
451 1773
451 1838
452 472
452 1179
452 1358
452 1408
452 1775
453 764
453 768
453 803
453 856
453 875
453 1185
453 1440
453 1602
453 1714
453 1717
453 1742
454 460
454 548
454 601
454 1292
454 1608
454 1624
454 1654
455 637
455 713
455 978
455 993
455 1232
455 1242
455 1428
455 1722
455 1791
456 794
456 1030
456 1117
456 1193
456 1405
456 1522
456 1567
456 1908
457 545
457 877
457 946
457 1091
457 1572
457 1734
457 1866
458 605
458 630
458 815
458 823
458 969
458 1172
458 1383
458 1631
459 618
459 979
459 1215
459 1263
459 1303
459 1395
459 1567
459 1604
459 1712
459 1713
459 1843
460 984
460 1481
460 1618
461 495
461 499
461 646
461 659
461 772
461 883
461 893
461 897
461 930
461 1005
461 1120
461 1605
461 1814
462 1003
462 1184
462 1270
462 1428
462 1559
462 1589
462 1930
463 494
463 500
463 550
463 581
463 1083
463 1457
463 1611
463 1825
464 621
464 643
464 870
464 879
464 1098
464 1189
464 1355
464 1426
464 1498
464 1559
464 1624
464 1824
464 1841
464 1889
464 1944
465 698
465 735
465 743
465 989
465 1240
465 1299
465 1301
465 1530
465 1834
465 1936
466 717
466 771
466 1484
466 1635
467 557
467 706
467 876
467 944
467 1258
467 1302
467 1673
467 1822
468 617
468 845
468 1301
468 1344
468 1512
468 1523
468 1865
469 742
469 768
469 893
469 969
469 1504
469 1646
469 1728
469 1935
470 582
470 1057
470 1167
470 1207
470 1382
470 1941
471 545
471 750
471 862
471 934
471 980
471 1215
471 1553
471 1805
472 592
472 991
472 1049
472 1130
472 1329
472 1868
472 1887
473 496
473 672
473 721
473 982
473 999
473 1183
473 1289
473 1462
473 1767
474 647
474 887
474 972
474 1019
474 1233
474 1314
474 1587
474 1658
475 614
475 654
475 740
475 870
475 996
475 1019
475 1023
475 1034
475 1099
475 1371
475 1463
476 533
476 888
476 1008
476 1093
476 1313
476 1429
476 1712
476 1938
477 692
477 915
477 1578
477 1661
477 1740
477 1875
478 648
478 967
478 1117
478 1131
478 1239
478 1380
478 1637
478 1700
478 1789
478 1947
479 536
479 562
479 606
479 655
479 789
479 1116
479 1181
479 1193
479 1212
479 1546
479 1573
479 1642
479 1679
480 561
480 1119
480 1156
480 1252
480 1443
480 1489
480 1754
480 1947
481 811
481 847
481 963
481 1218
481 1341
482 611
482 1546
482 1738
483 628
483 750
483 1086
483 1103
483 1230
483 1703
483 1825
483 1863
484 516
484 519
484 670
484 705
484 978
484 1141
484 1217
484 1413
484 1729
485 581
485 688
485 1196
485 1335
485 1473
485 1493
485 1781
485 1837
486 492
486 841
486 1029
486 1247
486 1501
486 1765
486 1852
487 930
487 1149
487 1578
487 1953
488 598
488 676
488 979
488 1105
488 1121
488 1276
488 1391
488 1449
488 1519
488 1648
488 1839
489 639
489 735
489 820
489 1022
489 1200
489 1255
489 1262
489 1483
489 1770
489 1825
490 761
490 819
490 869
490 1108
490 1196
490 1720
491 519
491 728
491 782
491 837
491 844
491 863
491 1095
491 1179
491 1471
491 1502
491 1535
492 516
492 519
492 688
492 864
492 928
492 1213
492 1495
492 1504
492 1655
492 1866
493 1012
493 1119
493 1448
493 1540
493 1656
493 1680
493 1819
494 531
494 768
494 1340
494 1362
494 1479
494 1559
494 1637
494 1948
495 659
495 962
495 1049
495 1133
495 1505
495 1673
495 1742
496 1092
496 1100
496 1165
496 1373
496 1508
496 1693
496 1848
497 610
497 638
497 947
497 1520
497 1707
497 1922
498 855
498 935
498 1034
498 1109
498 1179
498 1201
498 1248
498 1406
499 501
499 555
499 765
499 977
499 1428
499 1504
499 1627
499 1714
499 1804
499 1838
500 677
500 741
500 756
500 1084
500 1476
500 1481
500 1676
500 1708
500 1792
500 1854
500 1862
500 1884
501 610
501 928
501 1099
501 1373
501 1424
502 643
502 757
502 768
502 1171
502 1203
502 1513
503 863
503 963
503 1331
503 1412
503 1703
503 1821
503 1822
504 564
504 604
504 850
504 905
504 980
504 994
504 1048
504 1120
504 1507
504 1839
504 1871
505 1248
505 1447
505 1498
505 1601
505 1607
505 1766
505 1830
506 701
506 789
506 882
506 921
506 1192
506 1255
506 1382
506 1476
507 643
507 827
507 1004
507 1054
507 1292
507 1294
507 1389
507 1424
507 1611
507 1773
507 1854
508 599
508 653
508 723
508 966
508 1190
508 1455
508 1485
508 1850
509 863
509 1057
509 1335
509 1500
509 1860
509 1876
509 1908
510 732
510 749
510 796
510 1038
510 1777
511 1362
512 558
512 861
512 917
512 1124
512 1277
512 1331
512 1377
512 1471
512 1507
512 1533
513 525
513 525
513 682
513 690
513 821
513 853
513 926
513 980
513 1033
513 1509
513 1756
513 1857
514 724
514 762
514 1576
514 1619
514 1757
514 1838
514 1849
515 830
515 863
515 1165
515 1322
515 1440
516 527
516 548
516 629
516 905
516 945
516 972
516 1040
516 1565
516 1681
516 1694
516 1712
517 560
517 745
517 768
517 938
517 994
517 1383
517 1447
517 1751
517 1936
518 668
518 795
518 900
518 1074
518 1128
518 1172
518 1342
519 540
519 720
519 1126
519 1217
519 1498
519 1618
519 1622
519 1766
519 1883
520 716
520 1101
520 1350
520 1497
520 1576
520 1716
521 537
521 1335
521 1559
521 1890
521 1910
522 759
522 927
522 1127
522 1159
522 1688
522 1699
522 1809
523 542
523 616
523 844
523 1117
523 1279
523 1307
523 1661
523 1750
523 1794
524 605
524 727
524 740
524 781
524 838
524 910
524 1245
524 1321
524 1530
524 1584
524 1756
525 846
525 912
525 1207
525 1231
525 1273
525 1281
525 1299
525 1332
525 1666
525 1806
525 1845
525 1951
526 696
526 1187
526 1289
526 1314
526 1573
526 1848
527 967
527 1258
527 1368
527 1586
527 1649
527 1804
528 586
528 622
528 1119
528 1411
528 1559
528 1780
529 607
529 613
529 696
529 783
529 1052
529 1638
529 1667
530 791
530 862
530 1129
530 1385
530 1492
530 1519
530 1542
530 1810
531 648
531 1068
531 1086
531 1312
531 1434
531 1479
531 1861
531 1865
532 701
532 755
532 937
532 1103
532 1355
532 1479
533 877
533 1064
533 1331
533 1832
533 1904
533 1913
534 544
534 664
534 856
534 1025
534 1146
534 1344
534 1356
534 1413
534 1421
534 1519
534 1523
535 732
535 751
535 876
535 1010
535 1054
535 1094
535 1124
535 1178
536 607
536 827
536 896
536 914
536 1265
536 1322
536 1459
536 1725
537 613
537 816
537 818
537 921
537 998
537 1074
537 1753
538 803
538 828
538 1563
538 1782
539 621
539 639
539 1325
539 1442
539 1567
539 1594
539 1614
539 1619
539 1831
539 1919
540 565
540 732
540 774
540 855
540 883
540 920
540 1268
540 1298
540 1479
540 1669
540 1784
540 1851
541 682
541 1070
541 1636
541 1736
541 1829
541 1904
542 851
542 925
542 981
542 1435
542 1805
543 559
543 605
543 706
543 923
543 1053
543 1459
543 1593
543 1640
543 1929
544 585
544 587
544 695
544 877
544 1061
544 1106
545 926
545 976
545 1215
545 1234
545 1284
545 1363
545 1434
545 1855
546 563
546 569
546 630
546 803
546 900
546 924
546 941
546 985
546 1094
546 1142
546 1148
546 1235
546 1259
546 1293
546 1497
546 1678
546 1773
546 1783
546 1846
546 1948
547 910
547 1003
547 1053
547 1305
547 1891
547 1897
548 605
548 730
548 789
548 898
548 947
548 1058
548 1101
548 1109
548 1180
548 1331
548 1349
548 1594
548 1723
548 1816
549 903
549 1604
549 1612
549 1625
550 656
550 814
550 840
550 969
550 1139
550 1318
550 1650
551 961
551 1157
551 1169
551 1337
551 1390
551 1449
551 1591
551 1663
551 1746
551 1941
552 561
552 700
552 840
552 1327
552 1349
552 1585
552 1756
552 1899
553 563
553 721
553 912
553 1166
553 1412
553 1571
553 1696
553 1760
553 1812
553 1902
554 579
554 841
554 977
554 1379
554 1432
554 1440
554 1672
554 1732
555 582
555 587
555 620
555 642
555 753
555 779
555 1536
555 1843
555 1843
556 878
556 942
556 980
556 997
556 1264
556 1379
556 1523
556 1740
556 1747
557 793
557 1186
557 1270
557 1851
558 875
558 1145
558 1530
558 1606
558 1664
559 566
559 869
559 908
559 1170
559 1237
559 1331
559 1950
560 648
560 828
560 889
560 1080
560 1141
560 1300
560 1397
560 1647
560 1933
560 1953
561 1073
561 1126
561 1169
561 1209
561 1229
561 1233
561 1241
561 1307
561 1392
561 1564
562 921
562 1072
562 1107
562 1120
562 1539
562 1844
562 1881
562 1952
563 798
563 1008
563 1084
563 1213
563 1250
563 1330
563 1429
563 1452
563 1582
563 1667
563 1713
564 796
564 823
564 940
564 1090
564 1372
564 1762
564 1783
564 1795
565 615
565 655
565 762
565 1254
565 1580
566 685
566 924
566 1018
566 1713
566 1721
566 1870
566 1933
567 609
567 877
567 1075
567 1132
567 1286
567 1643
567 1730
567 1848
568 662
568 753
568 913
568 1018
568 1152
568 1165
568 1170
568 1224
568 1480
568 1638
568 1675
568 1803
568 1820
568 1823
568 1830
568 1909
568 1935
569 642
569 975
569 1117
569 1228
569 1334
569 1383
570 953
570 1001
570 1109
570 1254
570 1337
570 1453
570 1879
571 698
571 868
571 1539
571 1670
571 1821
572 671
572 678
572 718
572 766
572 1026
572 1154
572 1265
572 1353
572 1361
572 1552
572 1645
572 1646
572 1805
572 1930
573 1154
573 1195
573 1206
573 1251
573 1320
573 1397
573 1616
573 1632
573 1875
573 1951
574 615
574 664
574 692
574 1037
574 1287
574 1336
574 1354
574 1536
574 1568
574 1718
574 1787
575 578
575 941
575 1033
575 1474
575 1589
575 1809
575 1812
575 1830
576 702
576 756
576 838
576 895
576 1187
576 1420
576 1511
576 1538
577 648
577 838
577 873
577 892
577 913
577 1048
577 1063
577 1155
577 1184
577 1214
577 1419
577 1589
577 1649
577 1695
577 1752
577 1826
577 1912
578 589
578 692
578 843
578 906
578 1078
578 1370
578 1455
578 1639
578 1641
578 1906
579 796
579 862
579 983
579 1153
579 1166
579 1370
579 1525
579 1708
579 1846
580 597
580 637
580 815
580 977
580 1644
580 1846
581 656
581 930
581 1047
581 1089
581 1297
581 1405
581 1477
581 1725
581 1872
581 1907
582 1015
582 1029
582 1140
582 1173
583 688
583 861
583 970
583 979
583 1104
583 1131
583 1212
583 1368
583 1586
583 1731
583 1793
583 1941
584 668
584 869
584 879
584 893
584 1121
584 1187
584 1301
584 1498
584 1634
584 1871
585 820
585 866
585 880
585 925
585 1197
585 1455
585 1572
585 1798
585 1838
585 1919
586 902
586 1021
586 1145
586 1354
586 1400
586 1609
586 1689
586 1889
586 1946
587 791
587 1047
587 1100
587 1196
587 1240
587 1378
587 1402
587 1407
587 1600
587 1731
587 1839
587 1872
588 635
588 684
588 1127
588 1170
588 1388
589 731
589 820
589 903
589 989
589 1010
589 1169
589 1221
589 1259
589 1333
589 1495
589 1498
590 708
590 756
590 843
590 1260
590 1533
590 1564
590 1616
590 1749
590 1818
591 835
591 1630
591 1661
591 1905
592 1031
592 1327
592 1514
592 1813
592 1838
593 721
593 841
593 962
593 1223
593 1346
593 1903
594 619
594 642
594 794
594 889
594 1397
594 1579
594 1800
595 656
595 822
595 1342
595 1376
595 1762
595 1843
596 616
596 788
596 827
596 888
596 1407
596 1589
596 1599
597 694
597 990
597 1005
597 1099
597 1234
597 1304
597 1414
597 1464
597 1630
598 755
598 781
598 943
598 1266
598 1287
598 1312
598 1338
598 1718
598 1736
598 1888
598 1948
599 775
599 1497
599 1587
599 1675
599 1879
600 639
600 835
600 943
600 997
600 1101
600 1157
600 1597
600 1723
600 1825
601 631
601 755
601 786
601 1011
601 1119
601 1408
601 1921
601 1931
601 1932
602 933
602 1138
602 1181
602 1535
602 1691
602 1713
602 1738
603 785
603 905
603 1040
603 1152
603 1469
603 1535
603 1573
603 1577
603 1727
603 1839
603 1847
604 726
604 905
604 942
604 1250
604 1272
604 1350
604 1531
604 1726
605 705
605 787
605 861
605 913
605 1092
605 1270
605 1413
605 1502
605 1867
606 885
606 1029
606 1209
606 1266
606 1472
606 1602
606 1629
606 1820
606 1909
607 724
607 1044
607 1363
607 1555
607 1606
607 1638
607 1755
608 725
608 938
608 1072
608 1145
608 1396
608 1524
609 752
609 832
609 866
609 940
609 996
609 1393
609 1443
609 1594
609 1688
610 1196
610 1214
610 1249
610 1582
610 1795
610 1825
610 1914
611 715
611 802
611 828
611 911
611 1037
611 1186
611 1271
611 1722
611 1738
611 1864
612 964
612 1033
612 1175
612 1223
612 1314
612 1552
612 1577
612 1766
612 1907
613 691
613 1307
613 1522
613 1614
613 1748
613 1757
613 1783
613 1797
614 627
614 1070
614 1209
614 1215
614 1418
614 1499
614 1536
614 1731
614 1794
614 1863
615 661
615 1293
615 1437
615 1467
615 1908
616 815
616 1205
616 1274
616 1352
616 1458
616 1639
616 1639
616 1802
617 969
617 972
617 1071
617 1237
617 1342
618 737
618 819
618 1003
618 1080
618 1228
618 1554
618 1785
619 700
619 857
619 1060
619 1136
619 1347
619 1570
619 1949
620 880
620 1368
620 1654
620 1662
620 1736
621 946
621 971
621 1074
621 1207
621 1467
621 1614
621 1667
621 1723
622 690
622 955
622 1027
622 1117
622 1139
622 1162
622 1204
622 1366
622 1621
622 1811
622 1899
622 1933
623 624
623 846
623 859
623 932
623 1357
623 1564
623 1655
623 1914
623 1916
623 1934
623 1935
624 660
624 747
624 759
624 1008
624 1126
624 1157
624 1185
624 1202
624 1211
624 1295
624 1382
624 1546
624 1661
625 626
625 633
625 725
625 749
625 766
625 831
625 843
625 1078
625 1240
625 1619
626 734
626 796
626 858
626 935
626 939
626 1059
626 1138
626 1155
626 1252
626 1509
626 1753
627 640
627 947
627 1230
627 1276
627 1317
627 1474
627 1643
627 1688
627 1835
628 941
628 1040
628 1408
628 1736
629 1428
629 1501
629 1662
629 1669
629 1676
629 1721
629 1930
630 1045
630 1253
630 1372
630 1599
630 1627
630 1654
630 1772
630 1865
631 656
631 771
631 889
631 975
631 1112
631 1215
631 1310
631 1529
631 1644
631 1777
631 1857
632 684
632 851
632 1550
632 1561
632 1634
632 1858
632 1873
633 990
633 1102
633 1182
633 1190
633 1391
633 1498
633 1663
633 1676
633 1734
633 1759
634 719
634 823
634 860
634 1395
634 1396
634 1577
634 1728
635 650
635 722
635 825
635 909
635 1028
635 1163
635 1318
635 1361
635 1394
635 1418
635 1456
635 1510
635 1605
635 1628
635 1912
636 1190
636 1704
636 1844
637 827
637 1050
637 1152
637 1205
637 1302
637 1348
637 1472
637 1612
637 1621
637 1801
638 704
638 834
638 1123
638 1310
638 1534
638 1695
638 1852
639 873
639 1057
639 1299
639 1376
639 1520
639 1633
639 1785
639 1948
640 989
640 1063
640 1152
640 1191
640 1680
641 790
641 1358
641 1623
642 665
642 754
642 893
642 1026
642 1079
642 1086
642 1210
642 1364
642 1570
642 1769
643 672
643 702
643 859
643 1275
643 1282
643 1343
643 1409
643 1443
643 1608
643 1722
643 1842
644 694
644 744
644 803
644 839
644 931
644 1039
644 1135
644 1239
644 1322
644 1650
644 1801
645 855
645 880
645 1251
645 1390
645 1420
645 1543
645 1732
645 1808
645 1851
646 752
646 1196
646 1412
646 1429
646 1689
646 1712
647 697
647 855
647 1386
647 1534
647 1836
647 1839
648 672
648 950
648 1167
648 1349
648 1427
649 772
649 864
649 1006
649 1272
649 1518
649 1715
649 1849
649 1867
650 661
650 1195
650 1416
650 1669
650 1752
650 1770
650 1786
651 859
651 898
651 1049
651 1228
651 1331
651 1358
651 1732
651 1787
651 1801
651 1911
652 726
652 807
652 1118
652 1157
652 1199
652 1262
652 1478
652 1538
652 1636
652 1839
653 1002
653 1034
653 1039
653 1128
653 1193
653 1196
653 1383
653 1401
653 1880
654 694
654 1190
654 1211
654 1395
654 1497
654 1722
655 1374
655 1567
655 1578
655 1669
655 1907
656 755
656 854
656 1613
656 1740
656 1877
656 1931
657 702
657 767
657 1081
657 1082
657 1347
657 1427
657 1447
657 1698
657 1847
657 1851
658 692
658 803
658 877
658 1057
658 1111
658 1236
658 1316
658 1434
658 1526
658 1678
658 1849
659 790
659 926
659 933
659 967
659 979
659 1028
659 1056
659 1224
659 1580
659 1599
659 1727
660 796
660 953
660 1305
660 1722
660 1942
661 789
661 1108
661 1619
661 1764
661 1933
662 755
662 993
662 1051
662 1255
662 1466
662 1870
663 709
663 769
663 785
663 1315
663 1494
663 1620
663 1664
663 1691
663 1764
663 1789
664 743
664 1468
664 1603
664 1826
665 848
666 694
666 721
666 1068
666 1090
666 1160
666 1264
666 1330
666 1771
667 1124
667 1208
667 1349
667 1728
667 1840
668 953
668 1539
668 1694
669 764
669 807
669 836
669 1182
669 1465
669 1473
669 1553
669 1565
669 1621
669 1712
669 1772
669 1814
670 684
670 776
670 1047
670 1488
670 1508
670 1667
670 1770
671 771
671 847
671 957
671 1081
671 1084
671 1111
671 1401
671 1939
672 723
672 949
672 1589
672 1598
673 699
673 1108
673 1253
673 1451
673 1483
673 1606
673 1655
673 1893
674 789
674 1034
674 1067
674 1218
674 1270
674 1581
674 1755
674 1854
675 757
675 1320
675 1324
675 1325
675 1723
675 1739
675 1856
675 1886
676 836
676 1225
676 1429
676 1464
676 1760
677 1049
677 1065
677 1453
677 1480
677 1502
677 1544
677 1589
678 879
678 1886
679 919
679 935
679 963
679 1031
679 1186
679 1216
679 1219
679 1781
679 1884
680 766
680 985
680 1152
680 1216
680 1334
680 1514
681 1024
681 1430
681 1477
681 1561
681 1595
681 1601
681 1733
681 1931
681 1933
682 779
682 783
682 832
682 929
682 1589
682 1812
683 834
683 1136
683 1196
683 1628
683 1827
684 691
684 1105
684 1525
684 1526
684 1697
684 1750
684 1813
684 1907
684 1941
685 1100
685 1146
685 1415
685 1474
685 1655
685 1728
685 1868
686 920
686 1063
686 1372
686 1605
686 1676
687 736
687 897
687 1011
687 1135
687 1557
687 1684
687 1888
688 730
688 804
688 807
688 945
688 970
688 1064
688 1212
688 1291
688 1297
688 1456
688 1562
688 1811
689 863
689 1230
689 1363
689 1573
689 1585
689 1916
690 1038
690 1258
690 1465
690 1626
691 930
691 933
691 1791
692 694
692 719
692 727
692 749
692 895
692 1327
692 1576
692 1594
692 1715
692 1781
692 1838
693 1022
693 1127
693 1629
693 1645
694 704
694 712
694 960
694 994
694 1119
694 1695
694 1768
694 1805
694 1805
694 1856
694 1946
695 792
695 1187
695 1610
695 1668
695 1816
695 1935
696 758
696 759
696 883
696 1239
696 1285
696 1319
696 1625
696 1740
696 1756
696 1765
697 872
697 1288
697 1429
697 1807
697 1827
697 1832
698 1352
698 1354
698 1357
698 1361
698 1369
698 1451
699 810
699 902
699 1007
699 1078
699 1192
699 1227
699 1322
699 1364
699 1753
699 1788
699 1830
700 711
700 1148
700 1505
701 780
701 809
701 947
701 1001
701 1112
701 1273
701 1456
701 1562
702 794
702 805
702 944
702 978
702 1698
702 1832
702 1946
703 1230
703 1289
703 1311
703 1426
703 1558
703 1659
703 1739
703 1872
704 743
704 748
704 806
704 851
704 1067
704 1244
704 1353
704 1639
704 1652
704 1748
705 742
705 1894
706 785
706 823
706 1002
706 1427
706 1448
706 1778
707 883
707 1047
707 1056
707 1100
707 1147
707 1309
707 1420
707 1590
707 1647
708 1152
708 1550
708 1706
708 1891
709 1068
709 1545
709 1578
709 1711
709 1825
710 961
710 1084
710 1382
710 1385
710 1574
710 1601
710 1778
711 889
711 893
711 1089
711 1098
711 1456
711 1551
711 1914
712 838
712 1097
712 1126
712 1287
712 1356
712 1473
712 1597
712 1600
712 1607
712 1716
712 1943
713 908
713 1476
713 1492
713 1561
713 1657
713 1722
713 1740
713 1916
714 774
714 1001
714 1020
714 1260
714 1466
714 1713
714 1757
714 1881
714 1922
715 926
715 954
715 1339
715 1532
716 923
716 1047
716 1119
716 1241
716 1392
716 1393
716 1483
716 1548
716 1836
717 864
717 887
717 927
717 973
717 1253
717 1286
717 1391
717 1509
717 1650
717 1780
718 840
718 1115
718 1251
718 1393
719 808
719 883
719 906
719 1024
719 1372
719 1630
719 1801
720 737
720 944
720 1143
720 1169
720 1221
720 1381
720 1748
720 1817
720 1823
721 804
721 906
721 940
721 1284
721 1287
721 1300
721 1685
721 1830
721 1919
722 905
722 1797
722 1856
723 890
723 1074
723 1198
723 1214
723 1524
723 1541
723 1629
723 1654
723 1749
724 1033
724 1395
724 1550
725 861
725 945
725 1188
725 1520
725 1526
725 1864
726 801
726 1194
726 1197
726 1655
726 1916
726 1932
726 1951
727 856
727 1022
727 1134
727 1270
727 1294
727 1311
727 1506
727 1721
727 1843
727 1917
728 1511
728 1657
728 1777
728 1834
729 747
729 966
729 968
729 1105
729 1327
729 1329
729 1612
729 1648
729 1691
729 1852
729 1916
730 830
730 1114
730 1704
730 1726
730 1775
730 1814
730 1873
731 964
731 1130
731 1425
731 1598
731 1680
731 1933
732 900
732 916
732 969
732 1024
732 1187
732 1301
732 1322
732 1400
732 1497
732 1602
732 1624
732 1625
732 1850
733 813
733 966
733 1094
733 1185
733 1276
733 1328
733 1363
733 1391
733 1655
733 1792
734 825
734 895
734 1223
734 1362
734 1457
734 1570
734 1633
734 1728
734 1937
735 949
735 1053
735 1143
735 1182
735 1300
735 1666
735 1686
735 1788
735 1953
736 852
736 902
736 1396
736 1439
736 1713
737 1063
737 1252
737 1294
737 1382
737 1664
737 1784
738 980
738 1315
738 1360
738 1406
738 1529
738 1748
738 1816
739 1070
739 1334
739 1496
739 1606
739 1712
739 1873
739 1890
740 940
740 1027
740 1166
740 1481
740 1554
740 1730
740 1869
741 1425
741 1590
742 1110
742 1185
742 1376
742 1606
742 1619
742 1631
742 1754
743 858
743 935
743 1316
743 1353
743 1627
743 1816
743 1828
743 1897
743 1915
744 905
744 982
744 1014
744 1026
744 1160
744 1408
744 1496
744 1544
744 1564
744 1691
744 1823
745 785
745 899
745 1349
745 1356
745 1538
745 1633
745 1800
746 801
746 948
746 1104
746 1255
746 1419
746 1452
746 1506
746 1697
747 937
747 947
747 1279
747 1561
747 1618
747 1704
747 1774
747 1805
747 1835
747 1885
748 889
748 982
748 1077
748 1297
748 1322
748 1395
748 1463
748 1888
749 883
749 921
749 1009
749 1127
749 1263
749 1275
749 1324
749 1369
749 1530
749 1560
749 1584
749 1665
749 1676
749 1946
750 862
750 1182
750 1252
750 1565
750 1710
750 1913
751 797
751 1012
751 1085
751 1252
751 1302
751 1347
752 1257
752 1335
752 1520
752 1627
752 1880
753 770
753 802
753 884
753 1028
753 1087
753 1231
753 1339
753 1524
753 1600
753 1613
753 1713
753 1739
753 1831
754 809
754 1102
754 1419
754 1427
754 1647
754 1723
754 1943
755 938
755 949
755 1103
755 1252
755 1434
756 972
756 1680
757 857
757 973
757 1029
757 1205
757 1293
757 1937
758 787
758 820
758 960
758 973
758 985
758 1223
758 1506
758 1519
758 1616
758 1690
758 1929
759 816
759 866
759 934
759 1066
759 1689
760 1313
760 1347
760 1582
760 1705
760 1718
760 1908
760 1934
761 762
761 839
761 861
761 1056
761 1174
761 1598
761 1613
761 1673
762 1423
762 1569
762 1598
762 1748
762 1834
763 1192
763 1336
763 1367
763 1420
763 1481
763 1517
763 1555
763 1779
763 1799
764 868
764 881
764 1135
764 1167
764 1684
764 1931
765 773
765 785
765 807
765 1064
765 1225
765 1228
765 1388
765 1708
765 1890
766 857
766 909
766 1025
766 1106
766 1226
766 1373
766 1612
766 1871
766 1890
766 1904
767 1140
767 1141
767 1373
767 1549
767 1795
768 802
768 811
768 1132
768 1447
768 1611
768 1625
768 1699
768 1800
768 1849
768 1907
768 1947
769 1397
769 1533
769 1654
769 1665
769 1937
770 1268
770 1506
770 1636
771 864
771 880
771 1122
772 1068
772 1076
772 1419
772 1895
773 870
773 1048
773 1081
773 1220
773 1331
773 1376
773 1700
773 1915
774 986
774 1150
774 1157
774 1290
774 1398
774 1483
775 978
775 1001
775 1100
775 1349
775 1423
775 1533
776 880
776 938
776 1212
776 1278
776 1280
776 1300
776 1390
776 1574
776 1610
776 1655
776 1771
777 854
777 981
777 1038
777 1114
777 1138
777 1315
777 1506
778 856
778 1208
778 1228
778 1407
778 1581
778 1756
778 1783
779 1021
779 1206
779 1311
779 1389
779 1600
779 1686
780 962
780 1058
780 1146
780 1180
780 1231
780 1301
780 1425
780 1531
780 1663
781 1204
781 1316
781 1508
781 1643
782 882
782 1049
782 1356
782 1555
782 1778
783 799
783 800
783 830
783 877
783 1432
783 1486
783 1874
784 1028
784 1118
784 1171
784 1202
784 1275
784 1427
784 1503
784 1721
785 1021
785 1046
785 1329
785 1530
785 1583
785 1606
785 1768
785 1782
785 1835
786 903
786 1172
786 1178
786 1514
786 1828
787 1312
787 1319
788 839
788 1031
788 1272
788 1517
788 1534
789 1188
789 1321
789 1391
789 1475
789 1619
789 1683
789 1703
789 1789
790 1083
790 1456
790 1618
790 1621
790 1743
790 1827
790 1939
791 820
791 1089
791 1371
791 1506
791 1792
791 1836
792 1263
792 1300
792 1386
792 1661
792 1712
792 1730
793 867
793 890
793 1055
793 1261
793 1460
793 1561
793 1617
793 1775
794 1072
794 1139
794 1680
794 1778
795 1149
796 826
796 1228
796 1297
796 1407
796 1693
796 1727
796 1905
797 835
797 982
797 1045
797 1460
797 1524
797 1575
797 1790
798 875
798 884
798 1157
798 1207
798 1273
798 1309
798 1556
798 1746
798 1863
798 1863
799 869
799 1031
799 1066
799 1181
799 1187
799 1221
799 1639
799 1642
799 1684
799 1741
800 868
800 894
800 1377
800 1553
800 1797
800 1823
800 1946
801 1065
801 1122
801 1333
801 1726
801 1752
801 1873
801 1891
802 1391
802 1527
802 1616
802 1622
802 1684
802 1703
802 1723
803 1399
803 1469
803 1572
803 1862
803 1883
804 825
804 881
804 1032
804 1044
804 1313
804 1487
804 1573
804 1790
804 1894
805 925
805 977
805 1139
805 1249
805 1297
805 1357
805 1573
805 1904
805 1928
806 1098
806 1480
806 1499
806 1640
806 1850
806 1909
806 1913
807 1134
807 1274
807 1305
807 1408
807 1701
808 960
808 1204
808 1584
808 1630
808 1898
808 1942
809 974
809 1603
810 928
810 1030
810 1097
810 1341
810 1564
810 1646
811 879
811 1040
811 1213
811 1708
811 1852
811 1906
811 1907
812 954
812 1278
812 1325
812 1886
812 1908
813 814
813 829
813 847
813 895
813 1893
813 1901
814 930
814 1196
814 1372
814 1536
814 1629
815 1446
815 1519
815 1705
815 1856
816 865
816 1009
816 1139
816 1454
816 1520
816 1577
816 1610
816 1626
816 1627
816 1746
816 1904
817 1084
817 1359
817 1361
817 1395
817 1569
817 1823
817 1831
817 1855
818 1071
818 1252
818 1314
818 1398
818 1710
818 1949
819 897
819 1023
819 1139
819 1345
819 1515
819 1580
819 1624
819 1713
819 1795
819 1840
819 1840
820 937
820 981
820 1260
820 1300
820 1875
820 1878
820 1952
821 869
821 903
821 1541
821 1712
821 1824
821 1868
821 1940
822 1198
822 1549
822 1594
822 1610
822 1628
823 1143
823 1282
823 1309
823 1444
823 1761
824 877
824 1382
824 1442
824 1474
824 1671
824 1691
824 1719
824 1747
824 1868
825 978
825 1302
825 1320
825 1338
825 1613
825 1751
825 1778
825 1813
825 1843
826 938
826 1025
826 1326
826 1445
826 1509
826 1520
826 1730
827 1142
827 1148
827 1359
827 1530
827 1570
827 1597
827 1950
828 885
828 1011
828 1280
828 1724
829 926
829 1036
829 1211
829 1479
829 1492
829 1527
829 1533
829 1719
829 1886
829 1906
830 841
830 907
830 929
830 998
830 1586
830 1698
830 1725
830 1924
831 847
831 879
831 909
831 1071
831 1099
831 1147
831 1356
831 1466
831 1721
831 1927
832 997
832 1257
832 1265
832 1279
832 1353
832 1483
832 1541
832 1618
832 1794
832 1905
833 1295
833 1436
833 1915
834 1538
835 898
835 1203
835 1592
835 1634
835 1691
835 1721
836 1062
836 1227
836 1292
836 1497
836 1524
836 1739
837 1015
837 1117
837 1133
837 1365
837 1531
837 1668
837 1919
838 1118
838 1589
838 1774
838 1918
839 1113
839 1406
839 1456
839 1816
840 994
840 1197
840 1322
840 1332
840 1659
840 1692
840 1711
840 1750
840 1855
840 1928
841 862
841 942
841 1169
841 1417
841 1615
841 1641
841 1702
841 1758
842 1095
842 1216
842 1620
842 1884
842 1930
843 1108
843 1417
843 1845
844 967
844 978
844 991
844 1249
844 1506
844 1931
845 887
845 1064
845 1459
845 1592
846 921
846 962
846 1057
846 1483
846 1709
847 917
847 1378
847 1442
847 1501
847 1619
847 1641
847 1765
848 913
848 956
848 1116
848 1318
848 1333
848 1564
848 1823
848 1899
849 946
849 1015
849 1560
849 1565
849 1730
849 1850
850 868
850 891
850 975
850 1391
850 1425
850 1498
850 1535
850 1710
850 1768
850 1897
850 1921
851 882
851 1010
851 1585
851 1657
851 1686
851 1737
851 1770
851 1830
851 1858
851 1907
852 1207
852 1281
852 1361
852 1642
852 1731
852 1827
852 1882
852 1921
853 1364
853 1892
854 1377
854 1754
854 1777
854 1779
855 1178
855 1184
855 1435
855 1557
855 1944
856 1034
856 1084
856 1383
856 1497
856 1629
856 1666
856 1731
856 1752
856 1937
857 976
857 1049
857 1058
857 1156
857 1392
857 1418
857 1899
858 1329
858 1401
858 1516
858 1746
858 1878
858 1918
859 948
859 969
859 1068
859 1170
859 1261
859 1335
859 1368
859 1411
859 1457
859 1498
859 1708
860 980
860 1069
860 1138
860 1281
860 1454
860 1776
860 1949
861 1148
861 1328
861 1446
861 1560
861 1644
861 1855
861 1914
862 1358
862 1370
862 1419
862 1549
862 1802
862 1805
862 1915
863 873
863 958
863 974
863 1230
863 1380
863 1557
863 1643
863 1724
863 1748
863 1940
864 937
864 1019
864 1108
864 1282
864 1362
864 1803
864 1881
865 1056
865 1320
865 1333
865 1421
865 1575
865 1600
865 1886
865 1930
866 1886
867 1452
867 1482
867 1580
867 1689
867 1742
867 1916
867 1922
868 1061
868 1212
868 1237
868 1264
868 1292
868 1349
868 1434
868 1635
868 1928
868 1931
869 1183
869 1286
869 1448
869 1804
870 934
870 965
870 999
870 1098
870 1130
870 1203
870 1211
870 1579
870 1739
870 1951
870 1953
871 967
871 1038
871 1273
871 1505
871 1542
871 1727
872 1071
872 1206
872 1350
872 1384
872 1489
872 1775
872 1832
873 929
873 1210
873 1425
873 1494
873 1661
873 1744
873 1861
874 970
874 1006
874 1226
874 1473
874 1539
874 1692
874 1918
874 1921
875 968
875 1055
875 1103
875 1121
875 1159
875 1198
875 1226
875 1607
875 1841
876 901
876 970
876 1190
876 1695
876 1702
876 1777
876 1857
876 1915
877 1500
877 1516
877 1729
877 1735
878 1144
878 1146
878 1149
878 1290
878 1513
878 1608
879 1133
879 1186
880 1272
880 1739
880 1870
880 1914
881 981
881 1020
881 1202
881 1406
881 1594
881 1798
881 1823
881 1901
882 1583
882 1909
883 1316
883 1682
883 1775
883 1810
883 1925
883 1928
883 1949
884 938
884 1043
884 1045
884 1178
884 1276
885 957
885 1114
885 1178
885 1199
885 1297
885 1427
885 1460
885 1588
885 1756
886 890
886 1261
886 1433
886 1532
886 1550
886 1617
886 1639
886 1645
886 1811
887 1168
887 1354
887 1582
887 1599
887 1618
887 1644
887 1691
888 933
888 1015
888 1023
888 1369
888 1373
888 1518
888 1587
888 1800
888 1826
889 916
889 1121
889 1136
889 1588
889 1784
889 1812
890 1091
890 1180
890 1583
890 1821
890 1901
891 900
891 1292
891 1666
891 1880
892 1423
892 1481
892 1484
892 1490
892 1519
892 1666
892 1666
893 945
893 1038
893 1818
893 1866
894 1073
894 1344
894 1384
894 1542
894 1563
894 1569
894 1739
895 992
895 1153
895 1239
895 1241
895 1557
895 1713
895 1805
896 1047
897 970
897 978
897 1191
897 1195
897 1298
897 1600
897 1672
897 1945
898 953
898 1064
898 1071
898 1226
898 1373
898 1654
899 1048
899 1136
899 1209
899 1250
899 1388
899 1639
899 1652
899 1761
899 1846
899 1868
900 910
900 915
900 996
900 1198
900 1813
900 1875
901 1136
901 1241
901 1273
901 1379
901 1619
901 1722
902 1143
902 1153
902 1162
902 1169
902 1286
902 1290
902 1367
902 1448
902 1493
902 1901
903 989
903 1262
903 1501
903 1708
903 1768
903 1814
903 1911
904 1674
904 1746
905 958
905 1091
905 1165
905 1194
905 1297
905 1564
905 1585
905 1709
905 1726
905 1874
905 1943
906 1264
906 1293
906 1626
907 1156
907 1177
907 1322
907 1369
907 1666
907 1704
907 1944
908 926
908 950
908 1203
908 1319
908 1462
908 1596
908 1607
909 999
909 1020
909 1031
909 1192
909 1303
909 1461
909 1545
909 1561
909 1590
909 1592
909 1876
909 1909
910 936
910 990
910 1156
910 1305
910 1536
910 1715
910 1798
911 1131
911 1217
911 1256
911 1352
911 1945
912 1749
912 1809
913 1326
913 1771
913 1794
913 1865
913 1880
914 933
914 1075
914 1251
914 1386
914 1570
914 1932
915 1470
915 1653
916 921
916 974
916 981
917 1486
917 1634
917 1896
918 1200
918 1220
918 1372
918 1502
918 1521
918 1527
918 1649
918 1686
918 1929
919 1243
919 1354
919 1605
919 1808
920 1186
920 1569
920 1707
920 1746
920 1868
921 1187
921 1331
921 1387
921 1576
922 998
922 1038
922 1081
922 1103
922 1180
922 1290
923 1154
923 1169
923 1288
923 1468
923 1702
924 941
924 1112
924 1251
924 1298
924 1408
924 1647
924 1938
925 1198
925 1305
925 1331
925 1469
925 1786
925 1790
925 1922
926 976
926 988
926 1308
926 1358
926 1429
926 1526
926 1666
926 1694
926 1792
926 1829
927 1031
927 1401
927 1608
927 1757
927 1828
927 1886
929 1161
929 1201
929 1232
929 1341
929 1588
929 1620
929 1865
929 1934
930 970
930 1037
930 1469
930 1470
930 1557
930 1801
930 1811
930 1917
931 1022
931 1024
931 1210
931 1214
931 1630
931 1734
932 1061
932 1098
932 1184
932 1214
932 1271
932 1435
932 1499
932 1637
933 1132
933 1148
933 1214
933 1422
933 1664
933 1902
933 1911
934 939
934 1384
934 1414
934 1430
934 1470
934 1718
934 1800
935 1361
935 1394
935 1579
935 1765
936 1033
936 1147
936 1233
936 1286
936 1306
936 1457
936 1630
936 1789
937 1008
937 1066
937 1689
938 1248
938 1563
938 1613
938 1847
939 1088
939 1165
939 1339
939 1517
939 1711
940 1048
940 1263
940 1332
941 966
941 1078
941 1167
941 1193
941 1207
941 1322
941 1399
941 1481
941 1558
941 1817
941 1894
942 1033
942 1126
942 1268
942 1411
942 1705
942 1740
942 1803
942 1882
943 987
943 1144
943 1353
943 1505
943 1553
944 953
944 993
944 1085
944 1336
944 1474
944 1521
944 1678
944 1896
944 1925
944 1939
945 1179
945 1297
945 1423
945 1698
945 1741
946 960
946 1010
946 1160
946 1317
946 1363
946 1464
946 1666
946 1846
947 1074
947 1134
947 1183
947 1308
947 1418
947 1499
947 1744
947 1782
948 986
948 1109
948 1169
948 1380
948 1430
948 1737
949 969
949 1404
949 1538
949 1751
949 1936
950 994
950 1264
950 1617
950 1722
951 1103
951 1244
951 1256
951 1451
951 1460
951 1571
951 1572
951 1608
951 1707
951 1926
953 1044
953 1212
954 963
954 1088
954 1415
954 1630
954 1800
954 1814
954 1905
955 1022
955 1338
955 1387
955 1409
955 1417
955 1457
955 1488
955 1526
955 1600
956 1044
956 1499
956 1502
956 1515
956 1760
957 1049
957 1204
957 1294
957 1500
957 1540
957 1673
957 1864
957 1917
958 997
958 1210
958 1353
958 1356
958 1543
958 1560
958 1588
958 1682
958 1758
958 1798
959 1072
959 1164
959 1453
959 1566
959 1682
959 1825
959 1953
960 966
960 1041
960 1358
960 1394
960 1451
961 1060
961 1096
961 1227
961 1434
961 1731
961 1741
961 1742
961 1912
962 993
962 1083
962 1329
962 1460
962 1538
962 1634
962 1641
963 1155
963 1208
963 1397
963 1443
963 1709
964 1585
964 1620
964 1923
965 966
965 1153
965 1178
965 1226
965 1250
965 1315
965 1322
965 1400
965 1554
965 1605
965 1734
965 1790
965 1854
966 1023
966 1109
966 1237
966 1376
966 1685
966 1780
966 1781
966 1848
966 1915
967 1092
967 1201
967 1398
967 1421
967 1597
967 1606
967 1665
967 1916
968 1094
968 1286
968 1290
968 1298
968 1408
968 1530
968 1540
968 1625
968 1724
968 1798
968 1873
969 1063
969 1241
969 1287
969 1408
969 1595
969 1601
969 1849
969 1887
970 1063
970 1079
970 1349
970 1353
970 1387
970 1466
970 1641
970 1770
970 1873
971 1678
971 1853
972 1024
972 1172
972 1223
972 1432
972 1444
972 1502
972 1931
973 1024
973 1130
973 1866
973 1917
974 1003
974 1081
974 1181
974 1289
974 1548
975 1119
975 1121
975 1271
975 1580
975 1693
975 1694
976 1063
976 1076
976 1299
976 1364
976 1372
976 1423
977 1020
977 1107
977 1303
977 1334
977 1417
977 1486
977 1594
977 1634
977 1882
978 1058
978 1094
978 1096
978 1547
979 1251
979 1442
979 1692
980 1111
980 1233
980 1701
980 1850
980 1929
981 1383
981 1488
981 1595
981 1661
981 1888
982 1024
982 1123
982 1151
982 1698
982 1748
982 1762
982 1770
983 1264
983 1369
983 1566
983 1720
983 1826
983 1903
984 1054
984 1078
984 1146
984 1157
984 1157
984 1179
984 1202
984 1215
984 1606
984 1772
984 1774
984 1866
984 1896
985 1032
985 1654
985 1870
985 1894
986 1021
986 1068
986 1214
986 1516
986 1806
986 1847
986 1863
987 1032
987 1353
987 1880
987 1904
988 1891
988 1915
989 1088
989 1091
989 1214
989 1388
989 1396
989 1487
989 1801
990 1084
990 1306
990 1342
990 1767
990 1844
990 1917
991 1177
991 1474
991 1480
991 1630
991 1792
991 1914
992 1031
992 1279
992 1389
992 1404
992 1612
992 1791
992 1844
992 1915
993 1181
993 1448
993 1736
993 1745
993 1896
994 1027
994 1131
994 1142
994 1397
994 1545
994 1836
994 1877
995 1126
995 1239
995 1256
995 1579
995 1582
995 1829
996 1047
996 1214
996 1734
996 1809
997 1019
997 1326
997 1752
997 1829
997 1858
998 1222
998 1250
998 1330
998 1513
998 1537
998 1553
999 1006
999 1318
999 1505
999 1695
1000 1010
1000 1235
1000 1456
1000 1498
1000 1679
1001 1029
1001 1489
1001 1622
1001 1747
1001 1843
1002 1027
1002 1232
1002 1379
1002 1459
1002 1859
1002 1944
1003 1127
1003 1176
1003 1278
1003 1447
1003 1504
1003 1526
1003 1580
1003 1591
1003 1681
1003 1861
1003 1872
1004 1279
1004 1396
1004 1585
1004 1682
1005 1072
1005 1089
1005 1311
1005 1606
1005 1738
1006 1081
1006 1276
1006 1333
1006 1395
1006 1424
1006 1504
1006 1637
1006 1692
1006 1832
1006 1875
1007 1011
1007 1101
1007 1135
1007 1200
1007 1655
1007 1881
1008 1035
1008 1466
1008 1611
1008 1644
1008 1658
1009 1325
1009 1543
1009 1680
1009 1749
1009 1770
1010 1532
1010 1778
1010 1813
1010 1907
1011 1224
1011 1752
1011 1842
1012 1934
1013 1110
1013 1114
1013 1331
1013 1580
1013 1590
1013 1624
1014 1266
1014 1319
1014 1600
1014 1632
1014 1946
1015 1059
1015 1715
1015 1894
1016 1090
1016 1136
1016 1268
1016 1296
1016 1323
1016 1423
1016 1688
1016 1875
1017 1094
1017 1173
1017 1306
1017 1894
1018 1115
1018 1236
1018 1375
1018 1511
1018 1674
1018 1681
1018 1838
1018 1848
1018 1856
1019 1100
1019 1153
1019 1175
1019 1405
1019 1437
1019 1556
1019 1784
1019 1796
1020 1128
1020 1199
1020 1279
1020 1292
1020 1413
1020 1440
1021 1070
1021 1160
1021 1174
1021 1207
1021 1255
1021 1481
1021 1486
1021 1653
1021 1679
1021 1892
1022 1260
1022 1326
1022 1809
1022 1851
1022 1914
1023 1456
1023 1866
1023 1906
1024 1118
1024 1206
1024 1283
1024 1611
1024 1803
1024 1901
1025 1104
1025 1124
1025 1287
1025 1383
1025 1438
1025 1455
1025 1570
1025 1585
1025 1654
1025 1869
1026 1120
1026 1147
1026 1275
1026 1386
1026 1489
1026 1762
1026 1915
1027 1115
1027 1524
1027 1869
1027 1908
1028 1210
1028 1425
1028 1429
1028 1503
1028 1638
1028 1740
1029 1260
1029 1738
1029 1802
1029 1840
1030 1213
1030 1451
1030 1712
1030 1773
1030 1853
1031 1461
1032 1085
1032 1269
1032 1436
1032 1575
1032 1767
1032 1837
1033 1452
1033 1539
1033 1613
1034 1951
1035 1162
1035 1361
1035 1543
1035 1585
1035 1679
1035 1719
1035 1740
1035 1938
1035 1943
1036 1202
1036 1213
1036 1318
1036 1530
1036 1571
1037 1053
1037 1066
1037 1332
1037 1700
1037 1724
1037 1732
1038 1117
1038 1198
1038 1385
1038 1460
1038 1461
1038 1492
1038 1570
1038 1784
1039 1079
1039 1310
1039 1488
1039 1497
1039 1563
1039 1578
1039 1592
1039 1640
1039 1676
1039 1892
1040 1096
1040 1354
1040 1388
1040 1487
1040 1793
1040 1927
1041 1182
1041 1575
1041 1704
1041 1720
1041 1728
1041 1792
1041 1813
1041 1888
1042 1291
1042 1373
1042 1387
1042 1481
1042 1521
1042 1702
1042 1942
1043 1310
1043 1351
1043 1426
1043 1695
1043 1712
1043 1894
1044 1079
1044 1096
1044 1106
1044 1179
1044 1552
1044 1714
1044 1899
1044 1906
1045 1375
1045 1588
1045 1600
1045 1664
1045 1836
1045 1945
1046 1232
1046 1474
1046 1494
1046 1507
1046 1671
1047 1205
1047 1211
1047 1466
1047 1928
1047 1938
1047 1946
1048 1274
1048 1658
1048 1729
1049 1284
1049 1460
1049 1917
1050 1114
1050 1257
1050 1270
1050 1334
1050 1463
1050 1519
1050 1640
1050 1684
1050 1743
1050 1794
1051 1124
1051 1194
1051 1588
1051 1705
1052 1102
1052 1113
1052 1337
1052 1544
1052 1776
1052 1789
1052 1909
1053 1250
1053 1305
1053 1311
1053 1632
1053 1725
1053 1891
1053 1942
1054 1104
1054 1517
1055 1118
1055 1298
1055 1415
1055 1637
1055 1899
1056 1379
1056 1427
1056 1578
1056 1672
1056 1684
1057 1273
1057 1361
1057 1462
1057 1487
1057 1898
1058 1833
1058 1947
1059 1181
1059 1375
1059 1770
1060 1338
1060 1394
1060 1480
1060 1610
1060 1715
1060 1829
1061 1300
1061 1367
1061 1503
1061 1646
1061 1904
1062 1249
1062 1260
1062 1829
1063 1096
1063 1132
1063 1159
1063 1173
1063 1276
1063 1441
1063 1589
1063 1682
1063 1692
1064 1204
1064 1305
1064 1557
1064 1610
1064 1653
1064 1657
1065 1748
1065 1910
1066 1698
1066 1746
1066 1784
1066 1874
1067 1124
1067 1191
1067 1385
1067 1652
1067 1672
1067 1854
1068 1170
1068 1516
1068 1643
1069 1223
1069 1310
1069 1592
1069 1634
1070 1088
1070 1413
1070 1628
1070 1864
1070 1924
1071 1122
1071 1188
1071 1472
1071 1591
1071 1602
1071 1660
1071 1709
1071 1769
1071 1916
1072 1458
1072 1539
1072 1655
1073 1147
1073 1344
1073 1444
1073 1469
1073 1712
1073 1790
1075 1217
1075 1253
1075 1276
1075 1301
1075 1335
1075 1413
1075 1549
1075 1686
1076 1107
1076 1134
1076 1189
1076 1636
1076 1887
1077 1187
1077 1257
1077 1449
1078 1180
1078 1224
1078 1296
1078 1366
1078 1682
1078 1825
1078 1826
1078 1903
1079 1085
1079 1197
1079 1486
1079 1509
1079 1751
1079 1831
1079 1848
1079 1891
1079 1914
1080 1171
1080 1401
1080 1418
1080 1597
1080 1672
1080 1823
1081 1116
1081 1195
1081 1390
1081 1802
1082 1085
1082 1152
1082 1202
1082 1514
1082 1878
1083 1098
1083 1274
1083 1320
1083 1432
1083 1511
1083 1578
1083 1809
1083 1832
1084 1134
1084 1351
1084 1478
1084 1858
1085 1141
1085 1185
1085 1192
1085 1296
1085 1365
1085 1395
1085 1479
1085 1542
1085 1594
1085 1636
1086 1109
1086 1147
1086 1173
1086 1839
1087 1171
1087 1525
1087 1567
1087 1572
1087 1868
1087 1930
1087 1945
1088 1145
1088 1469
1088 1495
1088 1732
1089 1227
1089 1358
1089 1693
1089 1745
1090 1345
1090 1350
1090 1358
1090 1708
1090 1905
1091 1163
1091 1267
1091 1383
1091 1420
1091 1448
1091 1560
1091 1612
1091 1662
1091 1853
1091 1857
1092 1122
1092 1159
1092 1373
1092 1408
1092 1730
1093 1209
1093 1328
1093 1653
1093 1875
1093 1888
1094 1134
1094 1286
1094 1508
1094 1688
1095 1441
1095 1526
1095 1866
1096 1166
1096 1286
1096 1367
1096 1461
1097 1378
1097 1558
1097 1604
1097 1690
1097 1704
1097 1801
1097 1876
1098 1560
1098 1582
1098 1775
1098 1817
1098 1953
1099 1310
1099 1457
1099 1694
1100 1464
1100 1659
1100 1830
1100 1840
1101 1204
1101 1491
1101 1526
1101 1535
1101 1699
1101 1889
1102 1181
1102 1656
1102 1724
1102 1920
1103 1314
1104 1214
1104 1250
1104 1257
1104 1277
1104 1410
1104 1479
1104 1493
1104 1578
1104 1604
1104 1898
1105 1110
1105 1777
1105 1800
1105 1853
1106 1359
1106 1555
1106 1639
1106 1724
1106 1902
1107 1310
1107 1394
1107 1571
1107 1586
1107 1588
1108 1437
1108 1461
1108 1546
1108 1930
1108 1951
1109 1409
1109 1729
1109 1901
1110 1115
1110 1210
1110 1304
1110 1355
1110 1414
1110 1491
1110 1882
1111 1244
1111 1322
1111 1656
1111 1699
1111 1748
1111 1801
1111 1884
1112 1253
1112 1338
1112 1363
1112 1612
1112 1802
1112 1817
1113 1340
1113 1409
1113 1541
1113 1925
1114 1569
1114 1657
1114 1951
1115 1185
1115 1256
1115 1308
1115 1406
1115 1408
1115 1614
1115 1884
1115 1936
1116 1270
1116 1322
1116 1563
1116 1711
1116 1853
1116 1877
1116 1928
1117 1243
1117 1434
1117 1836
1118 1242
1118 1628
1118 1767
1118 1838
1118 1877
1119 1647
1120 1349
1120 1436
1120 1442
1120 1602
1120 1627
1120 1745
1120 1774
1120 1794
1120 1810
1120 1917
1121 1696
1121 1781
1122 1309
1122 1352
1122 1363
1122 1492
1122 1508
1122 1533
1122 1622
1122 1764
1122 1863
1123 1260
1123 1547
1123 1713
1124 1179
1124 1202
1124 1285
1124 1372
1124 1471
1124 1667
1124 1900
1125 1173
1125 1230
1125 1578
1125 1740
1125 1755
1125 1867
1125 1933
1126 1198
1126 1776
1126 1808
1126 1854
1127 1395
1127 1672
1127 1835
1128 1259
1128 1679
1129 1381
1129 1450
1129 1458
1129 1623
1129 1951
1130 1135
1130 1310
1130 1325
1130 1700
1130 1726
1131 1724
1131 1757
1131 1764
1132 1159
1132 1220
1132 1321
1132 1378
1132 1476
1132 1685
1132 1906
1133 1296
1133 1830
1133 1939
1133 1951
1134 1154
1134 1399
1134 1510
1134 1549
1134 1625
1134 1654
1134 1731
1134 1744
1135 1323
1136 1252
1136 1329
1137 1158
1137 1209
1137 1325
1137 1536
1137 1577
1138 1150
1138 1174
1138 1191
1138 1368
1138 1521
1138 1620
1138 1637
1138 1854
1139 1258
1139 1287
1139 1446
1139 1495
1139 1685
1139 1753
1139 1845
1140 1342
1140 1420
1140 1593
1140 1659
1140 1761
1141 1198
1141 1351
1141 1365
1141 1441
1141 1547
1141 1878
1142 1360
1142 1462
1142 1574
1142 1797
1143 1226
1143 1504
1143 1581
1143 1598
1143 1600
1143 1781
1144 1164
1144 1319
1144 1331
1144 1608
1144 1623
1144 1794
1145 1415
1146 1301
1146 1621
1146 1656
1146 1687
1146 1743
1147 1313
1147 1858
1148 1267
1148 1404
1148 1535
1148 1916
1149 1371
1149 1377
1149 1586
1150 1780
1151 1166
1151 1179
1151 1325
1151 1338
1151 1383
1151 1640
1152 1309
1152 1659
1152 1727
1152 1792
1152 1802
1152 1947
1153 1316
1153 1396
1153 1476
1153 1483
1153 1613
1153 1699
1153 1861
1154 1210
1154 1290
1154 1417
1154 1711
1154 1788
1155 1498
1155 1606
1155 1783
1155 1877
1156 1222
1156 1252
1156 1860
1156 1923
1157 1202
1157 1653
1157 1669
1157 1687
1157 1929
1158 1499
1158 1569
1158 1660
1159 1194
1159 1211
1159 1248
1159 1462
1159 1501
1159 1638
1159 1727
1159 1823
1159 1933
1160 1170
1161 1200
1161 1226
1161 1619
1162 1584
1162 1862
1162 1909
1163 1810
1164 1444
1164 1925
1165 1867
1166 1247
1166 1429
1166 1500
1166 1573
1166 1640
1166 1646
1166 1705
1166 1707
1167 1183
1167 1218
1167 1248
1167 1508
1167 1559
1167 1698
1168 1534
1168 1811
1168 1848
1169 1312
1169 1576
1169 1602
1169 1767
1169 1870
1169 1922
1170 1351
1170 1407
1170 1439
1170 1555
1170 1632
1170 1753
1170 1762
1170 1898
1171 1191
1171 1234
1171 1303
1171 1462
1171 1632
1171 1899
1172 1234
1172 1429
1172 1551
1172 1556
1173 1550
1173 1559
1173 1844
1173 1896
1174 1225
1174 1303
1174 1415
1174 1447
1174 1477
1174 1516
1174 1609
1175 1441
1175 1684
1175 1858
1175 1866
1176 1213
1176 1221
1176 1270
1176 1283
1176 1299
1176 1562
1176 1590
1176 1620
1176 1665
1176 1669
1176 1835
1176 1855
1177 1286
1177 1435
1177 1483
1177 1657
1178 1307
1178 1505
1178 1531
1178 1697
1178 1845
1178 1884
1179 1227
1179 1430
1179 1844
1180 1206
1180 1217
1180 1386
1180 1527
1180 1549
1180 1665
1180 1837
1180 1906
1181 1235
1181 1323
1181 1373
1181 1490
1181 1523
1182 1578
1182 1620
1182 1655
1182 1772
1182 1791
1183 1260
1183 1292
1183 1382
1183 1469
1183 1474
1183 1615
1183 1737
1183 1802
1183 1945
1184 1223
1184 1470
1185 1203
1185 1214
1185 1241
1185 1258
1185 1351
1185 1555
1185 1591
1185 1638
1185 1717
1185 1874
1186 1332
1186 1852
1186 1905
1186 1938
1187 1591
1187 1675
1188 1251
1188 1799
1188 1895
1189 1531
1189 1567
1189 1668
1189 1677
1189 1700
1189 1892
1190 1217
1190 1326
1190 1576
1190 1587
1190 1616
1190 1668
1190 1707
1190 1883
1191 1214
1191 1352
1191 1408
1191 1871
1192 1201
1192 1407
1192 1607
1192 1949
1193 1235
1193 1470
1193 1475
1193 1622
1194 1196
1194 1389
1194 1405
1194 1444
1194 1887
1195 1488
1195 1499
1195 1828
1196 1558
1196 1585
1196 1644
1196 1654
1197 1319
1197 1348
1197 1612
1198 1345
1198 1590
1198 1827
1198 1830
1198 1892
1199 1235
1199 1649
1199 1886
1200 1694
1200 1726
1200 1897
1201 1323
1201 1850
1202 1288
1202 1380
1202 1438
1202 1454
1202 1510
1202 1775
1202 1785
1203 1245
1203 1656
1203 1671
1203 1938
1204 1253
1204 1257
1204 1447
1204 1555
1204 1635
1204 1751
1204 1861
1204 1919
1205 1472
1205 1728
1205 1746
1205 1881
1206 1446
1207 1256
1207 1463
1207 1589
1207 1604
1207 1639
1208 1244
1208 1396
1208 1802
1209 1274
1209 1307
1209 1320
1209 1340
1209 1519
1209 1609
1209 1742
1209 1811
1209 1876
1209 1936
1210 1573
1210 1591
1210 1615
1211 1414
1211 1749
1211 1780
1211 1898
1212 1346
1212 1454
1212 1591
1212 1776
1213 1458
1213 1467
1213 1586
1213 1722
1213 1758
1214 1242
1214 1276
1214 1283
1214 1405
1214 1662
1214 1693
1215 1250
1215 1358
1215 1404
1215 1600
1215 1609
1215 1833
1215 1903
1215 1919
1216 1375
1216 1383
1216 1405
1216 1432
1216 1453
1216 1622
1216 1627
1217 1387
1217 1464
1217 1499
1217 1537
1217 1656
1217 1783
1218 1277
1218 1473
1218 1482
1218 1842
1219 1227
1219 1334
1219 1355
1219 1938
1220 1225
1220 1282
1220 1330
1220 1349
1220 1412
1220 1496
1221 1486
1221 1528
1221 1913
1222 1250
1222 1331
1222 1478
1222 1721
1222 1748
1222 1819
1222 1868
1223 1685
1224 1486
1224 1504
1224 1518
1224 1521
1224 1926
1225 1290
1225 1417
1225 1482
1225 1658
1225 1671
1225 1831
1226 1234
1226 1452
1226 1514
1226 1585
1226 1822
1227 1492
1227 1760
1228 1293
1228 1339
1228 1354
1228 1843
1229 1392
1229 1866
1230 1326
1230 1482
1230 1762
1231 1347
1231 1756
1231 1805
1231 1953
1232 1484
1232 1821
1232 1836
1233 1492
1233 1548
1233 1684
1233 1791
1233 1929
1234 1519
1234 1776
1234 1953
1235 1411
1235 1630
1235 1637
1235 1694
1236 1629
1236 1802
1237 1550
1237 1551
1237 1594
1237 1627
1237 1636
1237 1828
1237 1829
1237 1936
1238 1395
1238 1401
1239 1455
1239 1879
1239 1946
1240 1774
1240 1900
1240 1946
1241 1607
1242 1463
1242 1542
1242 1742
1242 1746
1242 1850
1243 1344
1243 1658
1243 1679
1243 1681
1243 1711
1244 1674
1244 1755
1244 1852
1244 1942
1245 1283
1245 1385
1245 1386
1245 1433
1245 1460
1245 1567
1245 1737
1245 1887
1246 1657
1246 1714
1246 1835
1247 1470
1247 1682
1247 1716
1247 1779
1247 1838
1247 1908
1248 1402
1248 1445
1249 1255
1249 1575
1249 1701
1250 1736
1250 1803
1251 1787
1252 1269
1252 1310
1252 1754
1252 1902
1252 1938
1253 1669
1253 1694
1253 1713
1253 1751
1254 1633
1254 1682
1254 1702
1254 1941
1254 1949
1255 1426
1255 1546
1255 1659
1256 1766
1256 1808
1256 1808
1256 1874
1257 1355
1257 1651
1257 1853
1257 1947
1258 1814
1258 1863
1258 1893
1259 1289
1259 1761
1259 1765
1259 1827
1260 1390
1260 1672
1260 1845
1261 1513
1261 1516
1261 1571
1261 1647
1261 1727
1262 1387
1262 1506
1262 1596
1262 1762
1262 1900
1263 1498
1263 1528
1263 1611
1263 1643
1263 1843
1263 1844
1264 1384
1264 1397
1264 1482
1264 1561
1264 1729
1264 1771
1264 1882
1265 1297
1265 1331
1265 1345
1265 1493
1265 1732
1265 1807
1266 1301
1266 1474
1266 1660
1266 1755
1266 1758
1266 1906
1267 1291
1267 1296
1267 1544
1267 1563
1267 1749
1267 1949
1268 1405
1268 1469
1269 1291
1269 1374
1269 1414
1269 1472
1269 1632
1269 1846
1269 1846
1270 1324
1270 1624
1270 1753
1270 1840
1271 1677
1271 1880
1272 1366
1272 1539
1272 1581
1273 1301
1273 1338
1273 1574
1273 1636
1273 1780
1274 1540
1274 1788
1274 1819
1275 1324
1275 1341
1275 1351
1275 1385
1275 1587
1275 1749
1276 1554
1276 1568
1276 1625
1276 1630
1276 1695
1276 1762
1276 1771
1277 1422
1278 1456
1278 1582
1278 1649
1278 1697
1279 1419
1279 1485
1279 1735
1280 1514
1280 1853
1281 1405
1281 1424
1281 1854
1281 1893
1282 1477
1283 1334
1283 1356
1283 1375
1283 1471
1283 1769
1283 1875
1283 1900
1283 1906
1284 1469
1284 1895
1285 1298
1285 1375
1285 1385
1285 1719
1285 1743
1286 1483
1286 1496
1286 1603
1286 1721
1286 1765
1286 1794
1287 1449
1287 1484
1287 1546
1287 1844
1288 1464
1288 1603
1288 1643
1288 1847
1288 1904
1289 1591
1289 1622
1290 1907
1291 1299
1291 1356
1291 1616
1291 1650
1292 1470
1292 1828
1292 1924
1293 1891
1294 1529
1294 1540
1294 1663
1294 1830
1294 1946
1295 1330
1295 1722
1295 1797
1295 1797
1295 1921
1296 1306
1296 1527
1296 1541
1296 1735
1298 1308
1298 1404
1298 1501
1298 1591
1298 1625
1298 1719
1299 1616
1300 1511
1300 1533
1301 1730
1301 1787
1301 1790
1302 1606
1302 1657
1302 1743
1302 1851
1303 1759
1303 1836
1304 1564
1304 1862
1304 1866
1305 1340
1305 1433
1305 1621
1305 1682
1305 1769
1305 1878
1306 1549
1306 1606
1306 1690
1306 1825
1306 1950
1307 1467
1307 1595
1307 1648
1307 1754
1308 1409
1308 1435
1308 1438
1308 1861
1308 1890
1309 1312
1309 1475
1309 1485
1309 1708
1309 1741
1309 1899
1310 1776
1310 1797
1311 1316
1311 1323
1311 1328
1311 1558
1311 1565
1311 1749
1311 1892
1312 1527
1312 1645
1312 1650
1312 1785
1313 1452
1313 1605
1313 1652
1314 1417
1314 1645
1314 1907
1315 1350
1315 1560
1315 1579
1315 1695
1315 1770
1315 1925
1315 1949
1316 1457
1316 1766
1316 1822
1316 1914
1317 1323
1317 1438
1317 1598
1318 1320
1318 1704
1318 1851
1319 1330
1319 1566
1319 1729
1320 1532
1320 1946
1321 1396
1321 1519
1321 1553
1321 1668
1321 1709
1321 1725
1321 1772
1321 1885
1323 1362
1323 1702
1323 1904
1324 1397
1324 1429
1324 1577
1324 1645
1324 1950
1325 1827
1326 1472
1326 1643
1327 1885
1328 1518
1328 1657
1328 1684
1328 1732
1328 1819
1328 1865
1329 1830
1330 1421
1330 1766
1331 1381
1331 1516
1331 1614
1331 1757
1332 1611
1332 1813
1333 1392
1333 1735
1333 1752
1333 1877
1333 1947
1334 1449
1334 1569
1334 1599
1334 1842
1335 1554
1335 1632
1335 1637
1335 1668
1335 1836
1335 1850
1335 1928
1335 1950
1336 1483
1336 1501
1336 1567
1337 1609
1337 1613
1337 1662
1337 1798
1337 1870
1338 1471
1338 1647
1338 1727
1338 1792
1339 1434
1339 1452
1339 1518
1339 1716
1339 1727
1339 1876
1340 1385
1340 1743
1340 1870
1341 1384
1341 1407
1341 1599
1341 1612
1341 1901
1342 1393
1342 1467
1342 1764
1342 1811
1342 1897
1343 1466
1343 1559
1343 1685
1344 1399
1344 1445
1344 1456
1344 1547
1344 1718
1344 1949
1345 1625
1345 1633
1345 1727
1346 1673
1346 1699
1346 1803
1346 1873
1347 1763
1348 1372
1348 1438
1348 1681
1349 1392
1349 1432
1349 1517
1349 1919
1350 1471
1350 1472
1350 1550
1350 1568
1350 1678
1350 1944
1351 1596
1351 1662
1352 1555
1352 1700
1352 1738
1353 1539
1353 1729
1355 1369
1355 1496
1355 1930
1355 1935
1355 1948
1356 1368
1356 1541
1356 1836
1357 1365
1357 1405
1357 1445
1357 1843
1357 1908
1358 1378
1358 1508
1358 1513
1358 1533
1358 1807
1358 1807
1358 1914
1359 1429
1359 1810
1360 1398
1360 1518
1361 1410
1361 1607
1361 1689
1362 1414
1362 1751
1362 1853
1362 1867
1362 1877
1363 1472
1363 1626
1363 1681
1364 1474
1364 1493
1364 1546
1364 1697
1364 1796
1364 1879
1364 1908
1365 1418
1365 1611
1365 1755
1366 1700
1366 1763
1367 1527
1367 1617
1367 1639
1368 1893
1369 1894
1370 1510
1370 1806
1370 1835
1371 1486
1371 1559
1371 1821
1372 1454
1372 1467
1372 1502
1372 1821
1372 1840
1373 1790
1374 1638
1374 1740
1374 1858
1375 1833
1376 1436
1376 1584
1376 1670
1376 1719
1376 1822
1376 1885
1376 1887
1377 1593
1377 1610
1377 1764
1378 1424
1378 1481
1378 1613
1378 1655
1378 1795
1379 1575
1379 1668
1379 1910
1380 1763
1381 1438
1381 1584
1381 1660
1382 1440
1382 1585
1382 1696
1382 1848
1383 1614
1383 1626
1383 1857
1383 1892
1383 1933
1384 1485
1384 1638
1384 1696
1384 1862
1385 1586
1385 1594
1385 1630
1386 1638
1386 1672
1386 1774
1386 1845
1386 1873
1386 1909
1387 1501
1387 1796
1388 1548
1388 1603
1389 1446
1389 1452
1389 1559
1389 1750
1389 1767
1389 1818
1390 1778
1390 1919
1391 1584
1391 1909
1392 1453
1392 1739
1392 1880
1392 1952
1393 1774
1393 1865
1393 1928
1394 1532
1394 1657
1394 1798
1395 1425
1395 1548
1395 1645
1396 1711
1397 1566
1397 1582
1397 1615
1397 1877
1398 1747
1398 1773
1399 1725
1399 1734
1400 1448
1400 1520
1400 1550
1400 1602
1400 1705
1400 1711
1401 1477
1401 1495
1401 1562
1401 1749
1401 1932
1402 1437
1402 1574
1402 1669
1403 1406
1403 1827
1404 1519
1404 1521
1404 1778
1404 1894
1405 1470
1405 1608
1405 1619
1405 1817
1405 1840
1405 1950
1406 1482
1407 1554
1407 1632
1407 1690
1407 1748
1408 1442
1408 1543
1408 1579
1408 1757
1409 1626
1409 1661
1409 1691
1409 1696
1410 1466
1410 1715
1410 1778
1410 1824
1411 1633
1411 1817
1411 1875
1412 1526
1412 1541
1412 1575
1412 1685
1412 1780
1412 1847
1413 1617
1413 1649
1413 1760
1413 1852
1414 1525
1414 1618
1414 1720
1414 1769
1414 1771
1414 1896
1414 1915
1414 1930
1415 1591
1415 1625
1415 1851
1415 1908
1416 1561
1416 1595
1416 1769
1416 1795
1416 1836
1417 1418
1417 1563
1417 1771
1418 1843
1418 1903
1419 1455
1419 1533
1419 1720
1420 1487
1420 1615
1420 1910
1421 1423
1421 1813
1421 1850
1421 1891
1421 1922
1422 1593
1422 1716
1422 1734
1423 1777
1424 1803
1425 1722
1426 1685
1426 1751
1426 1879
1426 1897
1427 1437
1427 1833
1427 1854
1428 1801
1428 1842
1428 1895
1428 1898
1428 1933
1429 1513
1429 1798
1429 1850
1429 1885
1430 1610
1430 1800
1430 1837
1431 1604
1431 1639
1431 1643
1431 1886
1432 1742
1432 1873
1433 1434
1433 1454
1433 1457
1433 1543
1433 1560
1433 1605
1433 1780
1434 1615
1434 1670
1434 1679
1434 1731
1435 1626
1435 1677
1435 1690
1435 1698
1436 1596
1436 1616
1436 1892
1436 1923
1437 1570
1438 1823
1438 1907
1439 1587
1439 1719
1440 1647
1440 1697
1441 1898
1441 1926
1442 1685
1442 1695
1443 1460
1443 1507
1443 1509
1443 1906
1444 1529
1444 1666
1444 1673
1445 1508
1445 1591
1445 1609
1446 1479
1446 1775
1447 1527
1447 1782
1447 1847
1447 1938
1448 1937
1449 1588
1449 1741
1449 1842
1450 1611
1451 1731
1451 1901
1452 1680
1453 1503
1453 1526
1453 1536
1454 1493
1454 1589
1454 1782
1454 1882
1455 1811
1455 1881
1456 1512
1456 1840
1456 1868
1456 1927
1457 1802
1460 1576
1460 1687
1460 1719
1460 1776
1461 1624
1461 1641
1462 1634
1462 1785
1462 1807
1462 1889
1462 1903
1463 1550
1464 1660
1464 1771
1465 1543
1465 1766
1465 1809
1465 1814
1466 1712
1467 1716
1467 1727
1467 1868
1467 1911
1468 1480
1468 1510
1468 1604
1468 1649
1468 1786
1468 1929
1469 1595
1469 1640
1470 1604
1470 1823
1470 1845
1470 1850
1471 1553
1471 1615
1471 1673
1471 1729
1471 1749
1471 1908
1471 1941
1472 1474
1472 1760
1472 1796
1472 1848
1472 1898
1473 1585
1473 1601
1473 1635
1473 1726
1473 1858
1474 1856
1475 1653
1475 1726
1475 1776
1475 1800
1475 1927
1476 1619
1476 1656
1476 1663
1476 1746
1477 1709
1477 1714
1478 1748
1479 1560
1479 1873
1480 1555
1480 1885
1481 1555
1481 1816
1481 1876
1482 1622
1482 1737
1482 1763
1482 1951
1483 1550
1484 1703
1485 1527
1485 1679
1485 1821
1485 1946
1486 1560
1486 1758
1486 1849
1486 1938
1488 1912
1489 1515
1489 1735
1489 1745
1490 1541
1490 1556
1490 1753
1490 1758
1491 1903
1492 1573
1492 1609
1494 1530
1494 1915
1495 1934
1496 1737
1496 1823
1497 1567
1497 1714
1497 1829
1498 1528
1498 1921
1498 1929
1498 1940
1499 1617
1499 1854
1500 1512
1500 1661
1500 1732
1500 1946
1501 1816
1501 1920
1502 1579
1502 1627
1502 1683
1502 1714
1504 1551
1504 1571
1504 1823
1504 1890
1505 1944
1506 1557
1506 1584
1506 1588
1506 1749
1507 1535
1507 1640
1507 1683
1507 1752
1507 1807
1509 1843
1509 1933
1510 1596
1510 1668
1510 1704
1510 1874
1510 1952
1510 1953
1511 1539
1512 1523
1514 1591
1514 1696
1514 1794
1514 1855
1514 1932
1515 1631
1515 1785
1515 1860
1516 1658
1516 1862
1516 1906
1517 1946
1518 1551
1518 1906
1520 1643
1520 1742
1520 1922
1521 1767
1521 1846
1524 1638
1524 1657
1524 1858
1525 1527
1525 1691
1525 1724
1525 1726
1525 1731
1525 1861
1525 1928
1526 1631
1526 1703
1526 1734
1526 1754
1526 1766
1526 1780
1526 1866
1527 1545
1527 1555
1527 1621
1527 1755
1528 1736
1528 1815
1528 1872
1529 1553
1529 1831
1530 1893
1531 1800
1532 1533
1532 1627
1532 1788
1532 1920
1532 1944
1533 1828
1534 1584
1534 1673
1534 1804
1534 1832
1534 1895
1535 1849
1536 1662
1536 1733
1536 1737
1536 1738
1536 1778
1536 1886
1537 1941
1540 1646
1540 1683
1540 1841
1540 1933
1541 1551
1541 1938
1542 1838
1542 1877
1543 1567
1543 1888
1543 1902
1544 1572
1544 1872
1544 1886
1545 1670
1545 1799
1545 1871
1545 1930
1546 1703
1546 1719
1548 1556
1549 1671
1549 1877
1550 1634
1550 1703
1550 1830
1550 1898
1550 1951
1551 1701
1552 1708
1552 1750
1552 1867
1553 1640
1553 1721
1553 1810
1553 1930
1554 1647
1554 1723
1554 1905
1555 1621
1555 1783
1555 1785
1555 1889
1556 1652
1557 1618
1557 1696
1557 1703
1557 1850
1557 1873
1558 1858
1558 1932
1559 1757
1560 1618
1560 1896
1560 1941
1561 1860
1562 1619
1562 1682
1562 1716
1562 1791
1562 1840
1563 1935
1564 1648
1564 1871
1565 1783
1565 1795
1566 1639
1566 1805
1567 1637
1567 1656
1567 1736
1569 1706
1569 1816
1569 1883
1570 1584
1570 1760
1570 1940
1571 1588
1571 1825
1571 1829
1571 1835
1572 1582
1572 1715
1572 1751
1572 1815
1572 1864
1573 1838
1573 1851
1574 1642
1574 1683
1575 1673
1575 1686
1575 1735
1575 1796
1575 1887
1575 1894
1575 1917
1576 1749
1576 1907
1577 1618
1577 1928
1578 1807
1579 1662
1580 1620
1581 1774
1582 1622
1582 1660
1582 1791
1582 1807
1583 1625
1583 1679
1584 1599
1584 1683
1584 1840
1584 1949
1585 1597
1585 1757
1585 1842
1585 1876
1586 1753
1587 1628
1587 1697
1587 1784
1587 1862
1588 1709
1588 1756
1588 1913
1589 1918
1589 1931
1590 1625
1590 1948
1591 1600
1591 1612
1591 1642
1591 1691
1591 1847
1592 1630
1593 1744
1593 1903
1594 1603
1594 1737
1595 1700
1595 1741
1595 1922
1596 1749
1597 1794
1599 1797
1600 1721
1600 1722
1600 1922
1601 1927
1602 1945
1603 1700
1604 1799
1605 1713
1606 1821
1607 1880
1607 1891
1607 1927
1608 1769
1608 1827
1608 1899
1609 1662
1609 1688
1609 1796
1609 1906
1610 1625
1610 1660
1612 1698
1612 1904
1612 1932
1613 1689
1613 1696
1614 1709
1615 1929
1616 1840
1616 1937
1617 1650
1619 1820
1620 1698
1620 1727
1620 1924
1621 1709
1621 1922
1622 1654
1622 1727
1623 1792
1623 1881
1623 1923
1624 1808
1624 1939
1626 1765
1626 1782
1628 1684
1628 1931
1629 1725
1629 1742
1629 1816
1629 1930
1630 1714
1630 1922
1631 1885
1632 1849
1632 1864
1634 1653
1634 1766
1634 1807
1635 1681
1635 1688
1635 1725
1636 1682
1636 1783
1637 1686
1637 1820
1637 1847
1639 1724
1639 1859
1640 1690
1640 1725
1640 1802
1641 1712
1642 1674
1644 1869
1644 1889
1644 1925
1645 1698
1645 1754
1646 1784
1646 1859
1647 1869
1647 1904
1648 1815
1648 1938
1649 1756
1649 1816
1649 1848
1649 1895
1650 1727
1650 1849
1651 1699
1651 1701
1651 1887
1651 1894
1651 1932
1652 1910
1653 1704
1653 1755
1653 1843
1653 1904
1654 1663
1655 1670
1655 1939
1656 1841
1658 1707
1659 1740
1660 1863
1661 1788
1661 1881
1663 1685
1663 1861
1663 1893
1664 1910
1664 1921
1665 1691
1665 1706
1665 1905
1666 1703
1666 1733
1666 1761
1666 1806
1667 1833
1668 1710
1668 1832
1669 1815
1670 1711
1671 1684
1671 1727
1671 1889
1672 1727
1672 1888
1675 1863
1675 1897
1676 1678
1677 1715
1677 1773
1677 1779
1677 1807
1677 1891
1678 1774
1678 1800
1678 1810
1679 1691
1679 1799
1679 1891
1679 1916
1679 1952
1681 1812
1681 1859
1681 1887
1681 1949
1683 1710
1683 1754
1683 1925
1684 1808
1684 1836
1686 1842
1687 1863
1687 1872
1689 1721
1689 1812
1690 1770
1690 1872
1690 1945
1691 1855
1692 1756
1692 1892
1692 1914
1693 1799
1693 1886
1694 1831
1694 1903
1695 1941
1696 1768
1697 1765
1697 1878
1697 1894
1698 1804
1698 1928
1699 1709
1699 1717
1699 1834
1700 1756
1700 1895
1701 1848
1702 1882
1703 1871
1705 1836
1705 1856
1706 1842
1707 1753
1707 1785
1707 1856
1708 1903
1709 1827
1709 1859
1709 1909
1710 1743
1710 1850
1710 1889
1711 1940
1713 1914
1714 1936
1715 1839
1717 1869
1718 1758
1719 1829
1720 1934
1721 1899
1722 1807
1722 1830
1723 1780
1723 1835
1723 1878
1723 1883
1723 1899
1724 1847
1726 1735
1726 1817
1726 1822
1728 1748
1728 1748
1728 1790
1728 1832
1728 1896
1728 1920
1729 1766
1730 1732
1730 1822
1730 1852
1732 1868
1733 1782
1734 1899
1735 1871
1735 1925
1736 1884
1736 1897
1738 1746
1738 1903
1738 1920
1739 1871
1741 1824
1742 1935
1742 1943
1745 1923
1746 1919
1746 1923
1747 1800
1747 1859
1747 1908
1747 1921
1748 1782
1748 1920
1750 1813
1750 1829
1751 1758
1751 1880
1752 1759
1754 1917
1755 1766
1755 1778
1758 1824
1758 1875
1759 1921
1760 1801
1761 1780
1762 1840
1762 1845
1764 1765
1764 1875
1766 1800
1767 1868
1768 1770
1768 1787
1769 1784
1771 1861
1773 1949
1774 1907
1775 1854
1777 1824
1777 1864
1777 1886
1777 1895
1779 1859
1779 1881
1779 1929
1779 1946
1785 1854
1785 1903
1786 1845
1786 1902
1786 1948
1787 1828
1793 1803
1794 1799
1794 1910
1794 1913
1795 1876
1796 1805
1796 1834
1798 1933
1801 1841
1802 1863
1802 1914
1807 1916
1812 1877
1812 1931
1819 1863
1821 1924
1821 1938
1823 1876
1823 1878
1823 1947
1824 1917
1826 1939
1827 1833
1827 1936
1828 1869
1828 1944
1830 1840
1831 1871
1832 1887
1832 1934
1836 1921
1836 1931
1837 1936
1839 1859
1840 1908
1841 1868
1841 1953
1844 1849
1844 1875
1848 1946
1850 1894
1850 1899
1854 1889
1857 1944
1859 1877
1859 1916
1859 1924
1861 1862
1862 1894
1870 1933
1876 1945
1879 1898
1881 1930
1882 1886
1882 1889
1882 1895
1883 1927
1884 1929
1890 1910
1896 1909
1899 1904
1906 1936
1912 1931
1914 1937
1914 1939
1915 1921
1919 1942
1922 1929
1941 1949
