97 154
1 14
1 33
2 18
2 21
2 27
2 52
2 76
3 41
3 59
3 59
3 84
3 97
4 19
5 16
5 38
5 44
5 47
5 68
5 70
5 72
5 79
5 83
6 31
6 41
6 47
6 95
7 9
7 45
7 68
7 90
8 13
8 57
9 49
9 58
10 18
11 32
12 43
12 72
13 46
13 67
13 81
14 19
14 24
14 54
15 53
15 65
15 72
15 81
16 53
16 62
16 85
17 42
17 44
17 75
18 22
19 22
19 38
19 63
19 87
20 73
22 38
22 52
22 57
22 82
23 60
23 61
24 29
24 93
25 77
26 46
26 56
26 66
26 69
27 42
27 83
27 96
28 35
28 44
28 49
28 55
28 77
28 95
29 44
29 64
29 82
29 85
30 52
30 62
30 72
30 86
31 54
31 60
31 67
31 80
32 71
32 77
33 91
34 36
34 39
34 97
35 96
36 44
37 46
38 40
38 44
40 44
41 63
41 70
41 94
42 97
44 90
45 53
46 84
47 56
47 58
48 49
48 94
48 97
49 58
49 78
50 58
50 75
50 95
50 97
51 72
52 60
52 65
52 73
52 78
53 71
53 75
53 84
54 64
54 65
54 81
55 73
57 64
57 80
60 79
63 64
63 73
64 70
64 89
66 70
67 80
68 73
68 74
68 92
72 95
72 95
77 88
79 92
80 90
86 94
