92 255
1 13
1 34
1 41
1 48
1 53
1 61
1 67
1 69
1 73
1 87
2 24
2 24
2 47
2 49
2 63
2 82
2 88
3 22
3 23
3 35
3 42
3 44
3 68
3 70
3 75
3 77
4 7
4 12
4 18
4 30
4 48
4 55
4 56
4 61
4 89
5 11
5 13
5 72
5 72
5 90
6 12
6 19
6 39
6 45
6 88
7 12
7 54
7 60
7 64
7 77
8 10
8 22
8 22
8 29
8 46
8 72
8 76
9 58
9 66
9 67
9 68
9 84
9 87
10 17
10 19
10 30
10 39
10 48
10 59
10 86
11 43
11 56
11 66
11 68
11 78
11 78
12 49
12 72
13 19
13 28
13 41
13 77
14 19
14 23
14 24
14 41
14 67
14 78
15 21
15 33
15 50
15 64
15 90
15 91
16 45
16 68
16 91
17 19
17 20
17 27
17 41
18 32
19 33
19 59
19 68
20 32
20 50
21 24
21 31
21 43
21 68
22 25
22 62
22 77
22 85
23 36
23 81
23 83
23 91
23 91
24 29
24 43
24 47
24 48
24 56
24 57
24 61
24 88
25 27
25 55
25 67
25 90
26 36
26 65
26 66
26 81
28 31
28 43
28 47
29 48
29 66
29 70
30 65
30 76
31 35
31 52
31 75
31 76
31 87
32 78
32 80
32 81
32 84
33 66
33 67
33 72
33 81
34 37
34 38
34 46
34 68
34 73
34 74
34 74
35 67
35 69
36 79
37 44
37 76
37 91
38 41
38 48
38 52
38 79
38 88
39 74
40 48
40 68
40 90
41 43
41 46
41 69
41 77
42 48
42 61
43 59
43 82
44 45
44 47
44 60
44 79
45 57
45 61
45 62
45 75
46 54
46 65
46 70
46 81
47 75
47 77
47 86
48 70
49 52
49 69
49 74
49 79
49 91
50 84
51 57
51 80
52 75
53 76
53 80
54 71
54 76
54 86
55 73
56 81
56 85
56 88
56 90
57 59
57 72
58 71
58 89
58 89
59 71
59 81
59 90
60 67
60 69
61 86
62 86
63 86
67 87
70 84
71 73
72 73
72 76
76 80
77 83
77 88
77 89
78 92
80 92
82 86
83 89
83 92
84 88
84 89
85 87
85 88
88 89
88 92
