1954 3204
1 384
1 422
1 457
1 1665
2 181
2 925
2 1771
3 305
3 572
3 1063
3 1514
3 1864
4 474
4 1532
5 1126
6 457
6 1546
6 1733
7 891
7 1056
7 1159
7 1782
8 623
8 1874
9 13
9 218
9 278
9 496
10 191
10 234
10 341
10 463
10 1089
10 1873
11 227
11 415
11 1217
11 1573
12 570
12 1796
13 540
13 1522
13 1539
13 1903
14 705
15 1259
16 661
16 1672
17 187
17 731
17 1215
18 435
18 1005
18 1138
18 1653
18 1681
19 1230
19 1234
19 1328
20 348
20 363
20 627
20 1694
21 325
21 456
21 869
21 1134
21 1345
21 1348
22 162
22 1248
23 499
23 1604
24 811
24 1182
25 1433
25 1515
25 1824
25 1931
26 321
26 771
26 1437
27 923
27 1826
28 738
28 804
29 1881
30 317
30 694
30 839
30 994
30 1239
30 1776
31 604
31 746
32 311
32 1880
33 419
33 838
33 1434
33 1625
33 1781
34 1317
34 1395
35 262
35 315
36 83
36 509
37 1251
38 242
38 795
38 1376
38 1645
38 1780
39 706
39 1343
40 1746
41 74
41 338
41 985
42 1120
43 419
43 629
43 1065
43 1248
44 125
44 472
44 1398
45 985
45 1824
46 370
46 1102
46 1161
46 1630
46 1645
47 189
47 491
47 634
47 1095
48 1020
48 1185
48 1488
49 305
49 1317
49 1528
49 1616
50 896
51 371
51 655
51 1850
52 399
52 808
52 1228
52 1940
53 88
53 1058
54 439
54 550
54 572
54 977
55 84
55 813
55 1058
56 927
57 775
57 1401
57 1538
58 333
58 930
58 1045
59 1208
60 180
61 229
61 1664
61 1800
61 1924
62 352
62 1431
62 1566
63 146
63 490
64 1068
64 1140
64 1351
65 271
65 900
65 1030
65 1735
65 1949
66 229
67 806
67 1223
68 738
68 829
68 901
68 1522
68 1920
69 501
69 862
69 1193
69 1476
70 652
70 850
70 1928
71 656
71 665
71 752
71 791
71 1114
71 1362
71 1405
72 870
72 879
72 940
72 963
72 1585
72 1655
73 431
73 571
73 1002
73 1539
74 329
74 1723
74 1856
75 912
75 930
75 1114
75 1571
76 706
76 1872
77 95
77 271
77 607
77 1004
77 1726
78 579
78 1199
78 1715
79 97
79 1082
79 1405
80 1276
80 1408
81 710
81 1474
81 1512
81 1725
82 460
82 642
82 778
82 1238
83 1675
83 1701
84 943
85 1232
86 256
86 1213
86 1661
87 460
88 715
88 1575
89 486
89 1185
90 251
90 1145
90 1311
91 232
91 526
91 1313
92 486
92 891
92 1005
92 1407
93 212
93 622
93 869
94 199
94 1302
95 588
95 1296
95 1520
96 370
96 947
96 972
97 248
97 407
97 1084
97 1859
98 777
98 926
98 1073
98 1708
99 541
99 1891
100 991
100 1175
100 1257
100 1708
100 1837
100 1947
101 228
101 419
101 550
101 617
101 654
102 442
102 728
102 1022
102 1154
103 323
103 722
103 1459
104 510
104 798
104 907
104 1133
104 1564
104 1832
105 629
105 662
105 1391
106 724
106 1235
106 1260
106 1599
107 699
107 715
107 1073
107 1272
108 375
108 377
109 148
109 163
109 413
109 1617
109 1813
110 1597
111 362
111 457
111 613
111 1652
111 1764
112 203
112 810
113 1210
113 1852
114 171
114 850
114 1062
114 1730
115 865
115 1887
116 1129
116 1525
117 803
117 1106
118 1324
118 1685
119 659
120 1047
120 1699
120 1768
121 514
121 1515
121 1676
122 368
122 613
122 691
122 1163
122 1857
122 1914
123 183
123 600
124 199
124 613
124 927
124 948
124 1534
125 396
125 889
125 1384
125 1877
126 684
126 786
126 1030
126 1691
126 1905
127 594
127 737
127 983
127 1637
127 1934
128 351
128 1380
128 1933
129 310
129 513
129 1349
129 1498
129 1716
130 919
130 1570
131 533
131 876
131 958
131 1262
132 136
132 723
132 740
132 1789
133 941
133 1124
133 1534
133 1598
134 230
134 349
134 787
134 1063
134 1889
135 427
135 529
135 607
135 1015
136 495
136 1515
136 1752
137 220
137 343
137 911
137 1032
138 1207
138 1485
139 221
139 489
139 752
139 809
139 1606
139 1660
140 162
140 201
140 1169
141 849
141 1058
141 1443
142 560
142 782
142 1227
142 1664
143 1010
143 1499
143 1550
144 181
144 673
144 746
145 189
145 740
145 1109
146 1352
146 1467
146 1631
147 1352
148 260
148 1819
149 721
149 1244
149 1406
150 1066
150 1489
151 1506
152 603
152 713
152 1181
152 1445
153 1856
153 1931
154 1166
154 1831
155 205
155 266
155 1325
155 1848
156 280
156 897
156 1345
156 1378
157 200
157 755
157 902
158 272
158 382
158 1213
158 1547
158 1785
159 803
159 1071
159 1301
160 892
161 228
161 1781
162 1543
163 1631
164 1351
164 1913
165 204
165 368
165 651
165 779
165 1811
166 169
167 244
167 627
167 797
167 1064
168 471
169 728
169 1000
169 1150
169 1375
170 278
170 541
170 1459
170 1558
171 525
171 671
171 1796
172 269
172 1083
172 1466
172 1556
173 476
173 537
174 327
174 1158
175 492
175 916
176 402
176 887
176 1646
176 1766
176 1914
177 556
177 755
177 1138
177 1695
178 686
178 1321
179 491
179 1383
179 1768
180 754
180 1561
181 233
181 269
181 855
181 1186
181 1474
181 1642
181 1654
182 934
183 969
183 1466
184 400
184 757
184 1067
184 1686
185 1577
186 232
186 315
186 520
186 1149
187 1612
188 255
188 524
188 1240
188 1386
188 1483
190 278
190 395
190 980
190 1892
191 1415
192 372
192 1326
192 1769
193 983
193 1333
193 1480
193 1575
194 257
194 569
195 1723
196 1083
196 1608
197 737
197 1383
197 1724
198 258
198 631
198 1076
198 1827
199 1036
199 1584
199 1686
200 557
200 766
201 287
201 687
201 1427
201 1582
202 272
202 368
202 418
202 516
202 696
202 868
203 269
203 712
203 1290
203 1740
203 1857
205 1061
205 1430
206 1050
206 1734
206 1826
206 1894
207 1810
208 1404
208 1463
209 540
209 1193
209 1945
210 819
210 1238
210 1621
211 262
211 863
211 1345
211 1489
212 642
212 1044
212 1668
213 489
213 567
213 1132
213 1271
213 1650
214 991
214 1206
214 1383
214 1728
215 327
215 386
215 1907
216 1272
217 913
217 1520
218 1938
219 1274
219 1378
220 1035
220 1142
220 1199
220 1587
220 1796
221 362
221 716
221 966
221 1876
221 1906
222 734
223 1514
224 879
224 1630
224 1769
224 1774
225 498
225 781
226 760
226 845
226 1089
228 995
229 443
229 632
230 611
231 630
231 1741
232 482
232 1691
232 1737
233 1193
233 1746
233 1838
234 1479
235 250
235 479
235 503
235 1855
236 791
236 1284
236 1486
237 431
237 1197
237 1381
237 1836
238 949
238 1077
238 1314
238 1710
238 1898
239 299
239 623
240 552
241 472
242 317
242 1519
242 1814
242 1909
243 644
244 1114
244 1701
244 1843
244 1868
245 1243
245 1278
246 449
246 939
247 916
247 957
248 286
249 432
249 1320
250 402
250 865
250 1726
251 1428
251 1554
252 469
252 1758
252 1785
253 447
253 700
253 773
253 1250
253 1384
253 1936
254 452
254 465
254 688
254 992
254 1580
255 1095
256 705
256 853
256 916
256 1158
256 1486
257 460
257 1053
257 1224
257 1724
257 1947
258 270
258 1549
258 1835
259 604
259 1699
260 748
260 1333
261 331
262 374
262 1253
263 1069
263 1361
263 1422
264 1646
265 384
265 1551
266 566
266 970
267 482
267 926
268 415
268 484
268 1697
268 1954
269 1671
269 1754
270 1256
271 294
272 317
272 444
272 674
272 1926
273 296
273 848
273 980
273 1166
273 1762
274 680
274 937
274 978
275 318
275 417
275 627
275 837
275 1932
276 901
276 1016
277 863
277 1245
278 712
278 923
279 1269
279 1302
279 1564
280 1295
280 1747
281 946
282 353
282 775
283 603
283 1730
284 461
284 737
284 870
284 1953
285 990
285 1239
286 790
287 1248
287 1574
288 357
288 555
288 624
288 638
288 1520
288 1940
289 987
290 830
290 1319
291 796
292 796
292 805
293 335
293 545
293 1170
293 1273
293 1652
294 1144
294 1565
294 1852
294 1864
295 487
295 991
295 1361
295 1532
296 1553
297 357
297 662
297 765
297 867
297 947
298 447
299 559
299 628
299 1044
299 1295
300 560
300 1093
300 1615
301 704
301 750
301 1184
301 1891
302 1066
302 1669
303 711
303 869
304 477
304 661
304 1065
305 344
306 341
306 507
306 797
307 1076
307 1493
307 1824
308 911
308 1114
308 1239
309 1218
310 840
310 886
311 1683
311 1821
311 1916
312 458
312 851
312 1540
312 1641
313 499
313 1092
314 722
314 791
314 1657
314 1764
316 376
316 1397
317 459
317 599
317 1124
317 1173
318 592
318 1086
319 1793
320 860
320 1064
321 450
321 767
321 935
322 634
322 1494
322 1882
323 1143
323 1337
324 1098
324 1114
324 1418
325 397
325 588
325 1603
326 713
326 1301
327 794
327 852
327 946
328 378
328 993
329 1195
329 1747
330 477
330 947
331 415
331 522
331 698
332 450
332 1745
332 1929
332 1949
334 430
334 603
334 773
334 1102
335 451
335 1302
335 1377
336 1502
336 1538
336 1572
337 1109
337 1147
338 1066
338 1067
338 1348
338 1943
339 1927
340 697
340 1804
341 548
341 972
342 681
342 867
342 1032
342 1528
342 1591
342 1655
343 683
343 969
343 1754
343 1879
344 420
344 608
344 1397
344 1707
345 942
345 1090
346 1003
346 1024
346 1639
347 743
347 1250
347 1277
347 1490
348 779
348 826
348 1210
348 1541
348 1584
349 1838
349 1881
349 1929
350 566
350 1164
351 820
352 725
353 892
353 1199
354 938
354 942
354 1288
354 1621
355 507
355 637
355 818
355 946
356 1220
356 1927
357 411
357 1193
358 469
358 810
358 1611
358 1763
359 745
359 835
359 1075
359 1081
359 1414
359 1637
360 1462
360 1513
360 1932
361 386
361 1023
361 1756
362 999
362 1472
362 1489
362 1654
363 402
363 556
363 766
363 962
363 965
363 1372
364 1292
364 1674
365 1569
366 1072
366 1415
366 1721
367 677
367 875
367 1809
368 822
368 1935
369 617
369 882
369 1654
370 521
370 847
370 1133
370 1192
370 1954
371 834
371 856
371 1412
372 445
372 1187
373 548
373 959
374 497
374 1864
375 639
375 1379
375 1948
376 967
376 981
376 1511
376 1773
377 977
377 1948
378 835
378 1336
379 553
379 1482
379 1562
380 461
380 986
380 1111
380 1263
380 1290
380 1427
381 1401
382 467
383 650
383 709
383 709
383 942
383 1393
384 645
384 1098
384 1122
384 1802
385 1099
385 1635
386 1286
387 1342
387 1345
388 865
388 1605
389 1573
390 462
390 485
390 1059
391 620
391 774
391 1216
391 1569
391 1855
392 771
392 853
392 1053
393 1428
393 1459
394 865
394 1386
395 772
396 521
397 643
397 1760
398 453
398 631
398 1064
398 1159
399 722
399 737
399 1097
399 1322
400 684
400 1007
401 1838
401 1911
402 669
403 1349
403 1542
404 768
404 1936
405 676
405 747
405 1372
405 1373
405 1393
406 521
406 1456
407 948
407 1171
407 1284
408 434
408 1723
409 1768
410 979
410 979
410 1291
410 1344
410 1410
411 1832
411 1907
412 1214
412 1606
413 614
413 1126
414 484
415 1259
415 1337
415 1427
415 1702
416 920
416 1713
417 793
417 1247
418 893
418 1154
419 1047
420 1818
421 592
421 664
421 710
421 1195
421 1646
421 1901
422 731
422 866
422 1772
423 906
423 1196
424 1385
424 1569
424 1814
425 865
425 1529
425 1563
426 881
426 1224
426 1310
426 1385
427 1534
427 1863
428 667
428 668
428 873
429 494
430 769
430 1147
430 1504
431 1351
431 1669
432 450
432 1302
432 1657
433 584
433 1055
433 1316
433 1535
434 559
434 626
434 681
434 745
435 470
435 987
435 1330
435 1787
435 1863
436 668
436 669
436 808
436 1266
436 1485
436 1626
436 1901
437 1055
437 1190
437 1678
438 857
438 1012
438 1408
438 1419
438 1534
439 1188
440 812
440 969
440 1739
441 924
441 1313
441 1669
441 1714
441 1728
442 1472
442 1843
443 644
443 802
443 1182
444 995
444 1200
444 1219
444 1565
444 1713
444 1926
445 1536
445 1648
445 1853
446 914
446 918
446 981
446 1043
446 1672
447 1162
447 1349
448 527
448 637
448 1097
448 1577
449 969
449 1022
449 1069
449 1244
449 1586
449 1901
450 1262
451 1038
451 1440
452 760
452 1070
452 1385
453 770
453 1137
453 1262
454 681
455 767
455 1000
456 976
456 992
456 1289
456 1385
456 1604
457 489
457 1033
457 1774
458 612
458 685
459 807
459 1263
460 822
461 946
462 648
462 1010
462 1145
464 1203
464 1529
465 783
465 1367
466 835
466 851
466 1303
466 1872
467 1348
467 1912
468 568
468 803
468 1444
469 1458
469 1609
470 587
470 1634
470 1733
471 1536
472 695
472 1191
472 1564
473 659
473 1755
473 1902
474 582
474 1242
475 1446
475 1528
475 1536
475 1589
476 727
476 1146
476 1777
477 1359
477 1372
478 743
478 1398
478 1811
479 747
479 1420
480 1574
480 1947
481 1105
481 1483
482 680
483 1004
483 1031
484 1732
485 531
485 1139
486 663
486 1261
486 1481
487 525
487 1872
488 1932
489 917
489 1195
490 535
490 1666
491 807
491 1170
491 1491
492 1084
492 1627
492 1792
493 856
493 908
493 1331
494 1500
495 1827
496 650
496 1480
496 1700
496 1903
497 613
497 896
497 1146
498 1949
500 1147
500 1613
500 1781
501 836
501 1450
501 1861
502 902
502 1192
502 1208
502 1524
502 1848
503 1079
503 1266
504 1034
504 1662
505 614
505 1287
505 1525
506 1248
506 1594
507 591
507 704
507 888
507 1312
507 1681
508 943
508 1143
508 1835
508 1952
509 1914
510 899
510 1010
510 1626
511 562
511 1081
511 1176
512 996
512 1889
513 546
513 1212
513 1767
514 1044
514 1157
515 953
515 1264
515 1644
515 1898
516 1109
516 1449
517 570
517 597
518 675
518 1181
518 1943
519 1611
520 1421
520 1953
521 1328
522 1147
522 1388
522 1810
523 630
523 904
523 1269
524 1225
526 551
526 882
527 1510
528 1066
529 550
529 876
529 1444
530 760
530 1584
531 666
531 1225
531 1690
532 783
532 1222
532 1275
532 1831
532 1910
533 903
533 1243
534 781
534 1402
534 1435
535 1472
536 564
536 737
536 744
536 1120
536 1155
536 1287
537 695
537 796
537 837
537 1577
538 1125
538 1641
538 1801
539 1165
539 1429
540 1017
540 1350
540 1513
541 1106
541 1219
541 1382
541 1472
541 1798
542 643
542 1204
543 958
543 1172
543 1204
543 1898
544 1185
544 1194
544 1777
545 1519
547 873
548 1483
548 1771
549 634
549 1171
549 1890
550 632
550 1140
551 1608
551 1909
552 1540
552 1826
553 636
553 971
553 1153
554 560
554 681
554 1273
554 1320
555 774
556 1323
556 1807
557 691
558 735
558 894
559 732
559 1130
560 741
561 640
561 972
562 1602
562 1837
563 814
563 1206
563 1425
563 1700
564 581
564 704
564 1527
564 1647
565 965
565 1049
565 1252
566 1001
566 1043
566 1303
567 802
567 1095
568 622
568 846
568 1744
569 627
569 1193
570 1451
571 1018
571 1952
572 1895
573 1216
573 1475
574 679
574 1775
575 725
575 1765
576 933
576 986
576 1186
577 1192
577 1484
577 1621
578 1424
578 1597
578 1880
579 692
579 1326
579 1945
580 1173
580 1840
581 1603
582 1330
582 1390
583 1196
583 1426
583 1620
584 668
584 801
584 1722
585 648
585 1447
585 1688
586 1029
586 1191
587 591
587 997
587 1492
587 1602
587 1747
588 657
589 593
589 1331
589 1926
590 1446
590 1513
591 878
592 1329
592 1407
593 841
593 1160
593 1398
593 1493
593 1714
594 654
594 895
594 1576
594 1691
595 1001
595 1390
596 800
596 1432
596 1661
596 1687
596 1854
597 1059
597 1123
597 1164
597 1199
598 612
598 1803
599 651
599 1077
599 1085
599 1130
599 1476
600 621
600 1395
601 1292
602 760
602 951
602 1311
602 1893
603 1053
603 1639
604 726
604 1257
605 732
605 1107
605 1468
606 832
606 876
606 1223
606 1548
607 1017
607 1829
607 1921
608 674
608 1086
609 703
609 1019
609 1950
610 980
610 1202
610 1820
611 776
612 1180
612 1598
613 1195
613 1259
613 1686
614 1052
614 1133
614 1448
614 1715
615 631
615 1007
615 1517
615 1877
616 625
616 1657
616 1797
616 1842
616 1870
617 1378
618 1524
618 1616
619 1467
619 1645
620 1360
620 1772
621 755
621 1082
623 1224
623 1664
623 1701
623 1709
623 1899
624 1406
624 1643
625 1737
626 717
626 1128
626 1705
629 1216
629 1288
630 973
630 1026
631 1412
632 1163
632 1335
632 1505
632 1736
633 1026
633 1032
633 1264
633 1401
634 1275
635 742
635 843
636 1851
637 952
637 1425
638 1859
640 898
640 1416
640 1422
640 1909
641 749
641 1387
641 1627
641 1724
641 1725
642 765
643 687
643 790
644 1509
644 1531
645 1214
645 1478
646 1896
647 804
647 844
647 856
647 993
647 1763
648 935
648 1060
648 1134
649 1465
649 1871
650 962
650 1040
650 1453
650 1620
651 878
651 1051
651 1861
653 764
653 958
653 1498
655 1697
655 1789
656 1280
657 1310
657 1402
658 1037
658 1286
659 1057
660 831
660 1288
660 1511
661 951
661 1064
661 1592
662 1454
663 1643
663 1899
664 1155
664 1182
664 1316
665 992
665 1480
665 1911
666 1596
666 1698
667 1321
667 1617
667 1735
668 1563
670 887
670 1114
670 1587
670 1810
671 954
671 1326
672 1153
672 1638
673 674
673 912
673 1367
673 1668
674 1333
674 1345
674 1744
675 932
675 1078
675 1533
675 1555
675 1558
676 693
676 1684
676 1800
677 1286
677 1296
677 1601
678 1366
679 1293
679 1464
681 1615
682 912
682 1819
683 1014
683 1616
684 1075
684 1365
684 1491
684 1840
685 979
685 1384
686 1770
687 1042
688 792
688 1044
688 1156
688 1246
688 1385
689 1463
690 700
690 1570
690 1699
692 1245
693 1275
694 1093
694 1764
696 859
696 959
697 1461
697 1758
698 807
698 1684
698 1941
700 854
700 935
700 1243
701 1316
702 1102
702 1432
702 1550
703 1368
703 1653
703 1707
704 921
705 802
705 822
705 1317
706 972
706 1522
707 911
707 1530
708 1022
708 1326
708 1585
708 1623
708 1883
709 990
709 1198
709 1653
710 921
710 1148
711 1015
711 1846
711 1858
712 1023
712 1393
712 1469
712 1886
713 1539
713 1600
713 1717
714 1189
714 1354
714 1679
715 1459
715 1539
717 727
717 1856
718 730
718 1135
718 1751
719 944
719 1844
720 842
720 935
721 1168
721 1770
721 1907
722 1065
722 1084
722 1106
722 1464
723 1021
724 1389
725 859
725 1391
726 1576
727 1739
729 1539
729 1739
729 1765
730 1705
730 1846
731 738
732 833
732 1544
732 1929
733 1323
733 1409
734 884
734 1267
734 1674
735 807
735 1111
735 1356
735 1728
736 1623
737 1261
739 1253
739 1880
740 837
740 885
740 1336
740 1914
741 1656
741 1920
742 1139
744 815
744 1147
744 1228
744 1682
746 1866
747 826
747 1065
747 1588
747 1902
748 879
748 1027
749 1134
749 1440
750 891
750 1084
750 1114
750 1332
751 938
751 948
751 1101
751 1810
752 957
752 1521
753 943
753 1303
753 1433
754 1233
755 1117
755 1384
755 1700
756 816
756 1262
757 1314
758 1224
758 1867
758 1915
759 1431
759 1687
760 801
760 1679
760 1888
761 1294
761 1806
762 1330
763 1206
764 1480
765 1712
766 1594
770 1573
771 1221
771 1338
771 1477
773 861
773 925
774 1337
774 1663
774 1804
775 1028
775 1554
775 1777
776 1731
777 1121
777 1715
778 1502
778 1876
779 909
779 1358
780 1833
781 1870
782 791
782 927
782 1657
782 1711
783 1006
783 1514
783 1904
784 827
784 974
785 1414
785 1637
786 1442
786 1584
788 996
789 1175
789 1518
790 955
790 1042
791 1075
791 1745
792 848
793 866
793 889
794 1884
795 1500
795 1506
796 925
796 1312
796 1352
796 1493
796 1928
797 1129
797 1469
798 936
798 1229
798 1820
799 940
801 916
801 1391
801 1427
802 908
802 1173
802 1405
802 1816
803 823
803 1170
803 1821
804 1797
805 1462
809 1046
809 1071
810 1083
810 1144
810 1273
811 1207
811 1362
812 1934
813 1215
813 1690
813 1922
814 1311
814 1344
816 1082
816 1691
817 914
817 1263
818 1896
819 1422
820 1251
820 1633
820 1910
821 831
821 1204
821 1397
822 1158
822 1284
822 1309
824 1291
824 1835
825 873
825 1088
825 1622
826 904
826 1197
827 1166
827 1360
827 1581
827 1619
827 1827
828 1254
828 1501
829 1420
829 1475
829 1645
831 853
831 1327
832 1276
832 1799
832 1825
833 1878
834 1228
834 1272
835 1214
835 1252
836 1669
837 1259
837 1339
837 1537
837 1739
838 1554
840 1016
840 1862
842 1300
842 1392
842 1409
843 1178
843 1779
844 1091
845 1545
845 1823
847 1815
847 1862
848 1045
848 1140
848 1264
848 1313
849 923
850 1279
850 1293
850 1594
851 910
851 974
851 1095
852 1211
852 1797
852 1918
853 1159
853 1463
853 1778
854 960
854 1375
854 1590
854 1817
855 1133
855 1576
856 1423
856 1913
856 1919
857 1161
857 1357
857 1566
857 1722
858 1006
859 1140
859 1755
860 1412
863 1190
863 1495
863 1855
864 983
864 1463
864 1501
865 1048
865 1214
865 1340
865 1355
867 948
867 1483
869 1377
870 991
870 1152
870 1272
871 950
871 1542
871 1683
872 890
872 895
872 1062
873 894
873 1614
874 1366
875 1019
875 1104
875 1779
877 1264
877 1412
877 1487
878 879
878 1428
879 1293
879 1856
879 1921
880 1402
880 1812
880 1912
882 1842
883 1068
883 1654
884 1209
884 1230
885 1553
885 1738
889 918
889 1119
889 1123
890 1349
891 1207
891 1396
892 1478
892 1566
893 915
893 1598
893 1874
894 937
894 1104
894 1308
895 898
895 1593
895 1930
896 951
896 1235
897 1207
898 1135
898 1337
898 1554
899 1437
899 1537
900 987
902 1818
903 1359
904 1927
905 954
905 1345
906 1570
906 1783
907 1507
909 1715
911 1851
912 1051
914 1002
914 1268
914 1302
915 1049
915 1270
915 1366
915 1833
916 956
916 1547
917 967
917 1174
917 1578
918 1069
918 1582
919 941
919 1096
919 1318
919 1431
919 1923
921 1418
922 963
922 1814
922 1924
923 1658
923 1729
924 1424
924 1608
924 1835
925 1141
926 1360
926 1571
926 1805
926 1942
927 1115
928 1480
928 1840
929 1130
930 1140
931 1944
932 1318
932 1382
932 1790
933 1319
934 1348
935 1126
935 1389
936 1921
936 1939
937 1770
938 1395
939 1230
939 1556
940 1178
940 1701
940 1710
941 1523
941 1601
942 1030
944 1560
944 1817
945 1128
946 1646
947 1268
948 1568
950 1237
951 1167
951 1441
951 1604
951 1903
952 1655
953 1096
953 1322
954 1441
954 1625
955 1013
955 1574
956 1370
956 1470
956 1706
957 1859
958 1605
959 1057
960 1183
960 1433
961 1121
961 1675
961 1680
963 1528
964 1273
964 1733
965 1514
965 1710
965 1843
966 1897
967 1177
967 1742
968 1004
968 1202
968 1304
970 1423
971 1353
972 1137
972 1720
973 1283
973 1819
974 1338
974 1502
975 1390
976 1331
976 1401
976 1683
977 1907
978 1631
978 1686
979 1605
981 1120
981 1822
982 1329
983 1322
983 1866
984 1460
984 1542
985 1417
985 1819
988 1060
988 1187
988 1723
989 1462
990 1246
990 1815
992 1198
992 1531
994 1628
994 1693
994 1759
995 1173
996 1087
996 1800
996 1835
997 1326
998 1620
999 1426
1000 1775
1002 1678
1003 1061
1003 1181
1003 1348
1003 1737
1004 1326
1005 1697
1005 1732
1006 1443
1007 1260
1008 1649
1009 1703
1009 1947
1010 1071
1010 1944
1011 1139
1011 1316
1012 1765
1013 1314
1013 1318
1015 1457
1015 1693
1016 1502
1016 1696
1017 1136
1017 1319
1017 1854
1018 1369
1019 1667
1019 1706
1020 1190
1021 1068
1021 1111
1021 1654
1021 1664
1022 1323
1022 1673
1023 1601
1023 1668
1025 1058
1025 1735
1025 1813
1026 1283
1026 1510
1026 1524
1026 1714
1026 1829
1027 1658
1027 1843
1028 1183
1028 1185
1029 1568
1029 1731
1029 1740
1031 1130
1032 1294
1032 1315
1033 1604
1033 1858
1034 1288
1034 1330
1034 1830
1035 1146
1035 1452
1035 1621
1035 1929
1036 1097
1036 1166
1036 1820
1038 1583
1038 1892
1039 1326
1039 1590
1040 1500
1041 1872
1042 1119
1043 1176
1044 1235
1044 1800
1045 1189
1045 1266
1045 1754
1045 1755
1046 1285
1046 1500
1049 1115
1049 1506
1049 1645
1049 1834
1053 1074
1053 1645
1053 1888
1054 1102
1054 1574
1054 1779
1054 1830
1055 1220
1056 1682
1057 1188
1057 1236
1057 1692
1057 1734
1060 1077
1061 1167
1061 1260
1061 1899
1063 1079
1063 1330
1063 1839
1064 1218
1064 1479
1065 1774
1066 1735
1066 1953
1069 1482
1070 1141
1070 1305
1070 1346
1070 1872
1071 1812
1072 1107
1073 1827
1074 1439
1074 1484
1074 1682
1074 1763
1075 1078
1075 1664
1076 1535
1076 1595
1076 1785
1078 1412
1080 1513
1082 1452
1082 1887
1085 1936
1086 1276
1087 1275
1087 1909
1088 1173
1088 1536
1088 1811
1089 1565
1091 1626
1091 1804
1092 1576
1092 1863
1094 1651
1095 1529
1096 1263
1097 1382
1097 1551
1097 1649
1097 1950
1098 1342
1099 1306
1099 1783
1099 1801
1100 1575
1100 1597
1100 1712
1101 1524
1102 1281
1102 1299
1102 1796
1103 1259
1103 1940
1105 1387
1105 1704
1106 1693
1106 1923
1108 1463
1108 1620
1109 1216
1110 1113
1110 1612
1110 1862
1111 1339
1111 1462
1112 1574
1113 1689
1115 1801
1116 1186
1117 1465
1117 1579
1118 1755
1119 1488
1120 1699
1121 1265
1121 1577
1121 1616
1122 1213
1122 1364
1122 1699
1122 1849
1125 1863
1127 1235
1128 1665
1129 1339
1131 1285
1131 1895
1132 1628
1132 1798
1134 1271
1136 1234
1136 1327
1136 1458
1137 1289
1137 1893
1138 1268
1139 1870
1140 1453
1140 1847
1141 1294
1142 1640
1142 1656
1142 1762
1142 1922
1143 1255
1143 1601
1144 1512
1145 1423
1145 1909
1146 1447
1148 1859
1149 1248
1150 1476
1150 1785
1151 1499
1151 1690
1152 1784
1158 1376
1158 1432
1158 1533
1158 1666
1159 1351
1160 1162
1160 1310
1161 1934
1162 1648
1163 1171
1164 1219
1165 1416
1165 1908
1167 1477
1170 1803
1171 1270
1175 1892
1176 1413
1176 1828
1176 1913
1177 1841
1177 1895
1178 1566
1178 1808
1179 1230
1179 1718
1179 1832
1180 1360
1180 1775
1183 1680
1183 1819
1184 1662
1185 1953
1186 1623
1186 1927
1187 1227
1189 1392
1189 1582
1190 1310
1190 1417
1191 1203
1191 1410
1191 1845
1194 1298
1194 1954
1195 1335
1196 1341
1196 1454
1196 1698
1197 1322
1197 1525
1198 1390
1199 1543
1200 1517
1200 1691
1201 1238
1201 1646
1203 1331
1203 1860
1204 1803
1204 1882
1205 1362
1205 1571
1206 1427
1206 1678
1206 1680
1206 1908
1207 1655
1208 1248
1210 1598
1210 1746
1210 1798
1211 1860
1212 1529
1212 1649
1212 1738
1213 1689
1215 1811
1216 1646
1217 1468
1217 1888
1218 1279
1218 1375
1220 1374
1220 1465
1220 1658
1221 1619
1222 1514
1222 1651
1222 1722
1223 1557
1224 1576
1224 1687
1225 1887
1226 1363
1227 1638
1231 1277
1231 1490
1232 1513
1233 1311
1233 1851
1234 1740
1235 1362
1236 1258
1237 1781
1238 1298
1238 1730
1238 1756
1239 1558
1241 1374
1241 1530
1241 1699
1242 1400
1242 1596
1242 1889
1244 1459
1244 1768
1246 1738
1247 1441
1247 1566
1248 1941
1249 1505
1249 1746
1249 1756
1249 1928
1250 1671
1251 1609
1252 1411
1253 1795
1254 1823
1254 1854
1255 1744
1255 1944
1255 1946
1257 1262
1257 1470
1258 1755
1258 1807
1260 1403
1260 1915
1262 1273
1262 1370
1262 1734
1262 1858
1263 1411
1264 1452
1265 1315
1266 1610
1266 1900
1267 1369
1269 1908
1270 1398
1272 1398
1272 1652
1274 1311
1274 1696
1275 1806
1276 1338
1276 1483
1276 1627
1276 1856
1277 1890
1278 1696
1280 1480
1280 1570
1280 1737
1281 1929
1282 1669
1282 1858
1285 1470
1286 1647
1288 1551
1289 1499
1289 1602
1290 1608
1290 1950
1291 1300
1291 1891
1292 1482
1292 1713
1293 1511
1293 1564
1294 1423
1295 1570
1295 1824
1297 1535
1299 1887
1302 1713
1302 1896
1304 1760
1305 1443
1306 1748
1307 1531
1309 1326
1310 1688
1310 1848
1311 1439
1311 1572
1311 1941
1312 1792
1313 1573
1318 1536
1320 1414
1320 1867
1323 1430
1323 1440
1324 1459
1324 1655
1325 1463
1325 1748
1327 1810
1327 1880
1328 1609
1329 1436
1329 1458
1329 1629
1329 1750
1331 1811
1332 1564
1332 1732
1333 1441
1334 1754
1337 1490
1337 1555
1339 1719
1340 1719
1341 1559
1342 1580
1347 1478
1347 1925
1351 1659
1353 1471
1353 1732
1354 1503
1354 1853
1355 1928
1356 1911
1357 1827
1358 1783
1358 1938
1359 1671
1362 1765
1363 1675
1363 1919
1364 1670
1364 1888
1365 1564
1365 1607
1365 1690
1367 1588
1368 1939
1369 1685
1370 1617
1371 1704
1373 1801
1375 1549
1375 1592
1378 1549
1378 1743
1378 1761
1380 1844
1380 1895
1381 1516
1381 1900
1382 1870
1385 1419
1387 1510
1388 1587
1388 1753
1389 1448
1389 1556
1389 1580
1391 1582
1392 1481
1393 1398
1393 1855
1394 1439
1394 1568
1394 1877
1396 1446
1396 1654
1399 1430
1399 1467
1400 1478
1400 1708
1401 1503
1402 1508
1402 1619
1403 1882
1404 1893
1405 1630
1405 1876
1406 1484
1406 1873
1407 1452
1407 1808
1407 1930
1408 1688
1409 1422
1410 1566
1410 1782
1411 1629
1411 1821
1413 1766
1414 1462
1414 1799
1415 1762
1415 1916
1416 1626
1417 1687
1417 1803
1418 1880
1422 1560
1422 1660
1423 1516
1423 1561
1423 1766
1424 1824
1426 1744
1431 1833
1431 1881
1432 1464
1433 1717
1434 1761
1435 1623
1436 1901
1437 1455
1437 1862
1438 1942
1438 1948
1439 1634
1439 1643
1441 1457
1443 1541
1443 1650
1443 1665
1446 1771
1447 1706
1447 1807
1451 1600
1451 1759
1451 1822
1452 1818
1453 1910
1454 1714
1454 1717
1456 1702
1457 1503
1459 1682
1460 1520
1460 1864
1461 1853
1463 1593
1465 1530
1468 1612
1468 1806
1469 1591
1470 1727
1471 1490
1471 1850
1473 1521
1475 1887
1476 1745
1478 1595
1478 1869
1479 1484
1479 1763
1484 1810
1487 1757
1488 1526
1489 1565
1490 1553
1490 1600
1492 1739
1493 1496
1493 1689
1495 1938
1496 1662
1496 1688
1497 1925
1498 1673
1500 1791
1501 1909
1501 1941
1505 1523
1505 1669
1505 1811
1506 1707
1507 1579
1508 1718
1509 1757
1510 1719
1510 1742
1511 1611
1511 1643
1511 1671
1511 1843
1512 1633
1513 1765
1514 1856
1514 1919
1518 1892
1519 1527
1521 1847
1523 1548
1524 1697
1525 1800
1526 1888
1528 1592
1529 1643
1533 1836
1536 1789
1537 1623
1537 1889
1543 1695
1543 1825
1547 1649
1547 1841
1552 1604
1555 1769
1557 1804
1558 1753
1561 1874
1563 1680
1564 1861
1565 1879
1567 1568
1567 1609
1567 1892
1571 1706
1573 1743
1575 1827
1578 1677
1578 1886
1579 1855
1581 1856
1584 1752
1584 1949
1585 1835
1586 1713
1588 1875
1588 1904
1593 1845
1594 1867
1595 1827
1600 1717
1601 1869
1603 1877
1605 1677
1612 1885
1612 1914
1613 1849
1618 1750
1618 1951
1620 1934
1622 1743
1622 1873
1622 1884
1624 1634
1624 1811
1624 1929
1626 1788
1626 1899
1630 1785
1632 1829
1635 1828
1635 1885
1636 1732
1636 1793
1636 1865
1636 1899
1639 1685
1640 1925
1641 1724
1645 1815
1649 1813
1651 1779
1652 1866
1654 1706
1655 1699
1655 1810
1656 1949
1657 1833
1658 1817
1661 1695
1662 1873
1667 1698
1668 1801
1672 1817
1673 1773
1677 1949
1678 1882
1680 1753
1681 1922
1687 1941
1688 1733
1688 1779
1688 1837
1689 1705
1691 1847
1693 1786
1695 1848
1698 1908
1699 1908
1701 1748
1709 1926
1710 1902
1712 1893
1714 1757
1721 1810
1721 1832
1737 1811
1740 1749
1740 1951
1743 1918
1747 1901
1748 1835
1750 1928
1750 1938
1753 1897
1753 1902
1753 1917
1756 1842
1757 1951
1761 1797
1761 1829
1761 1926
1762 1906
1764 1802
1767 1911
1771 1909
1776 1941
1781 1949
1782 1883
1786 1835
1789 1875
1790 1886
1792 1814
1792 1928
1793 1812
1794 1858
1803 1820
1812 1855
1813 1946
1819 1905
1836 1840
1846 1953
1852 1923
1854 1889
1857 1897
1857 1918
1861 1870
1862 1935
1863 1919
1875 1906
1886 1920
1888 1937
1898 1932
1901 1944
1911 1945
