1994 4426
1 252
1 343
1 973
1 1016
1 1385
1 1400
1 1714
1 1897
1 1900
1 1923
2 48
2 62
2 586
2 809
2 904
3 286
3 335
3 1036
3 1335
4 1928
5 554
5 638
6 312
6 1611
7 230
7 1172
7 1179
7 1335
8 651
8 1539
8 1907
9 826
9 1298
10 961
10 1084
11 619
11 1119
11 1300
11 1395
12 335
12 946
12 1393
12 1439
13 240
13 1394
13 1465
13 1918
14 363
14 1156
14 1219
14 1271
14 1338
14 1486
14 1637
15 98
15 222
15 859
15 921
15 1707
16 159
16 909
17 737
17 1137
18 208
18 477
18 567
18 818
18 991
18 1215
18 1675
18 1949
19 592
19 1318
19 1895
20 381
20 511
20 1308
20 1618
20 1885
21 800
21 803
21 1431
21 1602
21 1719
22 171
22 367
22 705
22 927
22 948
22 1290
23 237
23 1321
23 1567
23 1968
24 30
24 449
24 1384
24 1504
25 223
25 1289
25 1338
25 1662
25 1852
26 609
26 656
26 1332
26 1595
26 1867
27 274
27 682
27 1741
27 1894
28 1113
28 1383
28 1669
29 1466
29 1505
29 1558
29 1650
29 1894
30 316
30 515
30 750
30 1075
30 1352
30 1762
31 100
31 253
31 416
31 1087
31 1417
31 1433
31 1791
31 1840
32 210
32 327
32 849
32 1278
33 917
33 1136
33 1259
33 1342
33 1559
34 239
34 622
34 1456
34 1635
34 1865
35 866
35 1211
35 1539
35 1829
36 209
36 538
36 1689
37 550
37 625
38 551
39 156
39 167
39 537
39 859
39 890
39 1341
40 312
40 367
40 626
40 1242
41 155
41 375
41 903
41 984
41 1026
41 1377
41 1838
42 291
42 1712
42 1859
42 1978
43 325
43 689
44 1031
44 1212
44 1507
44 1548
44 1597
45 230
45 860
45 1004
45 1727
46 123
46 237
46 291
46 501
46 546
47 431
47 976
48 528
48 1120
48 1627
49 646
49 1606
49 1878
49 1992
50 150
50 469
50 605
50 876
51 626
51 896
52 137
52 190
52 683
52 993
52 1131
52 1794
53 416
53 784
53 1324
53 1757
54 128
54 494
54 1132
54 1252
55 283
55 706
55 1343
55 1352
56 1424
56 1739
57 307
57 519
57 541
57 1880
57 1895
57 1926
57 1963
58 607
58 847
58 881
58 886
58 1901
59 453
59 903
59 1098
59 1904
60 172
60 894
60 1048
60 1864
61 981
61 1304
61 1390
62 292
62 669
62 684
62 994
62 1050
63 215
63 315
63 491
63 748
63 1661
63 1678
64 334
64 587
64 636
65 235
65 1288
66 737
66 878
67 242
67 330
67 1322
67 1618
67 1792
68 357
68 1642
69 253
69 1200
69 1889
69 1942
70 667
70 1189
70 1755
71 488
71 1238
71 1635
71 1777
72 616
72 1810
73 123
73 268
73 1350
73 1630
73 1686
74 361
74 427
74 544
74 1492
74 1527
74 1562
74 1871
75 194
75 684
75 1887
75 1927
76 105
76 551
76 1281
76 1316
76 1774
76 1844
77 85
77 114
77 1071
77 1257
77 1729
78 347
78 449
78 873
78 1659
79 411
79 524
79 1041
79 1066
79 1613
79 1721
80 980
80 1778
80 1991
81 115
81 211
81 871
81 1055
81 1111
81 1576
82 1961
83 1193
84 807
84 817
85 790
85 1075
85 1612
86 622
86 1133
86 1148
86 1528
86 1898
87 246
87 301
87 789
87 1259
88 122
88 389
88 566
88 1918
89 324
89 878
89 1610
90 1745
90 1857
91 307
91 368
91 432
91 994
91 1575
91 1809
92 687
92 795
92 1105
92 1818
93 912
94 101
94 759
94 1370
94 1877
94 1968
95 459
95 687
95 813
95 1765
95 1932
96 206
96 1009
96 1361
96 1556
97 640
97 715
97 910
97 1030
97 1365
98 194
98 298
98 319
98 595
98 788
98 1115
99 1001
99 1076
100 176
100 381
100 645
100 1335
100 1475
100 1826
101 230
101 496
101 591
101 1568
102 319
102 345
102 1196
103 180
103 448
103 595
103 936
103 1530
103 1800
104 701
104 895
104 1227
105 422
105 500
105 1085
105 1511
105 1881
106 469
106 1131
106 1202
107 1765
108 142
108 326
108 514
108 1096
108 1337
108 1481
108 1668
109 118
109 184
109 217
109 234
109 456
109 1309
109 1335
109 1820
110 582
110 642
110 836
110 1283
110 1416
110 1722
110 1902
110 1951
110 1954
111 300
111 510
111 625
111 704
112 257
112 369
112 427
112 1106
112 1106
112 1134
112 1508
112 1589
113 766
113 1202
113 1316
113 1542
114 222
114 252
114 618
114 1886
115 1449
115 1699
116 291
116 386
116 658
116 933
116 1550
117 639
117 941
117 1331
117 1422
117 1442
117 1662
118 275
118 412
118 719
118 744
118 1944
119 885
119 988
119 1138
119 1370
119 1975
120 221
120 962
120 1773
121 645
121 1358
121 1432
121 1652
121 1806
122 197
122 895
122 901
123 545
123 785
123 1223
124 724
124 1205
124 1672
125 489
125 671
125 684
125 1140
126 480
126 555
126 1243
126 1373
126 1496
126 1819
127 263
127 263
127 399
127 665
127 1297
127 1369
127 1443
128 1264
128 1335
128 1772
128 1869
129 550
129 906
129 1472
130 524
130 771
130 1244
130 1600
131 312
131 399
132 424
132 1560
133 357
133 531
133 826
133 1076
133 1193
133 1357
133 1418
133 1796
134 750
134 846
134 1941
135 591
135 780
135 993
135 1964
136 1243
136 1910
137 172
137 496
137 542
137 1337
137 1769
137 1856
138 551
138 1772
139 322
139 1702
139 1756
140 230
140 1805
141 863
141 1748
141 1900
141 1954
142 175
142 785
142 910
142 1771
143 693
144 847
144 1105
144 1222
145 1006
145 1223
145 1256
145 1665
146 398
146 504
146 599
146 863
146 1576
146 1917
147 325
147 674
147 1646
148 597
148 624
148 780
148 1578
148 1644
148 1974
149 281
149 377
149 549
149 672
149 850
149 861
149 1074
149 1728
150 798
151 234
151 402
151 1125
151 1617
151 1691
152 394
152 673
152 1115
152 1155
152 1671
152 1934
153 318
153 760
153 991
153 1251
153 1744
154 1909
155 169
155 1452
155 1609
155 1910
155 1941
155 1944
156 192
156 1443
157 1671
157 1990
158 313
158 899
158 981
158 1815
158 1872
159 1095
159 1154
159 1258
159 1941
160 740
160 944
160 1603
161 311
161 360
161 480
161 915
161 1630
162 372
162 414
162 1650
162 1660
162 1820
163 305
163 937
163 1669
164 277
164 298
164 768
164 1076
165 258
165 370
165 1518
165 1774
166 1085
166 1153
167 904
167 928
168 294
168 437
168 694
168 789
168 831
168 857
168 1391
169 1224
169 1401
169 1434
169 1733
170 314
170 347
170 1559
171 1113
171 1931
172 385
172 749
172 1427
172 1586
172 1618
172 1980
173 1098
173 1282
173 1960
174 326
174 487
174 573
174 1659
175 295
175 1583
175 1667
175 1795
175 1938
176 623
176 710
176 767
176 972
177 523
177 685
177 723
177 1028
177 1483
178 201
178 475
178 929
178 1243
178 1393
178 1977
179 786
179 1058
179 1590
179 1621
180 1402
180 1779
180 1791
180 1838
181 1038
181 1559
182 873
182 1117
182 1339
182 1910
182 1957
183 1289
184 401
184 622
184 1797
185 344
185 487
185 728
185 1152
185 1830
186 195
186 533
186 652
186 1474
186 1652
186 1718
186 1853
187 1759
188 534
188 1325
189 609
189 609
189 739
189 1405
189 1421
189 1595
190 1774
191 499
191 939
191 1274
191 1725
192 465
192 853
192 1030
192 1236
193 411
193 707
194 1254
194 1301
194 1413
194 1519
194 1813
195 666
195 1139
195 1241
195 1306
196 352
196 572
196 1000
196 1209
196 1649
197 384
197 742
197 1294
197 1327
197 1696
198 295
198 421
198 1292
198 1859
199 1184
199 1661
199 1731
199 1789
200 550
200 551
200 1062
200 1850
201 747
201 800
201 918
201 1451
201 1945
202 1231
202 1421
203 967
203 1122
203 1169
203 1724
203 1910
204 362
204 615
204 751
204 1276
204 1474
204 1908
205 375
205 972
205 1344
205 1746
206 688
206 1298
206 1681
206 1710
207 418
207 953
208 310
208 635
208 988
208 1536
209 425
209 704
209 1776
210 444
210 857
210 921
210 1047
210 1204
210 1546
211 627
211 1091
211 1199
211 1507
211 1687
212 1516
212 1741
213 467
213 638
213 794
213 1119
214 385
214 778
214 850
214 1142
214 1166
215 314
215 1010
215 1479
215 1508
215 1715
215 1716
216 573
216 604
216 873
216 1509
216 1706
216 1876
216 1977
217 447
217 1136
217 1152
217 1272
217 1431
217 1989
218 515
218 551
218 1340
218 1821
219 243
219 516
219 590
219 1200
219 1824
220 223
220 873
220 963
220 1261
221 332
221 350
221 707
221 1176
221 1846
222 1777
222 1789
222 1965
223 1252
223 1453
223 1579
223 1670
224 497
224 733
224 827
224 1298
224 1360
225 535
225 1887
225 1982
226 971
226 1036
226 1078
227 323
227 464
227 606
227 1657
227 1826
228 400
228 472
228 510
228 776
228 1588
229 868
229 942
230 672
230 1009
230 1803
231 479
231 545
231 596
231 939
231 991
231 1026
231 1129
231 1958
232 450
232 476
232 606
232 826
232 1015
232 1633
233 425
233 769
233 1561
234 393
234 882
234 950
234 1171
234 1182
234 1265
235 1128
235 1428
235 1755
235 1837
236 1584
236 1826
237 622
238 643
238 865
238 1620
238 1846
238 1873
238 1922
239 820
239 1708
240 1326
241 757
241 1055
242 312
242 371
242 406
242 430
242 1191
242 1543
243 945
243 1586
243 1917
244 693
244 1073
244 1359
245 814
246 948
246 1129
246 1476
246 1649
246 1660
246 1757
247 675
247 1890
248 1348
248 1436
249 884
249 1475
250 1191
251 423
251 1183
251 1659
252 477
252 1234
252 1595
252 1700
252 1712
253 985
253 1082
253 1532
253 1679
253 1770
254 1430
254 1641
254 1950
255 525
255 941
256 445
256 640
256 1391
256 1966
257 513
257 764
257 1991
258 331
258 897
258 956
258 1231
258 1264
258 1286
259 265
259 517
259 1499
260 271
260 614
260 1968
261 1063
261 1131
261 1426
261 1692
262 1462
262 1578
263 328
263 747
263 1281
263 1530
264 624
264 669
264 1187
264 1506
264 1885
264 1887
265 942
265 1554
265 1854
266 449
266 652
266 1068
266 1554
266 1583
266 1696
267 1112
267 1708
267 1851
268 481
268 553
268 1547
268 1568
269 1247
269 1405
269 1802
269 1868
270 1129
270 1161
270 1190
270 1312
271 1713
271 1806
272 465
273 852
273 1619
273 1706
273 1888
274 1207
274 1398
274 1415
274 1419
275 278
275 372
275 461
275 815
275 1158
275 1427
276 400
276 953
276 1716
277 1013
277 1062
277 1566
277 1677
278 448
278 763
278 952
278 1832
279 908
279 1878
280 1210
280 1266
280 1560
281 582
281 604
281 687
281 780
281 883
281 1028
281 1719
282 572
282 982
283 643
283 1160
283 1203
283 1440
283 1566
284 533
284 1839
285 308
285 522
285 583
285 649
285 897
285 1046
286 385
286 620
286 1557
287 310
287 443
288 372
288 581
288 1043
288 1548
289 1906
290 386
290 1631
290 1893
290 1941
291 514
291 694
291 776
291 790
291 849
291 924
291 1642
292 1206
292 1337
292 1416
293 1107
293 1408
293 1967
294 978
294 1346
294 1404
294 1795
295 528
295 1362
295 1932
296 337
296 1781
296 1807
296 1970
297 550
297 852
297 1274
297 1588
297 1721
298 1218
298 1248
298 1302
298 1663
299 529
299 580
299 782
299 886
299 1267
299 1313
299 1768
299 1871
299 1926
300 1132
301 414
301 635
301 1374
302 1014
302 1107
302 1775
302 1777
302 1856
303 530
303 587
303 904
303 1427
303 1596
303 1889
303 1975
304 552
304 732
304 820
304 1091
305 510
305 1042
305 1480
305 1502
305 1813
306 325
306 383
306 460
306 1071
306 1129
306 1273
306 1594
306 1733
307 1318
307 1504
308 422
308 595
308 756
308 1293
308 1676
308 1991
309 463
309 1625
309 1704
310 418
310 1326
310 1643
311 976
311 1585
312 670
312 998
312 1172
312 1284
312 1920
312 1973
313 717
313 1503
313 1960
314 524
314 1834
315 1198
315 1704
316 413
316 1217
316 1479
317 460
317 831
317 1447
317 1708
318 1205
318 1795
319 350
319 1695
320 798
320 885
320 1121
320 1499
321 454
321 613
321 1270
323 480
323 610
323 754
323 823
323 1760
324 541
324 787
324 1568
325 808
325 913
325 940
325 1813
326 525
326 1296
326 1498
326 1580
326 1982
327 847
327 1130
327 1840
328 1521
328 1839
329 375
329 1108
329 1360
330 348
330 652
330 847
330 1136
330 1163
330 1414
331 1024
331 1133
331 1186
331 1500
331 1527
333 1279
334 1324
334 1532
335 417
335 753
335 978
335 1107
335 1244
335 1577
336 1071
337 833
337 1168
337 1503
338 359
338 1097
338 1646
339 372
339 701
339 1477
339 1857
339 1910
339 1989
340 408
340 600
340 601
340 679
340 888
340 1334
340 1505
340 1764
341 519
341 1359
341 1991
342 947
342 1247
342 1333
342 1617
342 1873
342 1993
343 484
343 687
343 826
343 1467
343 1578
343 1787
344 358
344 1099
344 1183
344 1859
345 926
345 1636
346 399
346 962
346 1816
347 508
347 1260
347 1331
347 1873
348 768
348 825
349 433
349 1008
349 1065
349 1119
349 1122
349 1431
350 575
350 1228
350 1309
351 802
351 925
351 1381
351 1623
352 571
353 961
353 985
353 1061
353 1554
354 441
354 845
354 1298
354 1301
355 876
355 1550
355 1656
355 1919
356 1191
356 1582
356 1810
357 767
357 1053
357 1683
357 1929
358 908
358 922
359 885
359 1427
359 1448
359 1537
360 395
360 689
360 728
361 590
361 1435
361 1436
361 1880
362 708
362 770
362 1467
363 1129
363 1432
364 1057
364 1425
364 1868
365 559
365 700
365 945
365 1527
365 1677
366 489
366 892
366 1424
366 1666
366 1753
367 856
367 1459
367 1563
367 1844
368 600
368 702
368 880
368 1438
368 1864
369 1227
369 1250
369 1825
371 649
371 769
371 794
371 863
371 1360
371 1668
371 1911
372 937
373 557
373 710
373 877
373 947
373 1987
374 441
374 860
374 1329
374 1404
374 1485
375 435
375 470
375 646
375 1191
375 1231
375 1874
376 659
376 798
376 1099
376 1231
377 751
377 777
378 496
379 738
379 836
379 1369
379 1940
380 556
380 621
380 741
380 1198
380 1209
380 1645
381 972
381 1153
381 1231
381 1268
381 1293
381 1640
382 1840
382 1951
383 631
383 1780
384 597
384 1029
384 1471
385 570
385 674
385 1242
385 1619
386 388
386 694
386 1175
386 1661
387 550
387 739
387 886
387 1012
387 1769
387 1779
388 1567
388 1734
388 1967
389 965
389 1275
390 533
390 562
390 1211
390 1907
391 481
391 609
391 826
391 1108
391 1143
391 1764
392 678
392 1174
392 1440
393 1928
394 684
394 954
394 1006
394 1103
394 1609
394 1720
395 733
395 1065
395 1264
396 580
396 648
396 780
396 1461
397 656
397 935
397 1020
397 1098
398 529
399 553
399 626
399 1376
399 1686
400 1297
400 1402
401 1197
401 1208
401 1368
401 1408
402 837
402 1199
402 1262
402 1508
402 1547
402 1553
402 1601
403 1077
403 1820
403 1972
404 1472
404 1764
404 1899
405 469
406 1521
407 535
407 638
407 751
407 942
407 1472
408 492
408 692
408 755
408 934
408 1759
408 1946
409 538
409 738
409 749
409 1833
409 1879
410 541
410 1023
410 1032
410 1402
410 1968
411 973
412 543
412 878
412 1365
412 1968
413 753
413 1247
413 1742
413 1913
413 1984
414 634
414 799
414 957
414 1272
415 684
415 869
416 1021
416 1531
416 1605
416 1835
417 453
417 790
417 997
417 998
417 1299
418 468
418 1281
418 1532
418 1976
419 533
419 1619
419 1929
420 1054
420 1478
421 614
421 668
421 701
421 1549
421 1676
422 1043
423 493
423 500
423 651
423 862
423 1968
425 711
425 852
425 1368
425 1862
426 529
426 852
426 1830
428 791
428 1252
428 1302
428 1476
429 878
430 669
430 971
430 1206
430 1774
431 837
431 1432
432 503
432 1609
433 677
433 998
433 1225
433 1328
434 1124
435 1442
436 1111
436 1218
436 1411
436 1466
436 1985
437 1244
437 1365
438 1235
438 1830
439 573
439 919
439 1436
439 1744
440 569
440 622
440 722
440 812
440 1971
440 1980
441 447
441 650
441 1029
441 1237
442 789
442 1151
442 1237
442 1956
443 595
443 698
443 1786
444 1004
444 1202
444 1305
444 1645
444 1823
445 514
445 858
446 1188
446 1279
446 1576
446 1661
447 1056
447 1281
447 1709
448 1064
448 1480
448 1564
448 1585
449 494
449 1152
449 1740
450 680
450 881
450 1057
451 1054
451 1274
451 1346
451 1568
451 1785
452 978
452 1102
452 1356
453 784
453 1749
454 653
454 764
454 1304
454 1608
455 1018
455 1623
456 629
456 1002
456 1530
457 1653
458 673
458 1516
458 1734
459 787
460 537
460 1498
461 598
461 729
461 1224
462 699
462 707
462 834
462 1861
463 627
463 857
463 987
463 990
463 1446
463 1535
464 969
464 1545
464 1959
465 477
465 675
465 1440
466 610
466 1515
467 741
467 1184
467 1697
468 1306
468 1599
468 1841
469 581
469 1042
469 1351
469 1451
469 1544
469 1860
470 841
470 1512
470 1547
470 1914
470 1956
471 548
471 785
471 983
471 1055
471 1257
471 1396
471 1753
472 593
472 662
472 667
473 1198
473 1364
473 1606
474 642
474 926
474 1167
474 1450
474 1577
474 1613
475 1490
475 1596
476 1316
476 1821
477 733
477 743
477 1176
477 1375
477 1650
478 657
478 1655
478 1946
479 697
479 714
480 811
481 1836
481 1850
482 875
482 1245
482 1284
483 1138
483 1255
483 1421
483 1583
483 1590
484 578
484 639
484 1095
484 1136
484 1705
484 1742
484 1763
484 1827
485 1108
485 1814
486 1280
486 1829
486 1975
487 938
488 766
488 1146
488 1732
489 1197
489 1533
490 1037
490 1475
490 1574
491 903
491 982
491 1250
491 1302
491 1984
492 762
492 815
492 1152
492 1908
493 828
493 924
493 1420
493 1964
494 532
494 601
494 907
494 1746
495 567
495 1463
495 1502
496 641
496 1304
496 1660
497 1963
498 1515
498 1714
499 907
499 1131
499 1545
499 1584
499 1664
499 1773
500 588
500 749
500 1319
500 1812
501 544
501 1446
501 1676
502 652
502 889
502 1331
502 1343
502 1416
503 1740
504 1167
504 1393
505 749
506 547
506 1805
507 1223
507 1624
507 1647
508 643
508 650
508 738
508 770
508 987
508 1635
509 1204
509 1481
509 1877
510 1104
510 1126
510 1718
510 1788
510 1855
511 712
511 902
511 1317
511 1400
511 1663
512 1059
512 1808
512 1873
513 1056
513 1658
514 974
514 1433
514 1630
515 1460
516 634
516 771
516 1061
516 1180
516 1308
516 1884
517 892
517 1917
518 905
518 1242
520 1791
521 899
521 948
522 723
522 1358
522 1478
522 1928
523 668
523 746
523 1072
523 1792
523 1931
524 608
524 1683
524 1726
525 1351
525 1845
526 542
526 580
526 758
527 760
527 799
527 1166
527 1549
527 1654
528 675
528 913
528 1738
528 1793
529 830
529 982
530 710
530 788
530 1219
530 1291
530 1323
531 1160
531 1981
532 1395
533 1493
533 1656
534 722
534 1078
534 1116
534 1936
535 876
535 1046
536 1652
537 578
537 1625
537 1714
538 601
538 857
539 815
539 942
539 1078
539 1351
540 746
540 978
540 1259
540 1348
541 1302
542 917
542 1000
542 1968
543 804
543 813
543 1711
543 1784
544 585
544 1006
544 1271
545 1036
545 1064
545 1111
545 1186
545 1379
545 1748
546 969
546 1143
546 1196
546 1371
546 1832
547 844
547 988
547 1067
548 602
548 668
548 756
548 1172
548 1883
549 568
549 631
549 748
549 1559
549 1951
550 900
550 1215
550 1494
551 880
551 1168
551 1243
551 1411
551 1523
551 1845
552 1138
552 1466
553 778
553 839
553 969
553 1163
554 579
554 1271
555 1712
555 1885
556 1103
556 1290
556 1743
557 1411
557 1850
557 1994
558 964
558 1266
558 1466
559 730
559 1476
559 1477
559 1911
560 669
560 929
561 620
561 1004
561 1768
562 564
562 1122
563 1216
563 1676
564 762
564 844
564 885
564 1237
564 1267
564 1484
564 1908
564 1911
565 1237
565 1641
566 965
567 1025
567 1565
567 1942
568 1256
568 1271
568 1433
568 1929
568 1947
569 638
569 1259
569 1574
569 1671
569 1761
570 924
571 624
571 1038
571 1189
571 1944
572 1047
573 900
573 1010
573 1036
573 1294
573 1983
574 599
574 626
574 743
574 757
574 803
574 1550
574 1586
574 1601
575 1034
575 1120
575 1273
575 1468
576 666
576 1586
576 1638
577 902
577 1125
577 1212
577 1286
577 1397
577 1659
578 1056
578 1582
578 1708
578 1933
579 1324
579 1581
579 1993
580 1273
580 1356
580 1632
580 1756
580 1892
581 896
581 1383
581 1517
581 1806
582 753
583 625
583 775
583 993
583 1163
583 1604
583 1763
584 680
585 683
585 997
586 622
586 637
586 939
587 1081
587 1274
587 1861
588 603
588 749
588 913
588 1262
588 1422
588 1779
589 1760
589 1781
590 1139
590 1548
591 1658
592 770
592 791
592 1232
592 1782
593 608
593 1152
593 1296
593 1416
593 1925
594 1446
594 1594
594 1777
595 704
595 896
595 1636
595 1740
596 706
596 943
596 974
596 1355
596 1560
597 1180
597 1778
598 788
598 1136
598 1816
599 733
599 977
600 605
600 1285
600 1364
600 1535
600 1735
601 1168
601 1687
602 1871
602 1960
603 1146
603 1423
603 1677
604 728
605 1927
605 1940
605 1968
606 649
606 1353
606 1888
606 1897
607 977
607 1393
608 1589
608 1671
609 702
609 710
609 797
609 985
610 751
611 1641
611 1730
611 1970
612 613
612 702
612 1120
613 1300
613 1673
613 1733
613 1912
614 1246
614 1683
614 1896
615 1301
615 1806
615 1809
616 796
616 1700
616 1913
617 775
617 994
617 1275
617 1276
617 1634
618 941
618 956
619 1045
619 1708
620 1650
621 847
621 986
621 1514
622 1071
622 1796
622 1809
623 863
623 1308
623 1351
623 1351
624 704
624 739
624 1026
624 1174
624 1744
625 1857
626 689
626 1237
626 1567
626 1784
627 1377
627 1604
627 1770
628 1008
628 1094
629 919
629 1362
629 1786
630 857
630 859
630 1410
630 1497
630 1667
630 1668
631 1284
632 789
632 1054
632 1401
633 733
633 937
633 977
633 1247
633 1728
633 1870
634 1317
634 1650
635 1213
635 1273
635 1571
636 1168
636 1192
636 1229
637 683
637 690
637 716
637 826
637 1451
637 1876
638 1801
639 868
639 1142
639 1164
639 1812
640 912
640 1106
640 1317
641 678
641 728
641 1949
642 843
642 876
643 1072
643 1296
644 930
644 963
644 1231
645 1375
645 1616
646 662
646 1537
646 1720
647 841
647 1725
647 1811
648 974
648 1100
649 677
649 843
649 1170
649 1399
649 1405
649 1925
650 1953
651 1159
651 1196
651 1471
651 1556
652 904
652 1523
652 1755
653 791
653 1767
654 1079
654 1164
654 1287
654 1341
654 1778
654 1956
654 1966
655 1168
655 1320
655 1670
656 661
656 868
657 1099
657 1702
657 1915
658 809
658 920
658 1392
658 1794
659 684
659 1092
659 1141
659 1340
659 1404
659 1758
660 1216
660 1708
660 1796
660 1909
661 788
661 887
661 1338
662 1899
663 1214
663 1369
663 1622
663 1930
664 734
664 1388
664 1426
664 1452
664 1551
664 1571
664 1641
665 1133
665 1148
665 1552
665 1877
666 1669
666 1754
666 1882
667 805
667 1099
667 1332
667 1431
667 1817
667 1851
667 1945
668 827
668 1016
668 1103
668 1337
669 1020
669 1093
669 1606
669 1881
670 765
670 1495
670 1544
670 1813
670 1966
671 678
671 1058
671 1628
671 1713
672 934
672 1078
673 1329
673 1960
674 1937
675 1240
675 1940
676 950
676 1343
676 1713
677 1152
677 1377
677 1474
677 1525
678 772
678 1268
678 1583
679 736
679 1647
679 1860
680 987
680 1109
680 1957
681 730
681 893
681 1130
681 1781
682 685
682 882
682 1336
682 1868
683 826
683 959
684 1016
684 1056
684 1490
684 1881
684 1955
684 1970
685 1607
685 1980
686 824
686 827
686 1706
687 1200
687 1412
687 1523
688 1116
688 1315
688 1465
689 990
689 1217
689 1543
690 958
690 1336
690 1935
691 784
691 836
691 917
691 1452
692 943
692 1216
692 1324
692 1795
693 1807
693 1834
694 708
694 989
694 1044
694 1147
694 1288
694 1392
695 719
695 720
695 1017
695 1702
696 1465
696 1934
697 1058
697 1208
697 1512
698 806
698 1075
698 1794
699 1314
700 1183
700 1805
700 1885
700 1943
701 777
701 1129
701 1905
702 731
702 1882
703 868
703 1330
703 1957
704 1805
705 993
705 1918
706 1004
707 1059
707 1575
708 1939
709 1067
709 1775
710 901
710 1101
710 1361
710 1440
711 1151
711 1568
712 1041
712 1742
713 900
713 913
713 1276
713 1295
714 724
715 1526
715 1948
716 726
716 1148
716 1664
716 1976
717 1446
717 1471
717 1550
717 1788
718 1450
718 1458
718 1977
719 1040
719 1108
719 1198
719 1384
719 1612
719 1834
720 843
720 1428
721 799
721 842
721 994
721 1260
721 1274
722 1818
722 1968
723 875
723 1009
723 1264
724 1125
724 1396
724 1413
725 1339
726 1519
726 1645
726 1989
727 1030
727 1246
727 1396
727 1503
727 1578
727 1808
728 1367
728 1817
729 968
729 1476
729 1521
729 1608
730 870
730 986
730 1071
730 1443
730 1707
732 1345
732 1513
732 1612
732 1756
733 1001
733 1167
733 1241
733 1558
733 1665
734 1682
735 928
737 1221
737 1411
737 1450
737 1503
737 1560
737 1667
737 1826
737 1875
738 806
738 815
738 1511
739 1306
739 1681
740 879
740 1961
741 1058
741 1379
741 1891
742 925
742 1644
743 1030
743 1308
743 1478
743 1532
744 1246
744 1756
744 1761
744 1826
745 774
745 920
745 1102
745 1527
746 1080
746 1771
748 990
748 1013
749 1360
749 1443
749 1893
750 935
750 1493
750 1874
751 1581
752 1163
752 1298
752 1417
752 1661
754 1213
754 1321
754 1606
755 942
755 1799
756 913
756 1751
756 1818
757 1159
757 1804
757 1928
758 989
758 1332
758 1783
759 1635
760 1065
760 1711
760 1969
761 1084
761 1207
761 1648
761 1910
762 795
762 964
762 1258
763 1044
763 1066
764 1587
765 917
765 952
765 1502
765 1972
766 1561
766 1719
766 1720
767 1449
767 1811
768 1012
768 1088
768 1397
768 1963
769 914
769 1131
769 1336
770 878
770 1388
770 1811
771 1402
771 1602
771 1679
772 1213
772 1374
773 788
773 1004
773 1032
773 1253
773 1622
773 1636
773 1737
774 981
774 1121
774 1800
774 1953
775 857
775 980
775 1454
775 1508
775 1945
776 1461
776 1643
776 1752
777 1165
777 1643
778 1242
778 1649
779 939
779 1731
781 1121
782 1871
782 1934
783 1224
783 1500
783 1565
783 1716
783 1959
784 794
784 970
784 1098
784 1566
785 1149
785 1666
785 1845
785 1943
785 1955
786 906
786 1239
787 977
788 1581
788 1600
789 874
789 1041
789 1181
789 1422
789 1431
791 1044
791 1062
791 1574
792 1035
792 1109
792 1508
792 1697
793 1061
793 1211
793 1490
794 961
794 1091
794 1775
795 1761
795 1805
796 1136
796 1504
796 1702
797 1899
798 1259
798 1926
799 899
799 976
799 1509
799 1865
799 1961
800 809
800 1355
800 1426
800 1736
801 1403
801 1669
801 1851
802 1365
802 1524
802 1994
804 1158
804 1961
805 1120
805 1185
805 1193
805 1807
805 1935
806 1019
806 1216
806 1440
806 1534
806 1553
806 1627
806 1684
806 1945
807 871
807 1385
807 1734
808 932
808 1126
808 1282
808 1855
808 1983
809 1314
809 1348
810 1069
810 1543
810 1635
810 1858
811 909
811 950
811 1943
812 1113
812 1285
812 1875
813 932
813 1137
813 1635
814 1300
814 1849
814 1907
815 818
815 872
816 909
816 1362
816 1508
816 1512
816 1760
817 904
817 961
817 1333
817 1748
817 1813
818 926
818 1569
818 1812
819 1365
819 1957
820 1283
820 1553
821 1745
821 1878
822 1457
822 1458
822 1972
823 884
823 1022
823 1255
824 874
824 938
824 961
824 1060
824 1338
824 1818
824 1906
825 1636
826 1763
827 893
828 957
828 978
829 1799
829 1906
830 838
830 1052
830 1538
830 1638
831 979
831 1558
831 1719
832 1117
832 1218
832 1762
832 1769
833 1052
833 1358
834 890
834 1142
834 1449
834 1734
835 925
835 1156
835 1437
835 1444
835 1464
835 1567
836 962
836 1990
837 962
837 1235
838 1423
838 1452
838 1528
839 1068
839 1280
839 1973
840 1761
841 966
841 1328
842 1362
842 1838
842 1921
843 1827
844 913
844 1019
845 983
846 862
846 1212
846 1381
847 1263
847 1876
848 1284
848 1321
848 1594
848 1686
850 996
850 1232
850 1709
850 1958
851 1388
851 1488
852 1389
853 980
853 1487
853 1638
854 1418
854 1749
854 1811
855 1257
855 1541
855 1746
856 1053
856 1357
856 1592
856 1772
856 1887
858 925
858 1008
859 1397
859 1445
859 1657
860 1658
861 969
861 1039
861 1496
861 1634
861 1716
862 926
862 971
862 1039
862 1076
862 1973
863 1167
864 1067
864 1676
865 1735
866 1580
867 1362
867 1758
868 974
868 1553
869 1007
870 890
870 1088
870 1637
870 1736
871 983
871 1429
871 1978
872 1398
872 1859
873 912
873 1172
873 1479
874 1221
874 1703
875 1429
875 1691
875 1742
875 1892
875 1993
876 1042
876 1170
876 1294
876 1317
876 1351
876 1902
877 1403
877 1434
877 1767
878 1325
879 1487
880 1926
880 1979
881 1730
881 1882
881 1987
884 1402
884 1458
885 1335
885 1538
886 1149
886 1923
887 1302
887 1344
887 1600
887 1625
887 1699
887 1833
888 1026
888 1377
888 1696
889 1226
889 1497
889 1703
889 1770
890 1830
891 1355
891 1400
891 1753
892 992
892 1076
892 1282
893 1020
893 1327
894 1016
894 1389
894 1701
895 1090
895 1595
895 1722
896 936
896 1673
897 1019
897 1491
897 1639
898 1690
898 1861
898 1974
899 1311
899 1933
900 1553
900 1621
900 1857
901 1488
902 1085
902 1654
902 1811
903 1019
904 1927
905 1362
906 972
906 1698
906 1920
907 1001
907 1352
908 920
908 1070
908 1315
908 1315
909 1393
909 1408
909 1604
911 999
911 1300
911 1305
911 1602
911 1838
912 1966
913 1667
913 1835
913 1879
914 1096
914 1580
915 1279
915 1636
916 1184
916 1407
917 1637
917 1919
918 1457
918 1772
918 1921
919 928
920 1014
920 1336
921 961
921 1292
922 1017
922 1079
922 1155
922 1841
923 1353
923 1469
923 1558
923 1689
923 1940
924 1249
925 931
925 1410
925 1873
926 1141
926 1253
926 1792
926 1851
927 1076
927 1428
927 1674
928 1090
928 1134
929 1313
930 1033
930 1328
930 1345
930 1478
930 1490
930 1585
931 1282
931 1662
933 1244
933 1403
934 994
934 1521
935 1629
935 1653
936 1126
937 1207
937 1767
938 1011
938 1500
939 960
939 1248
939 1780
940 978
940 1600
940 1724
940 1728
940 1774
941 1003
941 1276
942 1314
942 1505
942 1747
943 1135
943 1827
943 1851
944 960
944 1710
944 1785
945 1256
945 1513
946 1214
946 1234
946 1485
947 1005
947 1823
948 956
949 1461
949 1468
949 1472
950 1146
950 1231
950 1982
951 1129
951 1179
951 1269
951 1712
953 1326
953 1441
953 1682
953 1722
954 1104
954 1166
954 1173
954 1266
954 1387
955 1081
955 1257
956 1105
956 1190
956 1350
957 1698
957 1756
958 1016
958 1355
959 1169
959 1707
960 1349
960 1450
960 1875
962 1434
962 1889
963 1207
963 1247
963 1454
964 1619
964 1701
964 1793
965 1269
965 1425
965 1441
966 1493
966 1828
966 1834
967 1450
967 1628
967 1936
968 1406
969 1220
969 1396
970 999
970 1162
970 1732
970 1810
971 1644
972 977
972 1547
972 1654
972 1861
973 1475
973 1941
974 1483
974 1671
974 1787
975 1159
975 1824
975 1936
976 1695
977 1102
977 1579
978 1429
979 1193
979 1382
981 1437
982 1009
982 1841
983 1268
983 1500
983 1629
984 1037
984 1839
985 1127
985 1493
985 1915
986 1165
987 1567
988 1188
988 1618
989 1414
989 1825
990 1387
990 1689
991 1954
992 1138
993 1034
993 1300
993 1900
994 1224
994 1877
994 1957
994 1968
995 1225
995 1307
995 1695
996 1266
996 1370
996 1520
996 1663
996 1986
997 1716
998 1257
998 1838
999 1024
1000 1275
1000 1959
1001 1132
1002 1029
1002 1136
1002 1512
1005 1454
1005 1732
1006 1396
1006 1645
1006 1848
1007 1586
1008 1071
1008 1399
1008 1504
1009 1297
1009 1320
1009 1366
1009 1803
1009 1844
1010 1392
1010 1699
1011 1547
1011 1564
1012 1376
1012 1498
1012 1634
1013 1114
1013 1508
1013 1566
1014 1693
1015 1525
1015 1920
1016 1222
1017 1434
1017 1549
1017 1707
1018 1074
1018 1096
1018 1208
1018 1353
1019 1246
1019 1730
1020 1189
1020 1266
1021 1682
1022 1225
1022 1438
1022 1537
1022 1781
1022 1922
1023 1150
1024 1559
1025 1856
1026 1457
1026 1857
1026 1871
1027 1181
1027 1266
1027 1371
1027 1656
1027 1769
1027 1852
1028 1342
1028 1665
1028 1845
1029 1041
1030 1102
1030 1228
1030 1650
1030 1892
1031 1110
1031 1157
1031 1629
1032 1139
1033 1663
1033 1746
1033 1906
1034 1058
1034 1479
1034 1625
1035 1455
1035 1697
1036 1698
1036 1726
1037 1227
1037 1363
1037 1378
1037 1490
1037 1561
1037 1945
1038 1273
1038 1718
1039 1198
1039 1440
1040 1302
1041 1706
1042 1301
1042 1400
1042 1550
1042 1798
1043 1106
1043 1432
1044 1536
1046 1566
1046 1606
1046 1851
1046 1891
1047 1058
1047 1184
1048 1194
1048 1721
1049 1062
1049 1332
1049 1578
1049 1684
1050 1208
1050 1529
1050 1715
1050 1772
1051 1184
1051 1269
1051 1326
1051 1534
1051 1660
1051 1712
1052 1314
1052 1399
1052 1450
1052 1642
1052 1795
1052 1993
1053 1064
1053 1141
1053 1365
1054 1735
1055 1154
1055 1511
1056 1094
1056 1437
1056 1643
1056 1882
1057 1170
1058 1406
1059 1107
1059 1126
1060 1317
1060 1404
1061 1076
1062 1063
1062 1252
1062 1255
1062 1878
1062 1969
1063 1543
1063 1918
1065 1120
1065 1227
1065 1327
1066 1132
1066 1278
1066 1560
1067 1205
1067 1733
1068 1192
1068 1819
1069 1573
1069 1848
1070 1159
1070 1451
1070 1886
1070 1921
1071 1374
1071 1502
1071 1790
1074 1182
1074 1391
1074 1465
1074 1578
1074 1712
1075 1169
1077 1145
1077 1552
1078 1421
1078 1514
1079 1625
1079 1906
1080 1135
1080 1144
1080 1737
1080 1748
1082 1593
1082 1944
1083 1514
1083 1648
1083 1813
1084 1826
1085 1391
1085 1446
1085 1614
1085 1987
1086 1145
1086 1164
1087 1268
1088 1778
1089 1672
1089 1835
1089 1861
1090 1556
1092 1855
1092 1977
1094 1315
1094 1532
1094 1601
1094 1855
1095 1644
1095 1699
1095 1717
1095 1986
1096 1586
1097 1329
1097 1653
1098 1201
1100 1285
1100 1506
1100 1587
1100 1628
1101 1173
1102 1482
1103 1824
1103 1850
1105 1218
1105 1330
1105 1634
1106 1366
1106 1457
1106 1849
1108 1338
1108 1705
1110 1256
1110 1365
1111 1360
1111 1562
1112 1781
1114 1339
1115 1937
1115 1988
1116 1695
1116 1851
1118 1879
1119 1404
1121 1293
1121 1454
1123 1221
1123 1873
1124 1962
1125 1223
1125 1455
1125 1501
1125 1992
1126 1235
1126 1457
1126 1573
1126 1756
1127 1209
1127 1375
1127 1622
1128 1473
1128 1791
1129 1660
1129 1715
1130 1173
1130 1269
1130 1874
1131 1322
1132 1470
1132 1801
1133 1522
1134 1277
1134 1430
1135 1207
1137 1828
1137 1981
1138 1147
1138 1277
1140 1318
1140 1977
1141 1399
1141 1596
1142 1554
1143 1853
1144 1507
1144 1621
1144 1688
1144 1696
1145 1397
1145 1552
1145 1816
1146 1624
1146 1639
1146 1751
1147 1614
1147 1944
1148 1267
1148 1487
1148 1501
1148 1788
1149 1673
1150 1401
1150 1423
1151 1829
1153 1722
1153 1739
1154 1521
1154 1704
1155 1374
1156 1244
1156 1815
1157 1521
1157 1916
1158 1305
1158 1386
1158 1650
1158 1898
1160 1277
1161 1529
1162 1228
1162 1330
1163 1235
1164 1204
1164 1859
1165 1477
1166 1344
1166 1736
1167 1370
1168 1190
1168 1326
1168 1590
1168 1738
1169 1374
1169 1428
1169 1490
1170 1892
1171 1263
1171 1471
1172 1699
1174 1500
1175 1628
1176 1747
1177 1625
1178 1761
1179 1391
1180 1223
1180 1589
1180 1919
1181 1277
1181 1582
1181 1600
1181 1980
1182 1835
1182 1853
1184 1476
1184 1947
1185 1409
1185 1522
1185 1907
1186 1365
1186 1456
1186 1816
1187 1582
1187 1881
1188 1195
1189 1313
1189 1788
1189 1858
1189 1982
1190 1549
1190 1794
1191 1969
1192 1545
1192 1954
1194 1507
1195 1447
1195 1741
1196 1423
1196 1483
1196 1764
1197 1443
1197 1502
1197 1709
1197 1720
1198 1439
1199 1683
1200 1215
1201 1885
1202 1492
1203 1712
1204 1365
1204 1394
1204 1534
1205 1335
1205 1340
1205 1754
1206 1458
1206 1541
1207 1678
1209 1394
1210 1351
1211 1726
1211 1774
1212 1498
1212 1866
1212 1889
1213 1438
1213 1682
1213 1789
1214 1499
1215 1464
1216 1902
1216 1972
1217 1744
1217 1748
1218 1567
1219 1441
1219 1522
1219 1616
1220 1784
1220 1800
1220 1850
1220 1899
1221 1593
1221 1879
1221 1906
1222 1763
1223 1392
1223 1437
1223 1980
1224 1230
1224 1430
1224 1824
1225 1275
1225 1835
1225 1837
1226 1474
1227 1331
1227 1501
1228 1514
1229 1552
1229 1717
1230 1261
1230 1541
1231 1249
1231 1428
1231 1530
1232 1607
1232 1934
1233 1578
1233 1867
1233 1984
1234 1531
1235 1283
1235 1660
1236 1305
1236 1406
1236 1541
1236 1570
1237 1519
1237 1811
1237 1960
1238 1281
1238 1455
1238 1933
1239 1346
1239 1372
1239 1457
1239 1542
1240 1567
1240 1757
1241 1611
1241 1790
1241 1873
1243 1607
1243 1783
1244 1881
1245 1626
1245 1977
1246 1368
1246 1464
1247 1303
1248 1787
1249 1410
1249 1676
1250 1289
1250 1643
1251 1658
1251 1764
1252 1587
1252 1818
1253 1261
1254 1464
1254 1465
1254 1590
1254 1629
1254 1863
1254 1886
1254 1940
1257 1372
1259 1508
1260 1705
1260 1757
1261 1295
1261 1533
1261 1833
1262 1335
1262 1535
1264 1677
1265 1334
1265 1385
1265 1529
1265 1904
1268 1503
1268 1864
1270 1598
1271 1349
1271 1493
1271 1649
1271 1717
1272 1760
1273 1871
1273 1904
1274 1345
1274 1821
1275 1361
1275 1439
1275 1981
1276 1613
1277 1541
1277 1809
1277 1961
1278 1388
1278 1580
1279 1735
1279 1794
1279 1948
1280 1516
1280 1630
1280 1643
1280 1936
1281 1508
1282 1581
1282 1713
1282 1762
1282 1928
1283 1757
1283 1930
1284 1305
1284 1777
1284 1808
1285 1495
1285 1690
1286 1370
1286 1965
1287 1396
1287 1415
1287 1610
1288 1427
1289 1642
1290 1592
1291 1928
1292 1469
1292 1819
1293 1668
1293 1749
1293 1815
1293 1870
1293 1993
1294 1347
1298 1309
1298 1644
1298 1794
1299 1805
1302 1548
1304 1428
1305 1578
1305 1776
1306 1864
1307 1395
1308 1913
1309 1588
1309 1835
1309 1921
1310 1367
1310 1497
1310 1557
1310 1745
1310 1821
1310 1832
1311 1313
1311 1332
1311 1380
1312 1398
1313 1987
1315 1548
1315 1894
1316 1570
1316 1585
1316 1888
1318 1350
1318 1396
1318 1494
1319 1657
1320 1509
1320 1715
1321 1412
1321 1416
1321 1894
1322 1459
1322 1624
1322 1725
1324 1453
1325 1841
1326 1383
1326 1517
1326 1623
1326 1740
1328 1370
1328 1753
1328 1937
1329 1333
1329 1954
1330 1390
1330 1679
1331 1556
1333 1757
1334 1748
1335 1729
1336 1338
1336 1435
1336 1793
1336 1862
1338 1670
1338 1684
1339 1810
1340 1383
1340 1586
1340 1948
1341 1570
1341 1586
1341 1773
1342 1593
1342 1734
1343 1352
1343 1911
1343 1912
1344 1520
1347 1355
1347 1646
1348 1365
1348 1518
1348 1855
1349 1429
1350 1506
1350 1555
1350 1599
1350 1731
1352 1455
1352 1455
1353 1585
1353 1617
1354 1582
1354 1593
1354 1897
1355 1555
1355 1728
1355 1759
1356 1703
1357 1787
1357 1892
1357 1981
1358 1488
1358 1971
1359 1422
1360 1697
1362 1867
1364 1749
1364 1759
1364 1914
1366 1650
1366 1823
1366 1869
1367 1768
1367 1906
1368 1568
1369 1664
1369 1854
1369 1952
1370 1637
1370 1907
1371 1376
1371 1714
1372 1696
1373 1714
1375 1605
1376 1394
1376 1560
1377 1919
1378 1938
1379 1620
1379 1650
1379 1675
1381 1385
1381 1413
1381 1696
1381 1915
1382 1412
1382 1662
1382 1793
1382 1930
1385 1980
1386 1888
1386 1935
1387 1986
1389 1554
1389 1943
1391 1731
1391 1956
1392 1780
1392 1844
1394 1967
1395 1579
1395 1644
1395 1903
1397 1466
1397 1684
1398 1556
1398 1788
1398 1981
1399 1731
1401 1566
1401 1835
1403 1440
1404 1549
1404 1599
1405 1597
1405 1630
1405 1841
1406 1445
1406 1621
1407 1411
1407 1553
1407 1665
1407 1721
1407 1839
1408 1860
1409 1903
1410 1477
1411 1711
1411 1924
1412 1836
1414 1570
1415 1572
1415 1611
1415 1859
1415 1991
1418 1598
1418 1598
1418 1616
1418 1898
1419 1901
1420 1674
1421 1972
1423 1799
1424 1482
1424 1727
1424 1845
1425 1429
1425 1587
1425 1789
1425 1791
1425 1848
1426 1809
1430 1510
1432 1965
1433 1695
1435 1789
1438 1520
1439 1907
1441 1488
1442 1506
1442 1625
1444 1688
1445 1595
1445 1633
1446 1498
1446 1797
1448 1614
1448 1625
1449 1526
1449 1875
1449 1924
1449 1961
1451 1654
1452 1585
1454 1604
1454 1787
1455 1556
1455 1669
1456 1501
1456 1634
1458 1672
1458 1692
1458 1851
1460 1980
1461 1554
1462 1538
1463 1464
1463 1542
1463 1645
1463 1727
1467 1557
1467 1631
1468 1619
1468 1657
1468 1966
1469 1715
1470 1617
1471 1741
1471 1977
1472 1735
1472 1773
1475 1940
1476 1550
1476 1750
1477 1600
1477 1786
1479 1807
1481 1666
1481 1916
1482 1510
1484 1509
1484 1802
1484 1939
1485 1809
1485 1816
1486 1580
1487 1494
1488 1573
1489 1712
1489 1733
1490 1819
1491 1940
1492 1597
1493 1782
1495 1579
1500 1962
1502 1964
1505 1918
1506 1935
1510 1518
1510 1518
1511 1925
1512 1651
1513 1516
1513 1654
1514 1818
1516 1741
1516 1954
1517 1605
1521 1822
1521 1842
1522 1660
1523 1940
1524 1562
1524 1640
1524 1686
1526 1707
1526 1734
1526 1737
1526 1812
1526 1823
1529 1631
1530 1545
1530 1554
1531 1760
1531 1779
1531 1799
1532 1948
1533 1931
1534 1667
1534 1704
1535 1727
1536 1953
1536 1976
1537 1806
1538 1770
1540 1589
1540 1723
1540 1821
1540 1949
1541 1667
1543 1624
1544 1950
1545 1704
1546 1775
1546 1822
1546 1927
1547 1591
1547 1748
1549 1941
1549 1985
1549 1986
1550 1709
1550 1749
1552 1702
1553 1642
1554 1700
1554 1728
1556 1597
1557 1615
1557 1843
1558 1681
1561 1745
1562 1697
1562 1899
1563 1668
1565 1895
1568 1690
1569 1690
1570 1740
1573 1852
1574 1988
1581 1687
1581 1904
1582 1893
1582 1901
1583 1810
1583 1985
1584 1687
1587 1783
1588 1712
1589 1608
1589 1994
1591 1905
1592 1669
1592 1745
1592 1862
1593 1835
1593 1916
1594 1597
1594 1685
1594 1797
1595 1827
1596 1940
1598 1702
1598 1733
1600 1783
1602 1724
1602 1752
1604 1766
1605 1989
1607 1847
1610 1855
1612 1962
1613 1787
1613 1946
1616 1896
1617 1750
1618 1853
1618 1880
1622 1709
1622 1894
1624 1860
1624 1872
1624 1903
1625 1969
1626 1803
1627 1657
1627 1800
1628 1636
1630 1688
1631 1938
1631 1968
1632 1899
1637 1705
1637 1832
1639 1792
1640 1813
1645 1870
1645 1941
1647 1953
1648 1687
1651 1750
1652 1965
1654 1862
1655 1780
1656 1678
1656 1944
1661 1671
1661 1850
1662 1868
1663 1747
1664 1776
1669 1815
1669 1923
1670 1905
1671 1968
1673 1684
1675 1797
1675 1822
1678 1778
1678 1944
1679 1695
1680 1734
1680 1973
1681 1991
1684 1933
1685 1873
1686 1993
1688 1740
1688 1768
1688 1818
1688 1915
1688 1931
1693 1888
1694 1907
1695 1878
1695 1979
1697 1979
1700 1930
1703 1954
1703 1987
1705 1782
1707 1975
1708 1723
1711 1765
1711 1837
1714 1834
1714 1846
1714 1962
1715 1780
1715 1978
1717 1771
1718 1724
1719 1727
1720 1930
1726 1896
1728 1754
1730 1781
1733 1782
1735 1778
1739 1845
1739 1947
1741 1772
1742 1910
1744 1798
1744 1937
1746 1967
1747 1849
1747 1950
1748 1860
1749 1954
1755 1909
1758 1953
1761 1842
1763 1806
1765 1886
1766 1965
1767 1776
1769 1993
1772 1830
1774 1968
1775 1792
1777 1962
1778 1818
1778 1984
1779 1800
1780 1863
1780 1948
1781 1805
1782 1816
1788 1827
1788 1875
1793 1983
1794 1822
1794 1837
1798 1895
1799 1826
1802 1824
1804 1933
1805 1944
1815 1834
1817 1935
1817 1961
1820 1844
1820 1915
1825 1877
1826 1884
1828 1842
1831 1944
1837 1891
1840 1967
1847 1976
1859 1880
1862 1985
1868 1923
1871 1986
1872 1963
1879 1914
1881 1935
1883 1901
1888 1938
1888 1983
1901 1984
1911 1984
1915 1968
1919 1925
1926 1947
1929 1988
1930 1949
1937 1956
