1964 3122
1 725
1 880
1 1015
1 1410
2 344
2 806
2 1821
3 672
3 1842
4 1666
4 1773
5 454
5 1678
6 213
6 352
6 1242
6 1859
7 379
7 782
8 282
8 1194
9 55
9 860
9 1190
10 863
11 64
11 454
11 1413
11 1488
12 155
12 317
12 413
12 987
12 1175
13 493
13 513
13 522
13 902
14 1321
15 797
15 865
15 1826
15 1836
16 584
16 1805
17 176
17 886
17 1696
17 1766
17 1801
18 1149
18 1229
19 610
19 633
20 618
20 1199
20 1586
21 352
21 1031
21 1204
21 1606
22 1468
23 542
23 782
23 1168
23 1208
23 1280
24 1638
24 1871
25 1352
25 1700
26 790
26 1507
27 1162
28 293
28 793
28 1348
29 1511
29 1721
29 1798
30 931
30 1173
30 1414
31 53
31 1945
31 1949
32 849
32 1015
32 1381
32 1461
32 1633
33 91
33 205
33 255
33 691
33 780
33 825
33 1589
34 337
34 671
34 1740
35 360
35 525
35 1638
36 162
36 957
36 1416
36 1750
36 1796
37 1076
37 1105
37 1835
38 455
38 966
38 992
38 1403
39 200
39 1201
40 347
40 1131
41 221
41 441
41 1202
42 1264
42 1858
43 153
43 393
43 900
43 1730
43 1777
44 77
45 1708
46 508
46 570
46 888
46 1112
46 1921
47 737
47 1450
47 1528
47 1882
48 628
48 1007
48 1277
48 1938
49 102
49 296
49 429
50 190
50 395
50 527
50 1656
50 1741
51 349
51 1154
51 1329
52 1735
53 1673
54 572
54 579
54 652
55 729
55 1160
55 1360
55 1408
56 506
56 1054
56 1144
57 486
57 501
57 1226
57 1436
57 1570
58 1372
58 1694
59 95
59 1675
59 1886
60 291
60 319
61 473
61 1143
62 945
62 1669
62 1866
63 291
63 1211
63 1575
64 166
64 290
64 521
64 873
64 1445
64 1670
65 765
65 1385
65 1566
65 1759
66 1351
66 1928
67 223
67 352
68 1610
68 1841
69 1506
70 676
70 704
71 131
71 1230
71 1291
72 120
72 1071
73 222
73 976
73 1825
73 1939
73 1962
74 1371
75 874
75 1147
75 1372
75 1465
76 663
76 807
76 1043
77 518
77 1163
77 1325
77 1594
78 116
78 1064
78 1251
78 1276
78 1434
79 198
79 937
79 1800
80 813
81 113
81 445
81 715
81 1553
81 1618
82 302
82 1270
82 1357
83 889
83 941
83 1671
83 1691
83 1735
84 420
84 745
84 1182
85 96
85 486
85 873
85 952
85 1084
85 1468
85 1820
85 1949
86 238
87 374
87 390
88 468
88 468
88 1358
89 1931
90 295
90 306
90 1800
91 801
92 1109
92 1417
93 890
93 1285
93 1332
94 215
95 1629
96 558
97 179
97 214
97 1737
98 437
98 970
98 1104
99 921
99 1925
100 728
100 808
100 1599
100 1668
100 1695
101 309
101 1035
101 1544
101 1779
101 1831
102 486
102 529
102 1102
102 1153
102 1179
103 761
103 1165
103 1861
103 1878
104 878
104 1645
104 1907
105 585
105 811
105 1927
106 117
106 829
106 1061
107 231
107 1182
107 1684
107 1872
108 226
108 417
108 642
109 147
109 510
109 1054
109 1225
109 1248
110 610
110 656
110 676
110 787
110 790
110 1004
111 130
111 162
111 179
111 295
111 389
111 969
112 468
112 1962
113 260
114 183
114 1471
114 1832
114 1865
115 1449
115 1830
115 1935
116 1933
117 504
117 1410
117 1878
118 239
118 252
118 1797
119 559
119 684
119 830
121 534
122 1359
123 416
123 675
123 1181
123 1917
124 375
124 1251
124 1689
124 1818
125 1574
125 1703
126 222
126 452
126 845
127 137
127 436
127 1026
128 674
128 679
128 876
129 1514
129 1709
129 1949
130 876
130 971
131 412
131 1683
131 1860
132 887
132 1421
132 1429
133 1289
133 1953
134 265
134 721
135 1154
135 1281
135 1764
136 467
136 500
136 795
136 998
137 694
137 1781
138 1105
138 1483
138 1533
138 1832
139 1082
139 1223
139 1473
140 188
140 733
140 1763
141 201
141 1263
141 1515
141 1904
142 494
142 716
142 1385
143 186
143 1802
144 1343
144 1683
144 1824
145 877
145 1252
145 1305
146 1139
147 544
147 1089
147 1454
147 1831
148 1194
148 1357
149 502
149 848
149 1150
149 1206
150 1103
150 1900
151 495
151 1421
151 1429
152 1035
152 1382
153 1265
153 1455
153 1585
153 1901
154 307
154 477
154 1474
154 1733
156 318
156 1727
157 613
157 1616
158 161
158 435
158 532
158 1098
158 1118
158 1307
159 301
159 317
159 778
159 1809
159 1848
160 1389
160 1685
161 271
161 430
161 764
161 1259
162 711
162 1125
162 1345
163 608
163 1910
164 245
164 1560
164 1708
164 1788
165 756
165 1358
165 1839
166 407
166 426
166 738
167 1250
167 1681
168 595
168 1015
168 1660
168 1836
169 236
169 277
169 1014
169 1270
169 1930
170 498
170 939
171 971
172 209
172 230
172 549
172 1400
173 306
173 322
173 359
173 895
174 280
174 555
174 1239
174 1665
175 1672
175 1866
176 457
176 735
176 954
176 1607
176 1747
176 1903
177 586
177 657
177 1419
178 446
178 1599
179 1215
180 1920
181 672
181 1009
181 1080
182 679
182 940
182 1369
183 278
183 666
183 1754
183 1764
184 292
184 613
184 618
184 752
185 676
185 1496
185 1535
185 1777
186 1213
187 609
187 1698
188 978
188 1029
188 1272
188 1649
188 1823
189 381
189 1373
190 729
190 910
190 1096
191 742
191 992
192 497
192 1644
193 1173
193 1253
193 1594
194 321
194 404
194 723
194 1081
195 363
195 715
196 488
196 1163
196 1202
196 1285
196 1516
196 1928
197 254
197 873
197 1499
197 1581
197 1727
198 688
198 1660
199 747
199 1143
199 1703
200 1267
200 1930
201 1099
201 1728
202 386
202 1476
202 1718
202 1739
203 702
204 1588
205 944
205 1901
206 314
206 703
206 1655
206 1691
207 358
207 623
207 916
207 1519
208 575
208 627
208 1568
208 1655
209 288
210 1572
210 1870
211 530
211 1247
212 552
212 843
212 1064
212 1703
213 574
213 1375
214 225
214 1120
214 1136
214 1731
215 259
215 1094
215 1098
215 1469
216 945
216 1740
217 383
217 979
218 275
218 769
218 1325
218 1956
219 252
219 702
219 921
219 1008
219 1767
220 388
220 531
220 1847
220 1937
221 890
221 1784
222 368
222 1693
222 1855
223 1328
224 460
224 1214
225 425
225 533
225 1223
225 1463
225 1881
226 434
226 1517
226 1731
227 301
227 651
227 791
228 467
228 490
229 1316
229 1595
230 1211
230 1449
230 1931
231 606
231 857
231 1016
231 1195
231 1310
232 859
232 1725
233 754
233 1013
233 1055
233 1243
233 1310
234 682
234 834
235 295
235 482
236 1588
237 409
237 687
237 1061
238 839
238 1493
238 1544
239 744
239 1942
240 580
240 1796
241 950
241 1535
242 397
242 712
243 547
243 1887
244 945
244 1289
245 271
245 419
245 1780
246 805
246 1067
247 462
247 1013
247 1334
248 1142
249 796
250 329
250 389
250 1593
251 597
251 653
251 808
251 1724
252 331
252 1924
253 756
253 1947
254 716
254 1807
255 1173
256 969
256 1023
257 727
257 961
257 1359
257 1932
258 598
258 1302
259 560
259 923
259 1698
260 397
260 806
260 1389
261 336
261 540
261 769
261 1170
261 1881
261 1938
262 541
262 1416
263 385
263 972
264 1781
265 517
265 1637
265 1815
266 1453
267 1073
267 1300
268 542
268 556
268 1127
269 1317
269 1416
270 299
270 1816
271 625
271 695
271 792
272 483
272 986
272 1002
273 549
273 638
273 1337
274 791
274 975
274 1294
274 1407
275 497
275 1930
276 1500
276 1528
276 1934
277 1595
278 356
278 978
278 998
279 1765
280 1199
280 1514
281 490
282 394
282 454
282 916
282 1930
283 601
283 1411
283 1474
284 972
284 1245
284 1460
285 296
285 337
286 334
286 1770
287 1338
288 779
288 1016
288 1593
289 403
289 924
289 1234
290 442
290 591
290 786
290 904
290 1897
291 593
291 703
291 891
291 1199
291 1398
291 1531
292 1171
292 1399
292 1929
293 472
293 840
294 803
294 887
294 1491
294 1862
295 1039
295 1223
296 605
296 715
297 431
297 475
297 738
297 1150
297 1547
298 1184
298 1569
298 1904
299 574
299 1248
300 1890
301 1457
301 1511
302 349
302 515
302 1254
303 886
303 911
304 907
304 1495
304 1882
305 338
305 429
305 885
305 932
306 709
306 1774
306 1964
307 1573
308 375
308 761
308 1148
308 1300
309 723
309 1074
309 1629
310 1043
310 1414
310 1728
310 1732
311 697
311 1551
312 591
312 1204
312 1471
313 397
313 452
313 620
313 1239
313 1916
314 633
314 1179
314 1558
314 1753
315 1443
315 1537
315 1835
316 915
318 332
318 496
318 1895
319 614
319 817
319 1943
320 644
320 1502
321 840
321 1352
321 1508
322 544
322 949
322 1708
323 452
323 1062
323 1797
323 1952
324 847
324 953
324 1094
324 1824
325 729
325 796
326 427
326 482
326 1884
326 1907
327 328
327 464
328 421
328 807
328 1896
329 630
329 762
329 1137
330 1822
331 1021
331 1255
331 1336
331 1438
332 1497
332 1730
333 372
333 1350
333 1514
334 469
335 621
335 801
335 1027
335 1554
335 1814
336 409
336 1888
337 791
337 1134
337 1300
337 1845
338 435
338 1073
338 1553
338 1939
339 1071
340 386
340 1733
341 575
341 706
341 1347
342 1768
343 976
343 1040
345 1097
346 1934
347 581
347 705
347 1035
348 1108
348 1813
349 729
349 820
349 1109
350 857
350 1665
351 646
351 1152
351 1186
352 1653
353 870
353 1688
354 478
354 611
354 1381
354 1525
355 1512
356 667
356 1101
356 1131
356 1319
356 1540
357 1508
358 1100
359 592
359 614
359 945
359 1867
360 882
360 1114
360 1624
360 1657
360 1805
361 835
361 908
361 957
362 1242
362 1726
363 414
363 585
364 452
365 530
365 1528
366 564
366 633
366 833
366 1256
366 1903
367 375
367 1748
368 403
368 911
368 936
368 1095
369 1548
369 1956
370 1446
371 1215
371 1321
372 1338
373 1249
373 1788
374 626
374 1420
374 1919
375 463
375 740
376 381
376 432
376 1001
376 1507
377 1390
378 503
378 1058
378 1342
378 1924
379 613
379 900
379 913
379 1601
380 815
380 905
380 1452
380 1642
380 1675
381 483
382 727
382 1231
382 1319
382 1591
383 1000
383 1006
383 1294
383 1414
384 582
384 1141
384 1406
384 1739
384 1947
385 806
385 987
386 782
386 869
386 1344
386 1525
387 614
387 1709
387 1744
388 486
388 1181
389 664
389 1859
390 619
390 980
391 845
391 1442
392 744
392 1137
392 1271
392 1419
393 1032
394 574
394 718
394 909
394 1017
394 1605
394 1624
395 1317
395 1788
396 720
396 882
396 1301
397 1391
398 759
398 1060
399 481
399 545
399 711
399 1142
399 1216
400 450
400 908
400 1960
401 851
401 1204
402 843
402 1173
403 1669
403 1960
404 1420
404 1747
405 1635
405 1824
405 1896
406 902
406 1070
406 1837
407 776
407 1172
408 682
408 1261
409 1265
409 1573
410 1110
410 1932
411 1105
411 1319
411 1743
411 1877
412 1310
412 1954
413 718
413 1431
413 1478
413 1825
414 1072
415 1060
416 655
416 687
417 473
417 891
417 1013
417 1065
418 704
418 1148
418 1453
418 1673
419 608
420 959
420 1686
421 1938
422 862
422 1173
422 1296
422 1301
423 1219
424 483
424 773
424 932
424 1734
425 1773
426 1377
426 1617
427 799
428 449
428 739
430 461
430 672
430 1290
430 1346
430 1348
430 1851
431 922
431 1141
431 1823
433 457
433 1241
434 1168
435 663
435 733
435 968
435 1159
435 1212
435 1894
436 549
436 847
436 1495
436 1513
437 784
437 1062
438 444
438 454
438 605
439 512
439 1690
440 549
440 566
440 1198
440 1670
441 700
441 1327
441 1563
442 1804
443 783
444 547
445 447
445 486
446 966
446 1192
446 1755
446 1910
447 669
447 1179
447 1831
448 1505
448 1550
448 1614
449 1763
450 750
450 1526
451 778
451 1632
452 888
452 1310
452 1671
453 1572
453 1796
454 1698
455 1226
455 1398
455 1696
456 668
456 920
456 1044
456 1392
457 1026
457 1158
458 1146
459 910
459 1512
459 1659
460 569
460 805
460 1481
461 561
461 1093
461 1914
462 852
462 1116
462 1517
463 480
463 599
463 1117
463 1960
464 680
464 886
464 1643
465 866
465 1318
465 1917
466 872
466 1551
466 1845
467 1705
467 1718
468 919
469 1008
469 1058
469 1722
470 504
470 647
470 834
471 881
471 1666
472 657
472 1020
472 1083
474 651
474 1656
474 1664
474 1680
475 1301
475 1567
476 546
476 829
477 665
478 711
478 895
478 1359
479 1219
480 568
480 787
480 1720
481 642
481 905
481 920
481 1759
482 582
482 886
482 943
482 1755
483 782
483 1676
484 1366
485 896
485 1286
485 1648
486 532
486 736
486 1107
486 1206
486 1771
487 1410
489 497
489 626
489 801
489 1409
490 1277
490 1708
491 1507
491 1843
491 1933
492 1230
492 1940
493 754
493 868
494 774
494 1799
494 1886
496 1733
497 1094
497 1110
497 1355
497 1444
498 644
498 1353
498 1374
498 1646
499 863
499 1820
500 1443
500 1790
500 1952
501 1735
501 1760
501 1788
502 737
502 1571
503 879
503 1586
503 1701
503 1782
504 1270
504 1753
505 1128
505 1419
505 1524
506 1188
507 1230
507 1311
507 1750
508 753
508 831
508 977
508 1312
509 583
509 944
510 1004
510 1139
510 1364
510 1880
511 899
512 1037
512 1320
512 1465
513 1013
514 610
514 713
514 1599
515 709
515 866
515 916
515 982
516 1293
516 1909
517 1942
518 612
518 1399
518 1627
519 596
519 1228
519 1494
520 1065
521 628
521 729
521 1036
521 1436
521 1510
521 1626
521 1646
522 559
522 770
523 715
523 754
523 1418
524 529
524 1561
525 607
526 616
526 692
526 1377
526 1441
526 1741
527 1386
528 1144
530 1396
531 743
531 845
531 1710
532 941
532 1271
532 1748
532 1863
533 724
533 923
534 779
534 937
534 1332
534 1500
534 1510
534 1804
535 1362
535 1584
536 1612
536 1748
537 1117
537 1147
537 1643
538 874
538 889
538 1147
538 1359
539 775
539 1069
539 1096
539 1426
540 1321
540 1592
541 1274
541 1616
542 1118
542 1674
542 1957
543 1725
544 548
544 594
544 717
545 851
545 1395
545 1684
545 1913
545 1954
546 614
546 616
546 1715
546 1948
546 1951
547 1354
547 1679
548 1116
548 1737
549 1419
549 1884
550 617
550 1293
551 743
551 1304
552 843
552 1018
552 1899
553 958
553 991
553 1387
554 1089
554 1242
554 1846
555 1350
555 1551
556 759
556 1421
557 573
557 1323
557 1586
558 1141
558 1233
558 1676
558 1856
559 1689
560 674
560 838
560 1595
560 1731
561 1208
561 1220
561 1474
561 1532
562 746
562 1209
562 1434
563 1185
563 1919
564 1773
565 801
565 1642
566 1691
567 952
567 1557
567 1700
567 1786
568 1324
569 1586
569 1892
570 1776
571 684
571 1828
572 858
572 889
572 895
572 1658
573 929
573 1746
574 581
574 713
575 1597
576 725
576 1779
576 1857
577 583
577 800
577 1454
577 1551
578 1130
578 1694
579 1571
579 1945
580 589
580 832
580 886
580 965
580 1056
580 1498
580 1642
580 1823
581 1957
582 1055
582 1088
582 1927
582 1941
583 881
583 1042
584 857
584 1032
585 814
585 1019
585 1064
585 1124
586 1556
587 1003
587 1241
587 1401
588 935
588 1801
589 758
589 775
590 1125
591 733
591 1609
591 1860
592 867
593 595
593 768
593 1527
594 1775
595 937
596 673
596 911
596 1003
596 1070
596 1143
597 927
598 1724
599 998
599 1182
599 1458
600 1836
601 659
601 1790
602 894
602 1403
602 1792
602 1950
603 1246
603 1855
604 619
604 679
604 711
604 1830
605 1786
606 1065
607 1052
608 1372
608 1489
609 826
609 1048
610 1667
612 936
612 1235
612 1469
612 1710
613 1556
613 1746
613 1856
614 1140
615 715
615 1374
617 732
617 1038
617 1107
618 811
620 1812
621 1551
621 1935
622 820
622 1336
623 658
623 1068
623 1367
624 1653
625 635
625 1864
626 1174
626 1853
626 1928
627 648
627 724
627 1342
627 1950
628 719
628 1421
628 1425
629 1221
630 639
630 736
630 752
631 1024
631 1480
632 696
632 920
632 1151
632 1879
633 946
634 1275
634 1370
634 1922
635 764
636 945
636 1223
636 1258
636 1554
637 724
637 821
637 1485
638 1212
639 1734
640 896
641 723
641 1063
641 1770
642 672
642 972
642 1608
643 650
643 1413
643 1854
644 1246
644 1716
644 1827
645 722
645 1554
646 823
646 1173
647 915
649 739
649 757
649 820
650 1327
650 1775
651 780
651 884
651 1008
651 1172
652 727
652 1132
652 1419
653 1102
654 1768
655 892
655 1408
656 1372
656 1695
657 1295
657 1649
657 1692
658 1200
659 1739
659 1892
660 1397
660 1516
660 1662
660 1961
661 951
661 1314
662 758
662 840
662 1065
662 1408
662 1950
664 1404
665 1901
667 1611
668 993
668 1749
669 1544
670 1365
670 1544
670 1762
671 680
671 737
672 841
672 1027
672 1280
673 884
674 1876
675 1012
676 839
676 859
676 1740
677 950
678 933
678 1050
678 1571
679 1899
680 944
680 1706
681 1059
681 1080
681 1692
683 1408
683 1557
684 724
684 830
684 994
684 1330
685 1119
685 1300
685 1947
686 1096
686 1514
686 1868
688 1347
688 1476
689 1193
689 1718
689 1729
690 959
690 1094
690 1253
690 1512
691 1556
692 1792
693 696
693 963
693 1035
694 968
694 1260
694 1555
695 1304
696 1829
697 862
697 1109
698 951
699 993
699 1504
699 1945
700 864
700 1955
701 1085
701 1439
702 1552
704 737
705 1937
707 913
707 1342
707 1736
708 1296
708 1707
709 824
709 1652
710 1276
711 734
711 796
711 1125
711 1274
711 1651
712 818
712 1486
713 807
713 1787
714 1718
715 957
715 1089
715 1122
715 1356
716 1180
717 849
718 729
718 1520
719 742
719 1838
720 925
720 1427
720 1690
721 808
721 812
721 997
721 1454
722 1449
722 1699
722 1862
723 803
723 1067
725 1214
726 901
726 1338
726 1786
726 1945
727 1437
728 1090
728 1437
728 1534
729 1199
729 1467
730 892
730 1305
730 1886
731 1001
733 1247
733 1311
734 1207
734 1560
735 1774
736 1579
737 926
738 1110
738 1151
739 760
739 906
739 1655
740 1185
741 1550
741 1747
742 781
743 940
743 1632
744 1257
745 810
745 1032
746 1833
746 1909
747 1622
747 1949
748 1004
749 1388
749 1397
750 1021
750 1351
750 1487
750 1546
751 926
751 1817
751 1848
752 974
752 1319
752 1699
753 1361
754 884
755 1846
755 1945
756 1083
756 1861
757 877
757 1340
757 1561
758 949
758 1145
758 1451
758 1475
758 1549
758 1677
758 1759
758 1803
759 800
759 911
759 1789
759 1852
760 824
760 1047
761 763
761 1372
762 1224
762 1556
763 1210
763 1270
763 1355
764 1214
764 1274
765 1886
766 1164
766 1798
767 1121
768 1068
769 866
769 1438
770 1150
771 901
772 1023
772 1077
773 1340
774 1188
774 1254
774 1451
776 826
776 868
776 964
776 1668
777 1320
778 1284
780 1635
780 1764
780 1831
781 1679
781 1738
781 1894
783 1186
783 1273
784 1165
785 854
785 878
785 1547
786 1530
786 1546
787 1021
787 1409
787 1519
788 1563
788 1612
789 1740
790 793
790 1344
791 947
791 1024
793 1690
793 1856
794 1692
794 1946
795 906
795 1069
795 1503
797 862
798 804
798 1150
798 1822
800 1908
801 1525
801 1819
802 1328
802 1675
803 1449
804 1859
805 814
805 1704
805 1901
806 1166
806 1582
807 1826
808 1257
809 1668
810 861
810 1531
811 1124
811 1763
812 1233
813 995
813 1184
813 1246
813 1714
814 1102
814 1433
814 1616
815 1157
815 1325
815 1611
816 961
816 1247
816 1955
817 941
817 1722
817 1819
817 1900
818 1432
818 1878
819 845
819 1487
819 1860
820 1322
820 1448
821 1768
821 1909
821 1948
822 1182
822 1232
823 892
824 939
824 1822
825 1198
826 921
827 891
827 1657
828 1135
831 1711
832 912
832 1346
832 1528
833 1446
834 1603
836 1384
836 1799
837 854
837 1055
837 1544
838 1508
838 1776
840 1646
840 1697
840 1948
841 873
842 923
843 925
844 903
844 1022
844 1041
846 1559
848 1185
848 1298
848 1400
849 1394
849 1453
850 1168
851 1230
851 1329
851 1858
853 1473
853 1687
855 1408
855 1749
856 995
856 1505
856 1562
856 1715
856 1849
857 1706
857 1852
858 1100
858 1103
858 1767
858 1834
859 866
859 1915
859 1961
860 883
860 899
860 935
860 1568
861 1144
861 1218
862 1085
862 1902
863 1022
863 1487
864 1067
865 954
865 1500
866 1941
867 1207
868 869
869 1622
869 1623
869 1759
869 1892
870 1694
870 1882
871 1386
871 1638
872 1239
872 1600
873 1755
875 1507
876 1115
876 1231
876 1944
877 1903
878 954
878 1634
880 1274
880 1326
881 1245
884 1017
884 1046
884 1447
885 1865
886 1722
887 1746
887 1828
889 899
889 1402
890 1143
890 1223
891 980
891 1523
892 1359
892 1598
893 1335
893 1603
895 1321
895 1349
896 1617
897 1229
897 1461
898 1045
898 1630
898 1684
898 1788
899 998
899 1609
900 1377
900 1457
900 1562
900 1907
901 1090
901 1455
903 1222
903 1685
904 1566
904 1862
905 1048
905 1421
906 1474
906 1701
907 1422
907 1920
909 1429
909 1551
909 1650
911 1343
911 1610
912 1392
912 1501
912 1883
913 1148
913 1297
913 1352
913 1871
913 1942
914 1618
915 1585
916 1420
916 1674
917 1920
918 993
918 1002
919 1415
919 1899
920 1153
920 1368
922 1567
923 971
923 1903
924 1779
924 1821
925 1032
925 1224
925 1807
925 1864
926 1477
926 1510
926 1765
928 1408
928 1415
928 1616
929 1445
929 1544
930 1330
930 1763
932 1107
933 1735
933 1827
934 1262
934 1435
934 1962
935 994
935 1069
935 1676
936 1339
936 1806
937 1347
937 1545
937 1765
938 950
938 1888
940 1153
940 1426
942 1582
942 1594
942 1813
942 1853
943 1013
945 1219
946 1552
946 1637
947 1191
947 1674
948 1400
948 1402
951 1882
952 976
952 1165
953 1197
953 1412
953 1759
954 1104
954 1199
954 1291
954 1476
955 1429
955 1638
955 1902
955 1920
956 1915
957 1099
957 1786
958 1256
958 1296
959 969
959 1126
959 1851
960 1580
961 1006
962 1808
963 1008
964 1708
965 1079
965 1805
966 1285
966 1401
967 1239
967 1253
967 1314
967 1559
968 1781
968 1932
969 1490
969 1591
970 1583
971 1632
971 1704
973 1679
975 1189
975 1754
977 1024
977 1443
977 1818
978 1026
979 1168
979 1474
980 1372
981 1063
981 1517
981 1829
981 1907
982 1334
983 1365
984 1311
984 1439
985 1260
985 1778
986 1162
986 1321
988 1312
988 1814
988 1894
989 997
990 1075
990 1170
990 1336
990 1641
992 1616
993 1404
995 1174
996 1014
996 1846
997 1262
997 1264
998 1175
999 1402
999 1404
999 1743
1000 1339
1000 1596
1000 1706
1000 1919
1001 1272
1002 1144
1002 1798
1003 1584
1003 1654
1004 1020
1005 1019
1005 1431
1005 1535
1006 1958
1007 1270
1009 1747
1010 1052
1010 1170
1010 1807
1010 1867
1011 1040
1011 1430
1011 1751
1012 1697
1012 1963
1014 1434
1014 1528
1014 1657
1015 1141
1015 1642
1016 1810
1018 1070
1018 1942
1018 1949
1019 1168
1019 1769
1020 1839
1020 1908
1021 1228
1021 1621
1021 1850
1022 1479
1022 1932
1023 1041
1024 1695
1025 1394
1025 1527
1026 1468
1028 1372
1029 1858
1030 1200
1030 1213
1031 1283
1031 1326
1031 1427
1031 1551
1032 1895
1033 1275
1033 1467
1033 1594
1033 1623
1033 1820
1034 1046
1034 1250
1035 1229
1036 1413
1036 1797
1037 1039
1037 1205
1037 1542
1038 1187
1038 1963
1039 1205
1041 1603
1041 1757
1041 1865
1042 1334
1044 1406
1044 1819
1046 1331
1046 1890
1048 1521
1049 1580
1049 1863
1049 1882
1049 1955
1050 1051
1050 1225
1050 1504
1051 1637
1051 1909
1052 1756
1053 1086
1053 1894
1055 1746
1055 1775
1056 1384
1057 1086
1058 1265
1058 1273
1058 1782
1059 1075
1059 1076
1060 1653
1061 1577
1063 1119
1063 1772
1064 1079
1065 1568
1065 1709
1066 1183
1066 1673
1067 1248
1068 1267
1068 1650
1069 1950
1070 1499
1070 1934
1071 1110
1071 1114
1072 1410
1072 1681
1072 1708
1072 1784
1073 1353
1073 1475
1073 1893
1075 1225
1075 1907
1076 1356
1076 1496
1076 1840
1077 1639
1078 1108
1078 1628
1079 1334
1079 1395
1079 1525
1079 1749
1080 1933
1081 1352
1081 1547
1081 1896
1082 1469
1082 1960
1084 1211
1084 1936
1085 1557
1086 1167
1086 1793
1087 1790
1088 1787
1091 1308
1092 1254
1092 1371
1093 1157
1096 1936
1097 1115
1097 1120
1097 1757
1098 1243
1098 1549
1099 1539
1099 1593
1100 1323
1100 1915
1101 1918
1102 1150
1102 1156
1102 1796
1105 1138
1105 1947
1106 1206
1107 1820
1108 1173
1108 1187
1108 1752
1109 1636
1109 1823
1110 1134
1110 1538
1110 1555
1111 1219
1111 1853
1112 1221
1112 1513
1112 1630
1113 1342
1113 1726
1115 1262
1115 1585
1118 1211
1118 1789
1119 1315
1119 1372
1119 1383
1120 1285
1120 1575
1120 1940
1121 1297
1121 1813
1123 1436
1123 1468
1123 1471
1124 1397
1124 1770
1126 1228
1126 1371
1127 1542
1127 1586
1128 1282
1128 1729
1129 1173
1129 1303
1129 1520
1131 1321
1132 1637
1132 1642
1133 1768
1134 1196
1135 1249
1135 1606
1136 1723
1136 1842
1137 1472
1137 1542
1138 1215
1138 1536
1140 1890
1141 1282
1141 1560
1142 1455
1143 1555
1144 1169
1144 1233
1144 1850
1146 1554
1146 1626
1147 1694
1149 1378
1149 1909
1152 1655
1153 1770
1154 1595
1155 1480
1155 1747
1155 1867
1156 1509
1157 1264
1158 1275
1158 1369
1158 1466
1159 1201
1159 1507
1160 1390
1161 1946
1162 1774
1163 1390
1164 1498
1164 1749
1165 1322
1165 1354
1167 1327
1168 1647
1168 1663
1169 1357
1170 1596
1171 1912
1172 1353
1172 1829
1173 1679
1174 1702
1175 1883
1176 1875
1177 1232
1177 1303
1178 1262
1178 1613
1179 1417
1180 1862
1181 1838
1182 1227
1184 1911
1185 1306
1186 1937
1187 1210
1187 1778
1187 1785
1188 1522
1189 1341
1189 1651
1190 1668
1198 1821
1199 1598
1200 1221
1200 1712
1202 1237
1202 1315
1203 1362
1203 1871
1205 1940
1206 1790
1206 1907
1207 1311
1208 1278
1209 1817
1211 1605
1211 1642
1212 1368
1213 1705
1213 1934
1214 1307
1214 1627
1214 1682
1215 1676
1215 1747
1217 1279
1217 1812
1218 1409
1219 1920
1220 1743
1221 1261
1221 1362
1221 1544
1222 1781
1223 1397
1225 1541
1225 1587
1226 1377
1226 1677
1226 1941
1227 1556
1227 1656
1229 1310
1230 1462
1230 1890
1232 1717
1233 1388
1234 1254
1235 1817
1236 1876
1238 1922
1239 1597
1239 1885
1240 1571
1240 1763
1240 1785
1241 1808
1241 1920
1242 1446
1242 1883
1242 1950
1243 1576
1243 1654
1244 1777
1245 1688
1245 1861
1246 1376
1246 1606
1246 1700
1252 1318
1252 1371
1252 1637
1253 1915
1255 1684
1256 1332
1257 1844
1257 1869
1259 1491
1260 1495
1260 1693
1261 1326
1261 1855
1261 1880
1263 1285
1265 1745
1265 1853
1265 1899
1266 1897
1267 1442
1268 1610
1268 1776
1269 1795
1269 1854
1270 1921
1271 1860
1272 1552
1272 1698
1272 1771
1273 1400
1277 1460
1277 1770
1278 1368
1278 1933
1279 1464
1279 1793
1280 1625
1280 1836
1282 1541
1282 1877
1282 1958
1284 1415
1285 1524
1286 1639
1287 1391
1287 1780
1288 1933
1289 1365
1291 1579
1291 1817
1292 1465
1294 1297
1294 1464
1295 1563
1295 1680
1296 1425
1299 1691
1300 1476
1300 1873
1302 1654
1304 1490
1304 1532
1305 1816
1306 1762
1307 1609
1308 1484
1308 1723
1308 1956
1309 1365
1309 1730
1310 1651
1311 1410
1312 1661
1312 1946
1313 1773
1314 1612
1315 1526
1315 1590
1316 1502
1316 1863
1319 1831
1319 1879
1320 1380
1322 1615
1323 1683
1324 1577
1324 1656
1325 1912
1326 1332
1326 1440
1326 1725
1326 1919
1328 1511
1328 1618
1328 1742
1329 1670
1330 1464
1330 1585
1330 1639
1331 1818
1332 1891
1333 1722
1337 1868
1338 1626
1338 1963
1339 1457
1339 1836
1340 1662
1341 1858
1343 1745
1345 1718
1346 1836
1347 1943
1348 1891
1349 1826
1350 1359
1352 1783
1355 1387
1355 1480
1356 1383
1356 1582
1362 1459
1363 1380
1363 1608
1366 1397
1367 1919
1368 1389
1369 1592
1369 1729
1370 1583
1371 1904
1373 1960
1374 1814
1374 1822
1374 1960
1375 1952
1377 1928
1378 1762
1378 1764
1379 1405
1379 1495
1379 1625
1379 1675
1379 1790
1380 1812
1382 1736
1382 1740
1384 1402
1384 1939
1386 1763
1387 1594
1387 1778
1390 1749
1391 1613
1392 1478
1393 1489
1394 1791
1396 1577
1396 1864
1396 1921
1397 1517
1398 1540
1400 1404
1401 1873
1402 1540
1404 1475
1404 1874
1406 1677
1406 1801
1406 1836
1409 1476
1409 1912
1410 1661
1412 1608
1413 1936
1414 1638
1414 1866
1417 1496
1417 1633
1417 1929
1418 1829
1421 1787
1422 1678
1422 1803
1423 1827
1424 1639
1426 1495
1426 1942
1428 1850
1430 1633
1432 1539
1432 1787
1433 1518
1434 1662
1434 1960
1435 1854
1436 1648
1437 1529
1437 1947
1442 1648
1444 1856
1444 1944
1447 1578
1447 1620
1448 1655
1450 1537
1451 1735
1456 1476
1456 1679
1456 1953
1458 1861
1462 1774
1463 1909
1464 1549
1464 1620
1465 1777
1465 1912
1468 1629
1468 1762
1470 1667
1470 1713
1470 1882
1472 1898
1472 1913
1473 1768
1473 1954
1475 1564
1479 1519
1482 1675
1482 1880
1482 1905
1483 1534
1485 1935
1486 1574
1488 1816
1491 1649
1492 1719
1492 1724
1492 1727
1494 1606
1497 1887
1498 1684
1499 1542
1499 1626
1499 1716
1500 1930
1504 1644
1504 1917
1505 1877
1506 1552
1509 1696
1509 1964
1511 1879
1512 1691
1515 1766
1516 1602
1518 1709
1518 1953
1519 1964
1522 1588
1525 1897
1526 1914
1527 1553
1528 1848
1529 1614
1530 1639
1532 1623
1533 1795
1535 1611
1536 1589
1537 1805
1541 1630
1543 1861
1544 1918
1545 1772
1546 1637
1546 1711
1548 1721
1549 1618
1550 1591
1551 1659
1552 1587
1552 1729
1552 1736
1552 1825
1553 1645
1558 1614
1558 1703
1559 1755
1561 1650
1564 1749
1565 1627
1568 1607
1568 1852
1571 1657
1571 1717
1571 1732
1572 1927
1572 1940
1574 1708
1579 1715
1579 1808
1580 1947
1583 1656
1583 1750
1588 1647
1588 1770
1589 1722
1593 1923
1594 1650
1598 1855
1602 1690
1604 1774
1606 1949
1609 1708
1609 1927
1614 1688
1614 1908
1617 1707
1618 1670
1619 1864
1620 1828
1623 1952
1624 1689
1625 1878
1626 1886
1630 1705
1631 1949
1634 1907
1635 1652
1636 1765
1636 1801
1636 1876
1639 1685
1639 1952
1640 1641
1640 1729
1646 1785
1648 1666
1648 1748
1648 1810
1649 1904
1657 1732
1658 1669
1662 1920
1663 1804
1664 1963
1665 1690
1666 1947
1667 1763
1670 1958
1673 1706
1673 1708
1677 1824
1683 1784
1691 1841
1694 1702
1694 1734
1696 1911
1697 1699
1704 1738
1706 1922
1707 1738
1713 1825
1716 1747
1717 1863
1719 1867
1725 1784
1726 1791
1731 1942
1734 1854
1738 1879
1745 1964
1756 1829
1756 1844
1757 1808
1758 1766
1759 1835
1761 1808
1761 1886
1767 1914
1769 1958
1775 1823
1778 1889
1784 1819
1790 1829
1790 1866
1791 1961
1794 1837
1794 1895
1795 1873
1797 1802
1802 1868
1808 1959
1810 1848
1811 1823
1816 1825
1817 1925
1821 1946
1833 1834
1845 1951
1851 1924
1862 1875
1892 1923
1895 1939
1900 1920
1900 1943
1905 1944
1905 1961
1906 1908
1910 1926
1913 1915
1934 1940
