966 1720
1 137 24544
1 149 99332
1 436 56368
1 941 76278
1 944 35092
2 621 66875
2 713 68195
3 415 51282
3 482 48154
3 508 8573
3 695 98536
3 827 95216
4 244 67974
4 578 50010
5 44 10474
5 234 82207
5 477 84011
5 519 698
5 661 67025
5 852 63928
5 936 69956
6 338 47053
6 467 2880
6 821 37914
7 248 40004
7 356 18782
7 432 29125
7 607 64263
8 10 46310
8 213 47669
8 524 86863
8 693 39983
8 743 26157
8 841 776
8 873 91611
9 844 76629
9 905 49359
11 322 88696
11 576 23507
11 948 65367
12 176 95138
12 450 97752
12 878 54349
13 298 30978
13 377 82027
13 622 79554
13 764 66961
13 772 36762
14 124 58026
14 136 97876
14 687 35768
15 197 98285
15 542 78210
15 746 58850
15 844 74208
16 20 85596
16 260 9052
16 352 77740
16 683 46606
17 371 67984
17 619 21262
18 506 85488
18 554 49386
18 554 11164
18 772 27296
19 148 99987
19 174 15039
19 413 5258
19 578 64102
20 76 77722
20 482 37208
21 151 45920
21 553 82419
21 585 85552
21 892 71193
22 335 50013
22 483 40288
22 781 18635
22 866 38265
23 69 97526
23 93 62343
23 219 9878
24 728 58034
25 205 61568
26 61 25703
26 238 73500
26 376 53348
26 487 35016
26 489 43282
26 507 20841
27 953 17855
28 43 50515
28 269 11475
28 417 62532
28 519 78864
28 633 6209
28 650 45897
28 665 1377
28 703 33163
28 757 20620
28 886 75838
29 192 14154
29 215 58519
29 571 32187
29 647 79569
29 948 29560
30 244 22152
30 364 92848
30 786 77952
30 966 844
31 749 83252
32 304 15938
32 431 71716
32 700 24155
33 554 10656
33 769 32437
34 150 35310
34 171 66879
34 365 77242
34 366 23534
34 859 85952
34 889 66598
35 44 54344
35 135 54341
35 643 1701
35 792 3812
36 491 65157
36 691 47384
36 704 78820
37 194 35908
37 565 91441
37 904 23454
38 268 25498
38 661 56668
39 789 89684
39 836 25137
40 211 6648
40 467 26135
41 72 91150
41 299 67574
41 375 66957
41 883 89768
42 617 42708
42 637 40166
43 634 61491
44 139 21284
44 918 75510
45 320 8950
45 405 8330
45 551 77676
45 896 6158
46 174 57493
46 866 88364
47 229 90375
47 703 74607
47 711 16206
48 742 70535
48 746 48609
48 884 24300
48 926 80389
49 129 37918
49 188 66175
50 343 61537
50 964 17573
51 322 86868
51 559 45712
51 651 95600
52 109 11225
52 440 46480
52 897 67514
53 422 63874
53 874 95721
54 292 77602
55 103 44975
55 194 40113
55 323 60616
55 346 68351
55 464 7299
55 826 87814
55 957 29039
56 505 49434
56 584 48921
56 895 36035
57 953 80445
58 64 53228
58 205 32791
58 539 37973
58 861 25061
59 149 26895
59 574 96112
59 899 6232
60 288 5183
60 508 95974
61 155 8159
61 342 68247
62 156 40727
62 248 20294
63 272 47127
63 304 82048
63 388 32299
64 95 42653
64 197 33035
64 298 5321
64 573 27524
64 913 58493
65 556 97010
65 950 10552
66 703 29736
66 743 29472
66 931 14697
67 744 46934
68 340 77111
68 844 22106
68 912 12830
69 403 20820
70 318 26679
70 627 98069
71 256 27546
71 767 82728
72 87 1762
72 306 25373
72 500 6826
72 538 60215
72 805 77682
73 232 94944
73 265 39859
73 276 76280
73 576 50433
74 915 770
75 357 26688
75 565 22994
75 571 74884
75 852 12348
76 302 13078
77 367 95765
77 506 72744
77 509 89957
77 688 33657
77 708 52153
77 711 81369
77 800 4439
78 188 75383
78 272 48759
78 730 52854
78 922 272
79 594 65448
79 662 5486
79 668 71515
79 745 10306
80 106 78905
80 181 55477
80 201 90927
80 498 76665
80 581 41355
80 856 34110
80 914 63765
81 114 9517
81 461 79121
81 603 79257
81 643 33822
82 225 90315
82 441 71701
82 641 60841
82 757 98579
83 594 91962
83 637 51327
83 834 58888
84 129 55421
84 487 85878
84 504 35715
84 739 91874
85 272 29438
85 351 77561
85 493 15512
85 502 64633
85 513 4071
85 760 54420
85 770 28615
86 286 62970
86 392 88102
86 808 76022
87 383 56401
88 195 87539
88 399 62680
88 588 65823
88 617 20639
88 637 23195
88 788 24638
88 887 90229
88 942 98881
89 358 48811
89 586 97988
89 955 79655
90 416 82688
90 422 56002
90 527 91375
90 649 26567
90 787 27141
91 151 7690
91 306 37548
91 647 87286
92 216 90439
92 475 87881
92 963 23895
93 248 39059
93 356 57129
93 545 16163
93 691 70352
93 834 62200
94 161 37392
94 899 70261
95 179 37912
95 300 29680
95 367 41547
95 868 32638
96 561 59517
96 858 53601
96 924 77338
97 418 79273
97 603 33894
97 731 49054
98 161 57523
98 539 16347
98 549 73232
98 766 7462
99 346 1007
100 508 82616
100 753 59641
101 115 83758
101 197 76687
102 159 59249
103 150 32633
103 451 82611
103 905 72815
104 289 41420
104 895 48806
104 918 6281
105 151 95036
105 186 2643
106 219 78099
106 537 65380
107 381 85683
107 717 52581
107 827 54976
107 932 91136
107 943 77559
108 165 57145
109 237 98838
109 314 32570
109 320 37433
109 472 35173
109 718 1974
110 575 3941
110 616 91164
111 811 96108
112 370 97385
112 615 80619
113 814 24775
114 863 22791
115 463 61451
116 301 57818
116 307 77062
116 386 90885
116 486 92100
117 679 77080
117 709 23422
118 438 31302
118 712 28403
119 960 73314
120 495 85393
120 825 53226
120 928 81259
121 180 90399
121 502 14434
121 787 52659
122 531 4137
122 643 86085
122 756 59357
122 867 23990
123 284 21578
123 441 43575
124 356 11062
124 599 95000
124 888 43104
124 928 7432
125 672 1626
125 888 40617
126 236 29308
126 285 69197
126 357 96118
126 651 68904
126 693 67890
126 762 73475
126 778 97194
127 146 95707
127 234 16028
127 518 87694
127 773 66620
128 153 78635
128 179 43415
128 570 9653
128 593 49531
129 194 2729
129 588 97290
129 647 76760
129 844 75023
130 357 94578
130 499 69307
131 397 1979
131 898 91130
132 359 74865
132 419 52927
132 765 93056
133 252 28305
133 508 28341
133 850 53809
134 797 55746
134 918 93480
135 450 60623
135 919 88070
136 213 30682
137 945 34307
138 189 7048
138 667 26347
138 898 29433
139 408 75612
140 168 75167
140 222 47374
140 350 71083
140 507 33859
141 919 46834
142 320 35280
142 455 43339
143 301 43908
143 316 17021
143 466 22688
143 815 50445
143 951 14352
144 391 1363
144 533 60016
144 683 23972
144 747 80069
145 309 88436
146 176 15908
146 483 10877
147 344 69342
147 737 9507
147 790 51793
148 287 75713
148 571 17792
148 780 14781
149 342 71649
149 664 94464
149 818 79157
150 310 34759
150 413 57596
150 531 20210
150 632 8820
150 773 18007
151 177 65289
151 559 16451
152 362 55664
152 428 5854
152 640 10122
153 413 17664
153 578 19282
154 315 70787
154 554 14861
154 683 4627
156 450 46844
156 726 8578
157 193 5974
157 203 33466
157 388 92773
157 951 90952
158 170 25082
158 614 32189
158 661 32045
158 688 96554
159 258 22419
159 800 63720
160 288 48509
161 169 54344
161 709 51554
161 779 50645
162 214 13797
162 597 48548
162 679 41301
163 388 65968
163 575 98176
164 424 29787
164 880 60565
164 900 65823
165 367 39805
165 382 49887
165 435 41565
165 505 84791
165 599 4582
165 637 58253
166 181 58899
166 266 94581
166 344 98195
166 495 95952
166 893 90787
167 370 73498
167 924 29310
168 387 53137
168 598 43940
168 934 63541
169 278 32659
169 380 62069
170 190 7566
171 930 95465
172 449 12269
172 867 39377
173 280 60651
173 800 52983
173 821 72638
174 622 3115
174 749 35153
175 910 39518
175 959 9599
176 259 88911
176 622 69763
176 656 66352
176 894 84638
177 394 52412
177 558 53006
177 726 39861
177 933 2681
178 354 15503
178 395 57236
178 755 57065
178 757 9172
179 447 55050
180 273 63700
181 288 47437
181 357 23228
181 372 18206
182 371 50489
182 377 59343
182 386 73022
182 838 65719
183 509 49830
183 595 44630
184 474 23055
184 475 67471
184 552 91397
184 906 55386
185 489 36540
185 717 7949
186 384 46196
186 736 23571
187 693 91308
188 288 38374
188 436 14547
188 837 39986
189 573 99113
189 890 26038
189 940 51220
190 456 15212
190 741 41162
191 509 46761
192 458 6577
192 495 69303
192 560 40085
193 514 74488
193 587 18667
193 667 77515
194 786 45831
194 876 84502
195 360 76515
195 361 82129
195 409 68606
195 719 60688
195 761 67184
196 268 38181
197 250 70575
197 775 96451
197 892 49659
198 404 31577
198 578 94284
198 645 2604
198 674 60462
198 795 26321
199 282 42882
199 308 62944
199 728 68861
200 453 48609
200 667 34859
202 206 45068
202 270 7055
202 280 27425
202 326 4515
202 332 55723
202 636 62013
202 680 47689
202 853 15275
203 254 16812
204 418 45555
204 672 40957
205 390 416
205 860 5676
206 489 295
206 697 359
206 780 72235
207 223 63147
207 240 37094
207 292 34760
207 383 84613
207 477 29846
207 793 79463
207 830 39762
207 860 75097
207 887 20291
207 962 71716
208 381 6887
208 536 79376
208 837 34044
208 863 29621
209 359 42685
209 600 22227
210 301 8560
210 583 20783
210 913 69507
210 933 72766
211 645 20934
212 847 31827
212 892 465
213 453 77226
213 756 14944
214 316 98902
214 763 39803
215 293 90299
215 945 18191
216 505 58247
217 380 81388
217 506 76532
218 244 19979
218 406 49489
218 742 53114
218 916 56487
219 443 31533
219 544 57680
219 665 7411
220 301 48686
220 961 39903
221 663 62599
221 781 18174
221 878 59826
221 894 43920
221 907 15661
222 320 62499
222 663 34764
223 261 66295
223 272 46498
223 275 79735
223 418 16737
223 597 56118
223 625 29404
223 630 60703
223 659 14271
224 476 20869
225 265 59216
225 613 51248
225 667 19902
225 708 181
225 875 66059
226 298 97500
226 393 54553
226 516 84659
227 657 29303
227 722 67269
227 881 30150
228 273 77347
229 376 52999
229 808 89025
230 593 69528
230 898 14766
231 554 98670
231 652 5048
231 734 45806
231 765 17999
232 763 70882
233 378 25968
233 388 50328
233 540 92132
233 798 54220
234 376 62613
234 525 42984
235 362 38858
235 384 40821
235 889 45793
236 338 93221
236 678 52319
236 780 81164
237 865 71403
237 933 90787
238 256 80988
239 256 50122
240 346 42080
240 561 18145
240 777 21266
240 918 19715
241 375 46082
241 674 79029
241 902 19887
242 567 94790
242 664 74419
243 432 97365
243 691 22428
243 808 29360
243 916 87249
244 736 77352
244 743 5924
245 648 141
245 706 63051
245 747 64243
246 366 33031
246 391 36606
246 694 88627
247 576 83710
247 637 66292
248 260 78936
248 673 7404
248 681 22237
248 911 64821
249 602 28240
250 315 35308
250 524 9444
250 903 65738
251 752 4949
251 771 88358
252 416 76200
252 620 17357
252 816 67780
253 427 82759
254 792 98389
255 437 75247
255 702 67828
256 294 74126
256 478 21580
256 492 78641
256 769 22923
256 949 67016
257 454 96137
257 829 70065
258 340 87184
258 635 94607
258 844 45205
259 514 87838
260 765 55309
260 856 92726
260 871 73691
260 939 65836
261 508 56146
261 759 18894
261 852 95989
262 384 56220
262 775 45974
263 400 93540
263 529 27828
263 554 52624
264 456 37485
265 269 85181
265 491 90041
265 504 67268
265 677 32908
265 766 99408
267 419 28130
267 796 52642
268 398 53531
268 420 63990
268 887 71084
268 894 78885
268 934 57042
269 580 38117
269 931 69412
270 364 90580
270 705 82090
271 345 81400
271 364 36709
271 552 86600
272 351 94375
272 392 26119
272 421 15460
272 584 94407
272 889 61033
273 389 2062
273 425 93806
273 429 85227
273 582 6424
274 335 98272
274 492 55093
274 796 67229
274 814 40610
274 950 10727
274 964 28637
275 398 33704
275 804 88517
276 655 6899
276 661 98864
276 680 53770
276 883 1350
277 737 63853
277 956 50327
278 466 89408
278 637 42326
279 325 88387
279 900 49760
279 900 72737
279 924 64463
280 317 3017
280 394 72971
280 512 17945
280 526 98748
280 543 10566
280 638 75208
280 796 73569
281 544 17104
282 425 85514
282 700 22864
283 525 3862
283 537 56885
283 742 17564
283 927 41846
284 301 49069
284 489 5524
284 543 18808
284 642 15395
284 705 81142
284 791 81681
284 869 86333
285 318 30041
285 449 46298
285 704 32365
286 703 43068
286 847 3635
286 949 90193
287 649 80096
287 958 92972
288 402 90752
288 504 32214
288 656 24133
288 689 1954
288 810 29313
288 964 32550
289 772 63712
289 939 39869
290 929 66493
291 415 22408
291 692 31731
292 466 26630
292 503 30292
293 697 5957
293 702 67143
294 296 31962
294 696 76443
294 925 46455
295 496 76698
295 546 28045
296 609 57799
296 852 93561
297 490 56908
298 685 77901
298 721 50293
298 817 15836
298 881 71114
299 779 24705
300 430 15713
300 564 37013
300 660 65223
300 739 49613
300 791 55366
301 396 83981
301 447 47939
302 328 8469
302 418 43734
302 496 4877
302 950 77571
303 380 16558
303 472 23274
303 934 16351
304 501 61839
304 627 13099
305 557 85942
305 571 48944
306 825 21322
306 950 65431
307 380 27145
307 576 30306
308 610 42779
308 769 63541
308 797 64775
308 811 23361
308 818 20698
309 582 71324
309 646 19904
310 357 63142
310 398 34938
310 670 27673
310 706 74675
311 858 79305
312 373 34889
312 434 19769
312 500 726
312 630 50788
313 697 89566
314 510 74835
314 657 14324
314 684 73354
314 754 22915
315 564 20058
315 865 64740
316 490 40646
316 494 99978
316 875 17240
317 783 68167
317 793 16674
317 948 59414
317 950 95635
318 492 22850
318 494 83849
318 723 7775
318 746 43140
318 856 89487
318 866 56022
319 628 88915
320 351 82686
320 441 16552
321 344 68421
321 548 76750
321 775 48135
321 859 64529
322 417 55210
322 854 90376
323 417 64274
323 750 19850
324 340 66329
324 602 5090
324 641 63633
324 914 61629
325 948 59644
326 800 59581
327 357 21157
327 433 24354
327 724 65919
328 431 3
328 509 57983
329 376 38403
329 773 75913
329 803 86756
330 442 10174
330 625 93043
330 707 50947
331 797 50103
331 813 35981
331 901 65493
332 546 14143
333 348 5563
333 463 33637
333 694 71708
333 781 71078
333 869 51215
334 579 35558
334 715 25580
335 487 25275
335 519 23631
335 668 67921
335 893 85773
335 965 25313
336 620 19707
337 471 99226
337 790 60408
338 348 70885
338 387 37220
338 575 43181
338 680 94726
339 452 21976
339 519 27679
340 818 49336
341 493 43461
341 500 88095
341 663 98401
342 479 92192
342 788 4050
343 649 55086
343 745 76451
344 775 98618
344 887 22984
345 362 83339
346 709 77236
346 905 30814
347 794 53956
347 960 4286
349 534 2056
349 806 89339
349 915 93270
350 658 57954
351 700 75108
351 801 94415
352 673 72424
353 427 59854
353 640 54096
353 787 80031
353 864 93396
354 719 2741
354 862 63824
355 447 47379
355 631 51290
355 709 37813
356 379 79308
356 421 22066
356 472 95473
356 498 53369
356 699 85250
356 702 63505
357 406 16011
357 496 45265
357 663 28196
357 752 98879
357 810 27280
359 457 11767
359 689 58279
360 407 51171
360 870 83321
361 517 8017
362 490 76620
362 534 23954
362 582 21230
362 921 11702
363 788 52865
364 844 28071
365 566 38510
365 825 44111
365 909 80808
366 412 55617
366 563 82248
366 636 84707
366 794 93106
367 516 55574
367 546 22586
367 550 29088
367 643 12337
367 763 10081
368 796 17196
369 479 82918
369 779 44733
370 663 10208
370 951 71761
371 566 20801
371 735 8242
372 548 92911
372 621 25192
373 629 7407
373 741 18992
373 828 97550
373 873 39052
374 510 83349
374 866 79770
375 729 62114
376 955 2290
377 443 47201
377 732 47430
377 809 16612
378 442 22844
378 451 27893
378 454 34647
378 816 28052
378 965 19269
379 614 63124
380 557 27076
380 564 96113
380 575 8714
381 520 61108
382 589 90238
383 462 61808
384 718 89724
384 778 66088
384 912 71203
385 466 74446
385 588 77191
386 680 97200
387 401 1107
388 420 82074
389 536 65711
390 606 38577
390 765 89702
390 783 12795
391 548 96121
392 450 57493
393 462 13054
393 499 72994
394 592 47806
394 816 49487
395 471 46898
395 530 17103
395 588 26641
395 597 40187
395 749 21029
395 808 85320
396 444 89606
396 515 53484
396 899 9547
397 881 47444
399 773 49922
399 923 48921
401 475 35224
401 544 6351
401 628 15619
401 725 5596
402 455 29267
403 672 15705
403 728 40150
403 784 25007
403 812 23935
404 447 77986
405 702 54076
407 605 66897
408 522 73683
408 618 23380
408 733 6487
408 759 82801
409 545 53380
409 726 9211
409 818 15222
410 636 82128
410 793 72564
411 492 25830
411 548 70943
411 792 34932
413 535 78364
413 759 77549
413 789 15615
414 858 33874
414 865 44795
415 683 19312
415 700 20830
415 776 90842
416 478 79670
416 687 10192
417 686 17803
417 752 23927
417 868 8680
418 854 58085
421 452 17725
421 457 79666
421 478 3163
421 651 94305
421 725 54256
421 728 30603
421 815 73932
422 533 34720
422 928 90285
423 455 68839
424 579 22547
424 723 96845
424 902 88172
426 618 1572
426 672 24625
426 830 58600
427 577 44626
427 706 15132
427 768 99104
429 758 2029
429 801 65450
430 599 59949
431 752 78162
432 640 42007
433 846 10472
434 807 86379
435 550 92029
436 723 24404
437 945 90188
437 946 76173
437 953 91885
438 445 27674
438 921 61736
439 544 47435
439 629 57872
441 658 50396
442 753 80149
443 488 49851
443 529 10868
444 708 65980
445 493 25140
446 662 61469
447 495 6907
447 902 86894
447 951 85519
448 671 12024
448 864 5196
448 872 21044
449 526 23544
450 669 26144
451 514 56431
451 795 46468
451 908 79234
452 717 22218
452 881 20570
452 884 43885
453 889 67713
454 843 78889
455 663 58027
455 917 69076
456 782 97306
456 799 74017
458 805 5389
459 613 38695
460 605 59877
460 882 42895
461 621 21339
461 651 90852
461 740 62423
463 539 72406
463 560 74023
463 678 81155
463 695 43020
463 751 89484
463 828 52149
464 474 51847
464 680 37427
464 711 4045
464 806 15328
464 816 3077
464 908 4924
465 712 5218
465 782 59715
466 679 36847
466 812 77173
466 871 52669
467 564 70071
467 671 94294
468 647 59054
468 650 37921
468 763 74148
469 596 11342
469 643 9369
469 863 35990
470 858 14260
471 525 76400
471 587 37998
471 610 67062
472 499 60610
472 600 22560
472 623 71784
472 922 55335
473 866 47824
474 552 67338
474 942 70231
474 960 71004
475 733 24850
475 913 57344
475 944 23247
476 483 46253
476 787 26938
476 818 96494
476 828 32689
476 945 15612
477 706 2292
477 940 70220
478 545 98878
478 562 63500
478 618 53936
478 746 3902
478 871 19905
479 653 84840
479 806 48315
480 693 94112
480 712 18601
481 564 28476
481 920 11808
482 604 80273
482 884 46012
483 586 6262
483 667 12271
483 845 92573
484 594 44319
485 584 18962
485 779 27663
485 959 70726
486 681 75948
487 858 72075
488 589 65332
488 807 25497
489 654 44913
489 772 47406
491 693 1181
492 612 47766
492 719 14546
492 881 92918
492 889 82611
493 816 81045
494 871 86815
495 554 10629
495 847 82086
497 510 54285
498 666 21097
498 922 47452
499 582 32158
499 665 98201
499 885 19873
499 954 93997
500 722 59257
500 788 45343
500 812 96317
500 886 84865
502 621 19310
503 505 35645
503 626 28500
503 812 49796
504 782 13357
507 544 1451
507 693 13265
507 813 96353
507 938 45894
508 593 420
509 558 55291
509 599 23348
511 767 97319
511 882 67314
511 914 52465
511 937 56889
512 651 82229
512 781 97911
513 650 90066
513 656 80718
513 741 47162
514 556 59614
514 624 49921
515 571 39783
518 747 69274
518 839 13162
521 602 50238
521 831 60402
521 882 92853
522 934 451
523 763 34150
524 566 92138
524 601 28662
524 735 24030
524 740 3720
524 832 39719
524 874 67287
524 940 78297
524 965 13126
525 789 95905
525 792 79661
527 698 75735
527 852 41825
528 837 80576
528 946 46814
528 950 8802
529 781 72340
529 899 35920
531 667 83928
531 779 86219
531 889 6199
532 684 90567
532 727 12171
534 549 9760
535 626 21930
535 731 76014
536 587 34373
536 624 20130
537 819 68796
538 671 16499
538 943 32922
539 595 32655
539 644 86
539 756 1407
541 837 1105
542 637 3162
542 753 24765
544 619 62319
544 648 71849
544 651 66579
544 707 68405
544 742 74346
544 855 4672
545 608 87214
546 858 49895
547 651 13562
547 712 94513
547 754 44781
547 858 47358
548 615 81021
548 632 76892
549 699 47228
549 765 92894
550 564 33493
551 887 58757
552 899 61302
553 695 71287
553 834 57528
554 658 65274
554 717 65306
555 642 24359
555 719 82859
556 730 50128
556 880 61325
557 607 94495
557 691 30524
557 819 52439
559 589 29819
560 770 82325
560 870 92101
560 946 60918
561 650 78897
562 701 68496
562 828 66100
563 935 21928
563 938 28469
563 964 64753
565 601 72947
565 709 64617
565 713 40698
565 724 87848
565 879 46851
567 843 27716
567 858 45049
567 864 60950
568 783 41465
568 839 5819
569 682 31061
569 692 19463
569 831 56717
571 628 33463
572 667 98966
572 819 44705
572 953 2309
573 802 35361
573 853 26117
574 884 18400
574 950 11656
575 822 62224
576 939 15818
577 646 88494
578 602 62599
578 710 79703
578 742 48901
579 616 66072
581 738 84727
581 796 85795
582 588 63340
582 651 3698
582 757 82954
582 915 58077
583 584 14729
583 694 2712
583 834 29122
584 603 9169
584 643 90814
584 903 28416
585 728 43631
585 758 7677
586 947 55219
587 776 25399
588 704 96727
589 609 8178
589 654 7437
589 910 62007
590 773 57685
591 707 72853
591 739 1491
591 845 47186
591 906 22201
592 617 12593
592 882 39722
593 690 52960
593 908 19930
594 629 24501
594 857 92805
595 834 67769
596 712 99551
598 721 81733
598 739 62043
599 684 39876
599 749 14768
599 862 42535
599 893 51257
599 915 15476
600 671 67769
601 728 56319
604 764 68561
605 751 90353
606 681 22987
607 918 89527
608 658 58742
608 778 82558
609 886 72413
610 877 35224
611 721 59824
611 907 32108
612 785 95065
612 841 54244
614 739 77922
615 718 66689
615 773 56138
615 816 43891
615 882 1450
616 681 13738
616 787 93589
617 782 65311
618 714 4396
618 900 25507
619 629 73827
619 722 3644
620 727 783
620 742 34332
620 816 41927
620 878 86091
620 904 10433
621 925 80603
623 738 39188
624 884 99092
625 942 17602
627 900 72991
628 813 68624
629 736 57255
629 849 10198
630 646 27098
630 769 64572
631 956 48945
633 785 17547
634 793 92711
635 697 49559
635 746 72430
637 919 63421
638 658 82279
638 767 52892
639 805 26753
639 850 21
639 857 19895
639 867 27099
642 729 96905
642 742 4833
642 947 62686
642 964 36338
646 692 39106
648 756 61122
648 863 1133
649 707 36299
649 929 19108
651 674 66988
651 909 52578
653 729 92288
653 824 95552
654 745 85578
654 848 23720
656 939 90670
657 922 14587
658 948 68184
659 694 15139
659 706 74207
659 932 47458
659 954 69061
659 956 44786
660 702 70932
660 729 29889
660 914 59215
661 848 19420
661 852 83212
662 671 48023
662 817 60493
663 741 69398
667 750 9544
669 887 12472
671 705 13513
671 769 39889
672 855 52871
673 721 88979
673 771 47370
673 933 91535
675 713 93703
676 881 78341
681 688 93953
682 806 80862
682 876 85960
683 787 46267
684 854 70707
684 885 80426
686 832 87268
690 941 50170
690 948 49321
691 866 27832
691 871 98841
692 853 60017
692 875 59493
693 823 31631
693 963 21381
694 709 16241
694 827 2662
696 859 86709
697 922 84584
698 808 33112
700 803 56046
702 712 57105
703 818 66511
707 805 60996
708 758 34900
709 875 88950
711 796 45276
712 804 96121
716 728 36066
718 735 71639
718 819 26557
718 822 6422
718 955 33969
720 757 93204
721 804 18175
723 796 90681
724 869 40099
725 875 25571
725 881 74008
727 748 19385
727 944 94690
728 803 68121
728 877 43959
728 947 76720
729 953 75466
730 835 2438
732 828 42111
734 915 13204
735 736 91057
735 900 21396
736 751 16529
737 770 49331
738 933 61078
741 898 93547
744 934 91143
745 961 92852
746 794 26924
746 842 16950
748 771 33885
749 912 59251
750 916 79100
752 907 68099
757 926 13736
757 957 54790
760 822 62301
763 872 83801
763 941 49859
763 942 53584
766 887 10997
768 908 37799
769 829 71379
772 819 98705
773 774 21924
775 887 13242
778 790 48761
779 927 44154
780 888 12091
780 892 12786
781 928 6565
781 956 12082
782 808 58128
786 788 51710
787 890 26348
787 915 74376
788 799 40714
792 889 54807
793 833 92596
796 893 32870
798 934 34606
799 865 6956
802 823 29799
805 812 75828
805 956 5945
807 852 36837
807 883 15624
808 881 92737
809 822 64627
809 929 21727
809 960 24585
810 880 89189
811 877 94960
813 964 34526
814 838 78657
814 941 9582
817 835 84705
818 836 76496
819 887 47629
819 892 24639
820 823 26640
824 842 90618
830 941 15246
831 896 11894
833 964 87035
834 932 108
837 910 51885
840 860 37888
842 844 67453
844 886 85351
848 952 61423
849 891 51292
849 926 90308
851 929 47408
855 894 72796
858 931 80234
860 892 4730
861 907 31854
863 878 39084
870 928 8685
872 928 29660
874 911 14517
880 898 33996
881 936 45736
884 931 27159
884 965 25838
897 961 68927
899 931 95527
900 943 95311
900 948 9737
904 938 40199
906 917 42956
909 933 45941
916 920 95390
917 944 2805
929 931 89959
705 967
1 2 3 4 5 6 7 8 9 12 13 15 17 19 20 21 22 23 24 25 26 27 28 31 32 34 35 36 38 42 46 47 48 52 53 55 56 57 59 65 66 70 71 72 73 74 75 76 77 78 79 80 81 82 83 84 86 88 90 91 92 93 94 95 96 97 98 99 100 101 102 104 108 109 113 115 116 117 118 119 120 121 122 124 126 127 128 129 130 135 137 138 139 141 142 144 145 146 152 153 154 155 156 157 158 159 160 161 162 163 164 165 170 171 174 175 176 177 178 179 180 181 182 183 184 185 186 188 189 190 191 192 193 195 196 197 198 200 201 202 203 204 205 206 207 208 209 210 211 212 214 215 217 218 219 225 226 227 228 229 230 231 234 236 239 240 241 243 246 247 248 249 250 251 252 253 255 256 257 258 259 260 261 263 265 266 267 268 269 270 271 272 273 274 278 279 280 281 282 284 285 287 288 289 291 292 293 294 295 296 299 300 301 302 303 304 305 306 307 308 309 310 311 312 313 314 315 316 317 318 320 321 322 323 324 325 326 327 328 329 330 331 332 333 334 335 336 337 338 339 340 341 342 343 344 345 346 347 348 349 350 351 352 353 354 355 356 357 358 359 360 361 362 363 364 365 366 367 368 369 370 371 372 373 374 376 377 380 382 383 384 385 386 387 388 390 391 392 393 394 395 396 397 398 399 400 401 402 403 404 405 411 414 418 419 420 422 424 426 427 428 429 430 431 432 433 434 435 436 438 439 440 441 442 443 445 446 448 450 451 453 454 458 460 463 466 467 468 470 471 472 473 474 477 478 480 484 485 486 487 488 489 490 492 493 494 495 498 503 504 505 506 507 508 513 514 518 521 522 523 524 525 526 528 530 531 532 534 535 536 537 538 539 540 541 542 543 544 545 546 547 548 549 550 551 552 553 554 555 556 557 558 559 560 561 562 563 564 565 566 567 568 569 570 571 572 573 574 575 576 577 578 580 581 582 588 592 595 596 597 598 599 600 601 602 603 604 605 606 607 608 609 610 611 612 613 614 615 616 617 618 619 620 621 622 623 624 625 626 627 629 631 632 633 634 635 639 640 643 644 645 646 647 648 649 650 651 652 653 654 655 656 657 658 659 660 661 662 663 664 665 666 667 668 671 672 675 676 677 678 679 680 682 683 684 685 686 687 688 689 690 691 694 700 701 702 703 704 706 709 710 711 712 713 714 715 716 722 723 725 726 727 728 729 730 731 732 733 734 735 736 739 740 741 742 743 744 745 746 747 748 750 751 752 753 757 764 766 767 772 773 779 786 787 788 789 790 791 792 793 794 796 797 800 804 805 806 808 809 811 814 815 817 818 819 820 824 826 827 828 829 830 834 835 837 839 840 841 842 843 844 847 848 849 850 851 852 853 854 856 858 859 860 861 862 863 864 865 866 867 868 869 870 871 872 873 874 875 876 877 878 879 880 881 882 883 884 886 887 888 889 892 893 894 895 896 897 901 902 903 904 907 908 910 911 912 914 920 921 922 923 924 925 926 927 928 929 930 931 932 933 938 939 942 943 944 945 946 947 948 949 950 951 952 953 954 955 958 960 961 962 963 964 965 966 
645 669
801 233
589 74
85 196
412 733
129 769
555 333
231 161
672 151
156 367
771 683
409 762
457 658
81 440
693 237
199 372
945 73
644 567
146 768
802 557
534 930
359 162
337 629
322 42
819 517
448 623
233 857
418 689
588 538
163 315
774 401
726 752
473 403
392 618
204 267
248 737
231 646
898 607
308 294
648 160
810 169
782 77
99 273
765 687
850 1
75 658
401 800
483 873
236 915
564 439
215 851
249 445
530 180
125 877
513 772
70 357
15 891
433 113
237 271
799 121
312 873
818 712
746 374
659 15
322 296
453 537
221 701
55 750
921 180
661 467
25 770
863 39
735 329
192 45
640 64
205 25
11 56
736 756
430 468
771 751
804 297
321 58
32 376
847 26
595 541
532 619
385 429
698 193
797 889
237 470
952 442
494 962
537 304
752 966
811 596
791 688
892 185
745 923
600 626
22 228
240 554
847 664
16 578
856 812
540 167
356 525
608 889
521 178
266 346
218 151
941 82
838 866
266 657
863 866
316 924
127 595
511 47
293 566
664 222
412 237
388 807
762 69
729 356
287 69
741 544
219 755
625 90
694 890
746 630
789 135
588 956
770 132
36 136
698 740
357 183
10 785
63 811
893 831
200 253
899 14
796 191
768 494
321 496
418 100
199 280
275 786
309 78
958 345
213 729
158 609
911 167
467 47
12 394
877 251
646 810
265 516
34 106
83 354
641 500
494 840
820 808
659 162
925 690
546 211
452 703
819 436
910 320
482 921
753 393
245 472
276 549
61 349
695 144
743 369
683 310
282 536
151 15
738 109
704 357
319 190
134 211
665 77
570 181
71 356
613 315
868 888
904 928
310 632
105 86
34 828
395 356
437 585
370 208
693 107
605 85
336 738
296 35
854 865
255 964
295 867
312 236
828 289
197 211
920 342
297 28
203 731
383 639
350 792
887 116
898 565
201 308
376 536
382 263
474 636
260 808
576 611
77 477
940 314
687 893
655 57
960 897
828 376
609 211
201 569
366 173
167 566
520 542
175 901
844 689
610 177
530 219
828 647
735 801
960 455
727 648
552 721
618 413
170 260
663 411
829 62
623 69
668 176
611 842
110 528
604 719
705 168
11 566
814 745
440 807
273 240
528 864
960 179
310 204
478 6
614 340
108 270
449 775
485 133
690 594
660 328
386 438
495 436
77 382
254 516
262 526
756 829
464 789
41 773
66 558
819 719
938 926
62 420
734 546
552 457
213 285
824 598
723 352
107 799
773 360
389 108
926 218
936 423
40 50
229 146
608 121
864 579
80 926
32 853
545 583
384 758
907 241
429 663
633 536
536 479
895 964
587 854
215 596
310 294
646 579
439 287
699 377
865 819
336 936
745 880
592 202
711 532
483 174
229 189
709 804
667 677
801 327
565 89
923 914
382 602
566 861
888 299
271 826
191 646
795 9
599 420
211 344
951 733
517 253
921 299
90 621
9 930
22 613
52 944
601 474
619 200
408 540
538 678
439 728
397 307
777 29
726 61
412 750
793 2
77 747
300 206
441 349
170 462
35 261
439 635
774 91
875 215
670 446
932 182
248 362
488 58
391 287
118 842
111 950
844 187
730 217
392 204
605 601
706 640
902 218
348 749
349 296
964 92
742 929
274 63
325 801
160 755
122 317
630 272
300 547
458 63
764 889
306 402
564 85
115 539
303 503
321 651
798 358
782 573
321 89
675 685
930 834
473 125
184 176
396 483
723 893
585 560
815 931
961 452
49 150
64 351
652 385
75 483
782 857
130 136
19 804
860 22
672 406
146 855
582 541
412 378
467 30
937 356
960 5
847 43
154 911
433 805
369 548
322 184
478 451
360 536
328 253
558 33
659 703
928 314
318 373
691 784
402 701
213 396
745 134
478 899
78 950
737 486
531 132
709 42
622 102
578 950
395 169
56 127
911 17
440 262
429 204
120 831
944 332
300 722
465 817
654 582
800 465
141 405
636 850
446 332
25 97
355 459
305 410
585 250
467 58
511 935
301 630
839 278
36 212
74 540
62 727
156 902
265 296
340 901
219 825
306 244
922 660
702 260
143 321
549 649
418 94
618 759
763 490
110 838
702 183
412 763
910 607
738 248
902 111
222 155
936 527
438 931
260 173
224 403
533 773
85 25
906 702
823 742
266 932
614 1
149 99
803 132
705 575
379 680
685 641
834 694
241 345
658 501
558 922
903 164
768 21
188 707
763 44
522 62
50 209
62 198
307 904
329 45
512 747
725 271
461 632
38 702
51 696
236 608
651 172
771 452
232 33
232 68
116 753
129 165
36 230
362 342
208 730
427 719
551 225
63 45
856 101
746 946
836 55
587 520
226 432
45 498
464 316
565 579
142 734
744 177
37 179
519 244
909 945
37 533
243 99
617 132
239 397
152 108
491 738
667 757
203 711
288 666
100 892
319 242
699 96
418 736
274 10
53 256
28 89
828 270
228 479
442 466
875 593
574 439
404 274
229 607
59 556
346 158
482 704
439 254
799 857
23 147
906 116
442 8
204 304
277 471
782 758
937 730
384 544
202 828
817 431
468 875
20 853
107 541
591 545
795 463
475 857
609 415
46 125
422 290
428 738
760 243
530 730
46 953
347 247
814 198
717 355
146 777
282 292
351 912
837 219
408 345
150 91
799 195
215 294
484 682
106 278
924 675
41 3
661 388
289 549
625 40
943 810
816 258
136 240
203 46
459 651
430 608
741 303
842 29
596 360
710 741
677 707
449 717
749 184
178 71
772 842
110 748
726 965
80 901
239 282
946 737
6 409
418 746
751 293
814 381
692 557
195 402
297 644
193 119
867 410
190 672
286 339
493 85
338 572
19 616
894 964
386 899
446 843
719 231
209 566
651 901
197 885
336 493
602 528
652 502
12 841
247 297
213 740
421 590
345 439
239 272
476 664
245 921
580 963
225 789
562 915
723 758
834 132
325 469
700 10
45 711
890 291
81 176
104 501
766 449
939 78
760 448
782 78
442 395
74 707
217 676
695 13
507 602
185 871
145 884
920 189
668 843
519 788
53 623
322 858
145 334
935 944
821 750
56 336
219 169
116 475
844 811
528 425
446 712
329 590
669 283
818 410
199 371
231 291
67 552
182 211
925 191
188 779
14 243
188 232
412 304
707 329
188 308
753 633
53 156
297 761
478 148
204 676
558 434
41 624
59 262
874 17
452 136
835 506
418 96
737 829
399 517
232 586
824 58
293 916
213 589
710 690
776 913
440 408
380 480
105 478
781 53
494 267
188 402
772 605
498 582
508 936
173 739
596 70
796 888
20 83
550 769
772 399
716 285
846 169
804 951
647 619
37 214
885 264
656 730
868 227
385 409
196 597
221 791
667 91
752 726
173 335
528 18
774 317
303 653
526 140
677 246
758 753
499 716
50 228
519 918
454 904
400 650
574 621
514 274
711 300
73 923
674 641
940 481
31 276
208 556
456 884
841 247
711 414
37 760
641 555
751 129
532 185
818 140
845 405
453 629
744 526
585 452
240 558
6 270
874 253
866 363
171 780
649 921
227 685
714 868
274 539
70 845
763 927
18 641
365 471
303 143
70 887
634 349
518 679
618 425
932 557
787 176
371 470
130 597
228 843
538 541
455 647
420 251
607 437
931 6
947 267
188 90
227 821
438 745
533 130
243 538
686 104
713 90
613 842
727 840
759 338
415 247
19 834
498 625
344 462
670 365
769 857
454 69
751 932
813 358
95 130
895 820
233 642
910 845
517 710
718 349
81 206
596 99
73 167
764 457
668 507
821 470
398 348
539 222
353 425
579 487
554 508
341 826
223 324
704 779
67 456
162 147
701 797
286 774
963 123
304 704
629 198
208 100
545 786
322 938
284 900
458 878
481 798
737 743
155 475
596 221
4 797
408 704
627 733
551 663
895 854
400 557
125 647
697 710
506 52
681 790
25 172
741 546
4 511
362 198
59 957
419 62
787 866
806 447
672 430
183 600
358 583
230 482
303 926
225 809
11 905
672 76
111 446
621 154
30 16
351 89
7 809
190 833
708 29
314 413
499 536
46 856
152 276
371 455
275 596
337 286
574 42
361 724
527 55
877 556
110 302
644 156
144 874
23 892
942 376
338 474
911 424
363 137
739 774
631 47
443 1
372 50
82 772
774 608
826 724
197 10
59 881
165 243
788 227
168 803
602 545
311 587
2 713
723 780
520 387
867 962
427 272
46 508
118 859
149 17
616 385
26 715
299 231
957 160
457 158
963 93
742 347
679 784
93 475
597 653
861 537
648 361
849 733
868 966
625 50
16 315
474 82
103 813
312 93
6 768
290 42
900 65
428 652
848 561
160 519
247 94
89 894
454 11
701 395
