943 1091
1 864 24062
2 508 9716
3 102 11630
4 248 36354
4 594 50611
4 682 66263
4 876 56454
4 913 59052
5 55 88679
5 56 87644
5 220 36341
5 533 25780
6 24 92316
6 450 40497
6 905 13432
7 156 40447
8 449 36461
9 610 59902
10 716 10379
10 826 47621
11 354 50259
11 542 38206
11 791 94433
11 901 25730
12 101 70975
12 337 21588
12 516 46547
12 592 24801
13 150 36784
14 449 48584
14 475 60884
14 607 62845
15 107 28378
15 742 47478
16 714 75935
16 761 41394
17 489 38628
17 760 27270
18 624 58025
18 910 54857
19 54 59410
19 57 92782
19 507 96104
19 636 66104
20 106 2626
20 389 13185
20 476 91195
20 667 26234
21 615 47836
21 709 53960
21 785 98424
22 28 60385
22 54 87872
22 275 6343
22 317 46180
22 318 750
22 431 42457
22 544 13857
22 911 32811
23 480 60280
24 620 45654
24 860 41209
25 156 64615
25 233 61894
25 286 32142
26 104 91200
26 842 92392
27 589 87787
28 343 25855
29 42 8427
29 740 52392
30 284 97401
30 567 71241
30 909 46102
31 385 13825
31 870 14650
32 329 83705
32 485 7727
33 370 75864
33 420 58761
34 71 88377
34 901 91041
35 682 87618
35 872 87209
36 688 1769
37 232 45353
38 97 84162
38 511 11776
39 272 45181
40 47 62865
40 809 83276
41 141 83445
41 244 45543
42 556 49097
42 739 74286
43 323 31458
44 53 60999
44 850 28098
45 235 25314
46 142 79238
46 479 61681
46 498 59148
46 569 42405
47 729 95106
48 309 93491
48 747 92436
49 588 54090
50 461 46752
50 894 20315
51 66 44343
51 296 85278
51 330 49950
51 525 39076
51 602 39663
51 799 6406
52 139 33465
53 460 57599
54 349 5267
55 75 77966
55 792 70019
57 370 4452
58 93 81588
58 397 22774
58 442 59338
58 832 36088
59 276 80601
59 459 49454
59 814 52588
60 235 75284
60 265 32553
60 678 2678
61 528 45148
61 906 23258
62 262 45209
62 485 28477
62 608 13747
62 685 98923
63 334 96260
64 379 87341
64 699 21204
65 150 21929
66 564 90190
67 798 30379
68 153 73661
68 584 15476
68 795 9067
69 938 86240
70 718 13010
71 239 83876
71 828 18711
72 130 83202
72 729 47807
72 923 73454
73 477 14626
73 614 47360
73 840 40291
74 135 76081
76 722 63153
77 682 91868
77 757 60457
77 799 51278
78 593 52790
79 873 35971
80 210 78032
80 484 19805
81 586 90371
82 364 57574
82 374 65899
82 407 27393
82 566 72953
82 634 93608
82 733 59928
83 539 98724
84 141 63181
84 837 23289
85 425 5542
86 89 59813
86 213 31256
86 388 39743
86 549 81206
86 675 51637
86 797 213
86 915 33504
87 189 1210
87 472 49076
87 773 81823
88 841 71726
90 516 43451
91 556 45654
92 249 63739
93 866 54139
94 185 81168
94 370 75200
95 650 43455
96 226 37253
97 272 28634
97 887 38567
98 148 20265
98 434 5364
99 837 81116
100 431 23162
100 468 9200
100 559 1323
101 236 99369
101 826 34596
102 240 20405
102 424 40978
103 622 20920
104 216 72388
104 836 7858
105 347 71490
105 511 13053
105 603 74070
105 880 49551
106 593 58628
106 612 26123
107 357 28201
107 406 54134
107 784 13813
108 184 45193
109 142 77613
109 812 41554
109 882 37964
110 234 78118
110 480 70397
110 486 30332
110 494 24727
110 665 53605
111 363 59051
111 536 40698
111 780 66567
112 816 55859
113 896 87773
114 221 70274
114 688 57453
115 861 11230
116 418 20678
116 621 41314
117 213 50196
117 293 5255
117 484 5416
117 610 26242
117 664 6898
118 392 91633
119 142 29616
119 417 26596
119 735 56196
119 829 73329
119 852 38785
120 412 26589
120 920 84220
120 936 33607
121 173 23428
121 451 37052
122 318 45928
122 597 85008
122 823 93423
123 302 21970
123 428 98525
123 898 14568
124 145 25914
125 179 39323
126 523 32898
127 489 88194
128 560 98817
128 829 26579
129 467 61237
129 895 50617
131 823 4965
132 281 85107
132 385 37261
132 705 91826
133 256 21764
134 395 38236
134 776 66414
135 397 50647
136 297 80926
136 836 4882
137 750 98320
137 836 27999
138 202 57419
138 328 94138
138 368 90687
138 465 53160
138 472 41960
138 488 95719
138 513 59450
138 544 75954
138 629 64806
138 665 62101
138 672 26811
138 794 77071
138 900 69948
139 253 63929
139 747 39275
140 538 88030
142 697 85400
143 621 39180
144 611 341
144 859 72053
145 211 81407
145 296 66510
145 402 92705
145 421 92974
145 495 75410
145 524 42866
145 674 78916
145 709 54845
145 896 11056
146 174 39198
146 349 1987
146 733 2670
147 159 11405
147 249 22137
147 903 26570
148 271 92635
148 363 37998
148 672 586
148 681 30924
149 718 79913
150 554 99806
150 657 63819
150 846 22557
151 399 12080
151 509 39180
152 180 11699
154 259 4539
154 425 67083
154 873 7648
155 328 80793
155 626 63766
155 835 89008
156 511 23426
156 678 81855
156 941 77603
157 825 45310
158 377 36176
159 202 59734
159 469 75187
160 357 56012
161 255 65430
161 296 27440
161 413 26908
162 798 20123
162 908 26903
163 836 65529
164 694 70805
165 172 25678
166 176 48843
166 647 70814
167 886 44288
168 757 57044
169 423 91853
169 493 39359
169 517 8598
169 536 84050
169 643 32857
169 795 93450
170 423 11075
170 568 85495
171 342 9092
171 348 22665
172 733 71170
173 542 47709
174 559 23726
175 561 31164
176 723 13350
177 267 4428
177 687 51653
178 721 42786
179 534 31287
180 641 50879
180 659 76719
181 744 42321
182 727 54731
183 466 14051
184 496 47841
184 826 36772
185 262 32466
185 520 39234
186 272 5080
186 902 81949
187 276 59410
187 338 36361
188 550 919
188 788 52201
190 596 4532
190 666 70894
191 265 6252
192 586 16405
193 333 75743
193 376 42493
193 839 26883
194 390 51611
195 249 35585
196 494 68556
197 281 63034
198 412 41104
199 559 98814
199 590 14544
200 510 52050
200 756 72223
201 426 80966
201 502 53766
202 406 16033
202 436 1099
202 648 47022
203 307 47410
203 361 72201
203 396 82707
203 428 65647
203 463 64585
203 556 89823
204 315 84128
204 321 87497
205 603 61468
206 416 25975
206 472 18215
206 591 6546
206 643 33895
206 727 58697
207 454 83958
208 248 17773
208 329 48142
208 410 45543
209 582 38783
212 456 71743
213 424 37823
213 482 7906
213 699 70995
213 836 29562
214 484 26066
215 668 67363
215 741 76540
216 421 87772
216 811 81270
216 869 80102
217 424 31091
217 511 72867
217 665 49910
217 768 63546
217 846 64180
218 442 40770
219 247 90663
219 323 12657
219 353 5608
219 605 81942
219 790 35766
219 925 71328
220 374 54519
222 427 16707
223 251 64073
223 345 25532
223 404 88175
223 462 66478
224 453 30710
225 338 51572
226 714 19406
226 901 2867
227 785 64022
228 383 30732
228 388 94241
229 789 49649
230 247 48904
230 325 85276
230 370 53306
230 466 96423
230 544 32935
230 798 21457
230 902 78178
231 504 77829
232 440 65909
232 446 40919
233 827 63618
234 632 32877
235 350 516
235 547 31685
236 880 95284
237 428 50247
238 423 69522
238 786 56733
239 318 55377
239 435 15566
240 299 32869
240 669 37645
240 895 58999
241 306 31173
241 343 49208
241 789 60475
242 573 23356
242 867 46278
243 405 13520
244 288 73953
244 800 15673
245 823 56840
246 317 64110
246 559 96582
247 307 53058
247 588 57518
248 371 23406
248 443 81491
248 830 76360
250 612 4553
251 519 8134
252 695 42690
254 482 95476
256 340 77441
256 692 96490
257 605 92666
258 503 2233
259 557 44803
260 816 81048
261 366 50935
261 650 2983
263 594 80452
264 813 77303
265 440 34791
265 577 27628
266 330 5853
266 663 8306
268 274 72191
268 352 62056
268 820 56258
269 423 73174
269 451 36599
269 579 37103
269 690 38065
269 693 90514
269 773 48184
269 775 49302
270 492 35708
270 596 252
271 292 41683
271 554 55268
271 943 15520
272 415 74339
273 455 34637
274 392 93780
275 418 85098
275 527 94926
275 528 12479
275 726 19064
275 835 87757
276 709 13290
277 888 24700
277 941 39797
278 434 60100
278 514 72433
278 715 40374
279 333 28529
279 645 66495
279 688 24983
279 806 23492
279 930 99448
280 312 31030
280 381 68545
280 471 52592
281 423 40462
281 470 72998
281 687 86443
281 900 59677
282 396 21025
283 797 43345
285 861 34340
287 735 39145
288 289 98056
288 340 31314
288 355 82208
288 569 54559
288 582 5539
289 558 79344
290 532 48795
290 631 89448
291 354 88351
292 349 96967
293 567 51615
294 430 92454
294 787 20991
294 906 54661
295 580 65172
295 808 29466
296 309 16052
296 321 1632
296 546 5899
296 562 22436
296 604 6926
296 672 91390
296 805 67671
296 837 99792
296 864 81789
297 545 31262
297 556 93154
297 709 72508
297 929 32388
298 439 60453
298 659 88644
299 541 43558
300 483 10759
300 847 78818
301 583 93440
301 830 67717
301 842 58682
302 317 79047
303 357 15352
303 884 18564
304 419 41716
304 503 41777
305 324 87996
305 370 73055
305 897 81438
306 798 20483
308 829 1474
310 639 43060
310 663 79486
310 844 65664
310 906 77085
311 497 40041
311 906 71778
312 517 93556
312 602 64774
313 441 79928
313 513 22405
313 688 66373
314 520 46318
314 616 12728
316 817 27211
317 647 16491
319 477 730
319 759 39838
320 496 23236
321 587 93103
322 709 22677
323 842 86961
324 824 17172
325 551 61361
326 403 35000
326 450 26282
326 913 32808
327 486 8471
329 889 22670
330 486 46041
331 726 34327
332 856 48278
333 839 51887
334 823 81554
335 515 12301
335 618 39182
335 688 30236
335 793 3582
335 931 40053
336 482 57074
336 721 42163
337 545 36010
339 540 46303
339 871 36738
341 858 6945
342 489 8035
343 733 64060
344 901 60478
346 861 67819
349 638 78810
349 795 1966
350 482 97240
350 717 90472
351 782 30121
352 375 80128
352 594 27457
354 762 68200
354 769 44597
356 880 73295
357 445 67690
357 775 70562
358 402 29220
359 656 68749
360 454 99669
361 643 1082
362 386 89722
362 586 9571
362 676 40579
362 713 51093
362 875 77765
364 497 2219
364 833 14433
365 417 79009
365 444 47525
365 487 25060
365 753 47997
365 933 88284
366 641 56455
366 692 12523
367 439 50900
368 550 60706
368 942 3023
369 374 57215
370 755 44538
372 418 81803
373 862 28545
374 377 73642
375 850 76520
375 912 96382
376 714 10344
378 571 27809
378 930 60687
379 844 67599
379 921 96219
380 856 7828
382 803 89430
383 671 93533
384 803 75988
387 535 69636
388 848 37815
389 567 79811
390 506 97045
390 751 91342
390 882 69536
391 672 6109
393 602 53094
393 725 39306
394 588 87292
395 432 33037
396 758 94246
397 507 469
398 724 68178
398 913 43118
400 656 24541
400 862 75486
401 703 35970
401 836 12262
402 522 74825
402 657 84897
404 520 1915
404 901 89829
404 917 79178
405 424 51486
405 623 99528
405 690 88263
405 940 41338
406 415 52116
406 795 14822
408 553 66624
408 660 91510
408 862 4707
408 901 88886
409 526 18345
409 534 35236
411 484 8196
412 448 9508
413 505 69679
413 821 4160
414 803 64174
418 711 56448
421 741 27740
422 462 68727
422 585 11408
422 600 27251
422 642 5560
422 648 2798
423 635 36683
423 677 59149
424 505 63890
424 523 89213
424 650 59660
425 747 68486
425 835 45801
425 899 73826
426 502 31593
426 552 32345
426 743 8870
426 777 76525
427 664 18287
428 447 99844
428 511 99592
428 718 26155
428 778 56149
429 450 29910
432 572 1622
432 634 85874
432 919 81712
433 672 29314
433 689 27610
435 568 53010
437 836 352
437 879 37151
438 609 15512
438 890 42741
439 499 57201
439 515 59246
439 853 42901
439 882 79012
440 558 71390
440 655 19232
440 731 60431
440 918 56327
442 803 68998
443 925 32213
444 890 96318
447 484 45906
452 749 39306
453 736 72905
453 901 9093
454 628 97056
454 851 20950
455 609 88908
456 688 8287
456 909 94055
456 925 92506
457 608 26662
458 465 69321
460 554 32444
461 811 23714
461 836 12929
462 637 3461
463 513 14936
464 513 56277
464 579 60034
472 570 43692
472 608 40709
472 733 65643
472 784 63021
472 792 98845
472 825 12321
472 865 83581
473 625 2230
474 517 25323
475 802 6987
475 836 95596
477 774 39652
477 810 91401
478 688 39724
479 549 65885
480 936 51618
480 942 58961
481 774 3044
482 596 27112
482 750 13352
484 841 46579
487 886 39879
489 901 85772
490 718 13065
491 842 20334
492 639 40999
493 661 52605
494 618 84823
494 752 82999
494 905 91958
496 874 28431
496 910 71681
499 515 83841
499 901 73056
500 558 34886
501 732 20614
503 694 87639
504 574 81895
504 914 12093
505 674 41910
505 782 32957
507 659 28729
508 583 75533
509 540 63447
510 529 51807
510 556 37371
512 522 63943
512 662 58027
512 803 31675
513 832 81637
514 764 7585
515 834 97054
516 554 24954
518 709 29162
521 792 44238
522 658 76881
523 607 60887
526 788 45873
526 844 7721
528 721 73742
530 830 52720
531 763 84405
531 782 7524
532 731 36687
532 837 98079
532 890 57470
535 798 20
536 617 94567
536 754 92345
536 855 32958
537 594 13607
538 631 35171
538 650 77887
539 803 53667
540 551 10867
540 709 46311
540 891 71338
543 916 76480
544 587 56258
544 729 69475
544 810 75799
548 664 27983
548 923 74614
549 754 47707
553 730 37266
555 791 84219
555 830 69711
556 688 46974
556 894 40429
558 665 17184
558 924 84539
561 666 12355
563 718 35396
565 668 13837
565 694 22539
567 928 58608
569 628 48871
569 672 47620
569 816 81138
571 765 14706
572 718 31578
572 932 38719
573 679 5217
573 825 47069
575 900 12275
576 836 95298
578 779 82115
578 875 46991
579 673 14366
579 909 66379
580 628 30541
581 709 56573
581 901 8722
583 774 67356
585 719 53796
585 896 37132
586 849 20160
588 912 45441
588 938 13382
589 602 77119
593 718 2446
593 771 3485
594 595 96150
594 625 40153
594 665 69637
594 686 4089
596 707 10558
598 848 52353
599 827 63158
601 877 91152
602 611 71236
603 939 11574
606 835 14950
607 843 59568
607 856 74098
608 698 48710
608 716 15732
609 706 69609
612 706 21591
613 873 74719
617 902 78668
618 680 70617
618 788 18763
618 860 63335
619 642 19564
619 900 63871
621 892 82068
621 893 26507
622 794 37735
624 837 208
624 841 14446
626 651 13203
627 638 94799
628 653 48760
628 781 10192
628 919 67925
629 670 16178
630 857 10280
631 675 53927
633 924 35714
634 783 15136
634 887 87866
636 799 40790
637 681 96754
637 823 9314
638 687 10748
640 642 31845
642 769 16346
642 856 45630
643 868 29934
644 796 77766
646 758 97544
648 653 74291
648 772 17245
649 818 35017
649 842 51706
650 699 20533
650 826 67652
652 688 36804
652 742 33075
654 691 80615
660 810 19234
661 856 9956
661 857 15829
665 901 26012
668 917 43282
672 737 7790
672 822 62325
672 842 25504
673 685 21496
676 808 43861
679 886 39456
681 720 75514
682 744 46767
683 777 81299
684 770 9600
684 842 96394
690 927 34033
691 740 16232
692 823 2448
693 744 19600
693 749 93140
695 797 35044
696 928 29529
700 705 25892
701 847 9123
702 718 43348
702 807 47483
704 752 64819
707 779 51432
707 869 48958
708 734 27775
708 782 19823
710 922 5750
712 727 59227
716 904 42987
720 822 22489
720 911 92652
722 745 11672
722 912 22303
725 778 49520
726 834 45732
728 900 94159
729 813 99058
732 913 55301
733 861 24325
737 766 1253
738 862 77047
740 887 35851
742 918 64769
746 885 86747
746 912 20484
748 941 92482
750 928 56219
758 836 91999
759 808 23362
767 827 81702
771 935 880
775 864 26009
776 825 65330
777 794 37121
777 877 40499
778 831 92022
779 937 72661
782 901 85050
787 857 40496
792 906 63614
795 845 70398
796 798 65620
801 893 54918
804 843 33064
815 935 15517
817 931 37871
819 902 35153
827 852 99123
829 933 64456
829 935 86774
833 883 12204
833 916 2228
835 922 93872
836 847 60088
837 881 63439
838 910 27110
840 907 76652
844 849 4421
848 863 39754
848 878 7205
854 860 49269
858 873 77717
862 886 21975
862 914 86874
872 930 99730
888 892 14538
899 926 84800
906 934 58478
916 942 9019
527 942
1 2 3 5 7 8 12 17 18 22 24 30 31 33 39 47 48 49 50 51 52 53 54 55 56 57 59 61 62 63 64 65 66 67 70 72 73 75 82 87 89 95 101 104 107 110 114 115 116 117 118 121 125 128 134 135 137 138 140 142 144 145 146 148 149 150 151 152 155 156 157 161 163 167 168 169 170 171 175 176 180 181 183 184 185 186 188 191 192 193 194 199 204 209 210 211 212 214 216 217 219 222 224 226 227 228 229 235 239 245 246 247 248 249 250 251 252 253 255 258 259 261 269 271 273 277 278 280 281 282 283 284 286 287 288 289 291 296 297 299 301 303 309 310 311 312 313 314 315 316 317 318 319 320 327 328 329 332 333 334 336 339 340 341 343 346 349 351 352 354 356 357 358 359 360 361 362 366 367 369 370 372 376 379 381 384 391 392 393 394 395 397 400 402 403 404 405 406 407 408 409 410 411 412 413 414 415 416 417 418 419 420 421 422 423 424 425 426 427 429 430 431 433 436 441 445 446 447 448 449 452 453 454 455 456 458 463 464 465 470 471 472 473 474 475 476 477 478 479 480 481 482 483 484 485 486 487 488 489 490 491 494 495 498 499 501 502 503 504 505 506 507 508 512 515 516 517 526 529 530 532 533 534 535 536 537 538 540 542 543 545 546 547 551 552 554 555 556 559 560 561 565 566 567 568 569 571 572 573 574 577 582 584 588 589 590 591 592 593 595 597 598 600 601 602 603 608 614 616 619 621 623 626 627 628 631 633 643 647 650 652 653 658 659 660 661 668 671 675 676 680 681 683 686 687 689 690 692 693 696 697 698 699 700 703 704 705 707 708 709 710 711 712 714 715 717 718 719 720 721 722 726 728 732 736 737 738 739 740 741 742 743 744 745 746 747 748 749 750 751 753 754 755 760 761 762 767 768 769 770 771 773 774 775 776 780 783 785 787 788 789 790 792 794 795 796 800 801 802 803 804 805 806 807 808 811 812 813 815 817 818 820 825 826 827 830 831 832 833 834 835 836 837 838 839 840 841 842 843 844 850 851 852 854 856 857 858 859 860 861 865 869 870 871 872 874 875 876 877 878 880 881 882 883 885 886 887 888 889 890 891 892 895 897 898 899 900 901 903 904 907 908 909 910 911 912 914 918 919 922 925 926 927 928 929 930 931 932 933 934 935 936 937 938 939 940 942 
158 44
106 797
796 724
740 122
583 269
624 510
205 278
507 133
707 804
675 933
875 632
463 131
678 686
750 532
446 389
157 482
311 141
214 164
865 11
164 383
158 787
892 362
1 334
494 586
194 105
575 5
736 916
135 470
537 763
59 39
208 94
400 519
234 613
561 155
623 724
537 780
446 365
77 446
577 450
911 771
554 421
775 346
394 788
694 809
486 631
727 572
724 183
26 15
795 586
48 354
366 585
69 812
828 146
193 461
595 160
167 205
581 820
429 853
543 179
718 85
689 380
657 469
562 682
483 293
325 531
646 690
51 714
437 757
859 630
274 389
668 320
472 184
196 900
93 739
15 690
823 703
126 415
107 688
154 469
37 357
878 682
103 928
331 419
620 126
927 893
514 651
148 43
835 344
821 927
139 714
552 840
473 678
312 459
422 344
927 337
700 861
897 681
724 284
156 400
409 139
228 802
669 376
723 560
719 600
422 736
371 31
511 722
708 822
237 65
222 220
401 921
16 233
659 739
516 693
74 804
832 302
662 557
556 320
52 210
919 473
2 225
382 512
4 25
270 119
89 370
218 368
348 233
479 885
851 874
513 924
734 401
161 331
836 716
650 766
925 504
296 805
729 556
253 611
581 522
729 548
770 825
795 174
115 330
937 844
139 507
824 872
786 864
138 558
515 666
380 376
227 554
237 834
46 368
501 626
768 165
109 595
47 782
647 40
48 641
883 186
83 642
937 747
562 131
240 134
797 620
388 902
109 624
792 154
49 228
658 695
392 767
346 438
484 50
477 531
569 416
717 530
115 710
333 555
719 452
567 451
7 11
409 115
514 136
148 441
363 805
192 755
507 538
128 48
587 605
578 91
899 230
620 892
818 831
383 594
339 6
101 345
839 389
339 288
403 486
728 766
347 798
456 854
392 583
901 857
123 414
4 901
523 502
849 397
390 288
869 728
173 849
9 68
173 347
355 575
832 18
276 235
815 731
24 143
250 803
878 251
153 761
208 675
319 114
7 708
280 755
372 452
539 380
398 711
605 631
342 493
527 618
606 399
284 630
420 412
489 354
663 520
171 870
251 490
862 137
133 199
770 383
529 365
762 806
132 423
372 352
794 899
848 457
233 189
22 652
600 510
884 319
87 934
125 216
359 43
231 491
241 57
874 649
421 571
511 431
873 761
783 602
716 687
115 827
754 15
414 290
404 355
608 490
345 732
584 703
654 694
129 773
750 881
478 107
388 867
416 317
685 255
797 336
821 791
99 510
805 512
799 265
745 464
633 146
131 274
727 663
846 856
493 652
672 849
637 116
773 110
432 393
243 165
607 942
12 705
509 816
153 364
138 897
827 770
922 837
922 705
556 824
496 927
412 225
833 927
340 541
93 651
812 215
815 475
213 826
116 721
698 147
142 714
100 847
541 900
619 519
662 111
279 93
94 690
196 926
673 536
523 645
122 391
859 815
745 7
576 739
728 209
885 748
923 863
651 520
699 206
917 296
316 252
388 409
820 584
392 429
55 793
130 55
120 867
869 743
873 501
538 536
709 358
340 688
156 870
143 854
132 939
206 447
126 473
855 825
935 182
310 46
32 318
922 151
120 847
893 871
283 366
464 870
602 803
494 636
729 515
547 860
510 631
363 515
39 154
396 30
335 705
897 366
901 875
395 77
657 223
4 818
467 346
745 4
206 295
640 813
809 122
609 255
752 850
769 670
60 221
699 395
804 653
639 640
463 913
595 56
71 598
873 417
823 674
420 85
847 116
776 592
237 441
725 868
348 550
594 286
649 228
680 388
880 255
84 279
103 557
334 173
90 263
468 912
816 888
875 719
60 708
246 176
84 27
922 431
455 451
717 160
678 332
426 494
465 388
772 567
1 41
619 91
303 143
59 54
909 934
773 26
577 897
80 660
924 880
27 435
387 622
474 943
832 778
493 354
223 200
799 102
240 353
71 422
496 9
475 461
821 183
365 454
137 323
49 939
259 75
309 524
696 782
524 585
496 895
817 597
152 672
698 270
82 648
691 456
656 102
795 533
284 96
865 299
418 913
294 556
867 603
15 498
320 538
139 815
369 834
347 399
442 924
668 523
628 295
857 340
396 708
751 679
803 551
857 157
520 207
712 322
688 726
820 65
200 15
758 447
728 162
845 226
21 569
627 648
863 540
866 315
183 673
873 865
280 786
78 678
871 668
57 616
329 876
559 407
769 252
853 553
292 754
657 312
380 340
16 178
758 881
493 941
489 301
741 768
143 697
382 70
421 438
564 628
249 179
92 74
431 1
506 722
755 98
91 70
438 106
247 252
866 618
128 411
918 747
115 939
500 496
66 799
812 508
484 117
687 575
69 53
575 453
774 265
551 743
334 45
728 460
175 650
134 182
939 109
807 110
104 364
605 48
219 473
556 702
468 299
212 537
230 787
46 60
930 596
803 321
519 466
780 573
172 913
754 46
900 617
156 61
859 639
930 14
169 542
715 636
719 927
108 5
649 154
887 635
628 625
834 204
147 549
655 197
398 344
242 354
839 276
293 755
915 159
768 140
700 418
654 355
280 762
238 807
794 181
378 478
684 268
560 830
696 150
905 150
493 83
382 389
358 554
200 329
712 846
347 347
199 880
701 479
698 818
342 427
877 719
783 618
866 279
383 618
428 345
646 921
306 84
366 663
637 444
871 405
225 274
752 423
210 388
901 786
262 179
148 196
897 931
692 698
145 131
372 572
475 74
428 780
37 672
379 552
172 306
14 396
458 644
819 547
910 655
268 108
833 416
182 666
282 873
420 426
60 671
876 414
623 240
129 659
911 507
268 140
691 160
414 85
682 289
631 648
823 898
634 712
249 815
434 409
744 854
713 804
581 646
153 139
885 281
798 852
667 1
870 293
39 341
377 720
508 64
303 387
841 937
35 146
808 468
434 609
257 203
348 716
848 379
855 668
538 588
456 261
588 261
433 626
480 809
402 867
752 704
310 649
576 344
673 441
691 163
928 4
366 211
720 149
589 510
696 62
154 87
323 741
347 755
302 706
499 703
629 307
342 817
834 797
97 443
294 787
605 157
669 849
246 324
877 834
833 508
895 43
594 153
662 819
786 20
460 342
601 145
527 822
19 418
675 115
860 847
780 400
60 505
185 305
829 118
74 597
504 847
640 154
879 358
851 600
257 368
941 857
391 404
735 409
821 466
402 616
248 238
72 307
622 256
490 386
252 442
39 755
225 557
787 160
794 574
759 107
941 636
20 388
96 634
676 795
35 134
467 283
251 417
468 872
673 837
193 803
335 110
615 559
667 337
597 396
910 292
502 786
927 400
110 901
90 785
631 4
797 154
286 926
570 632
733 178
525 925
38 860
92 531
354 637
746 830
89 592
178 590
434 40
868 422
819 15
142 506
18 939
538 182
800 164
813 590
221 395
571 137
190 541
546 422
234 348
187 201
939 364
790 309
282 594
730 36
608 872
541 504
746 135
564 602
178 312
248 277
706 698
292 774
295 837
132 408
120 318
608 938
561 334
303 721
927 911
757 470
718 233
852 520
247 472
58 424
783 184
579 425
881 870
134 112
763 265
398 761
462 62
755 901
274 936
678 136
783 491
605 557
724 513
13 27
863 70
329 582
253 786
885 70
712 75
60 410
219 457
227 559
397 861
516 671
732 250
806 571
620 347
185 400
738 76
305 658
145 512
175 276
354 116
224 1
69 283
289 287
739 394
845 72
311 296
621 100
546 483
670 222
708 733
500 503
808 683
96 831
130 270
164 362
264 266
362 332
549 529
498 223
922 278
294 290
574 914
268 176
333 816
276 97
485 654
478 349
393 573
116 522
721 279
762 41
544 59
373 28
587 749
251 565
83 544
733 656
515 57
710 726
752 42
822 293
574 357
520 23
808 635
423 586
792 241
505 272
299 756
299 764
561 549
386 644
29 54
235 422
111 2
204 741
865 82
90 496
317 609
397 61
180 699
646 28
939 86
299 174
842 598
816 459
82 258
38 932
312 273
410 301
153 613
98 896
574 66
448 769
553 724
829 732
479 410
760 353
496 937
405 273
470 278
731 431
535 769
419 725
98 829
904 129
377 880
81 7
824 408
655 434
188 540
101 666
829 739
897 260
733 359
532 259
636 319
568 106
23 44
710 942
751 549
127 184
486 208
70 366
494 724
799 681
199 779
282 906
574 235
222 363
472 632
501 43
830 125
28 852
47 737
730 797
342 856
860 706
942 929
129 492
588 806
108 665
641 389
