91 93
1 29 85
2 56 10
3 5 55
3 16 43
3 65 29
4 7 96
4 26 23
4 31 83
4 33 41
4 65 94
4 68 43
4 75 37
5 38 99
5 58 59
5 69 77
5 79 14
5 88 54
6 13 91
6 56 6
6 57 45
6 75 87
6 84 7
8 27 16
8 65 59
9 82 80
10 18 7
11 34 86
11 44 22
12 77 88
14 39 40
15 17 98
17 32 80
17 44 29
17 73 73
18 79 55
19 44 44
19 70 64
20 56 55
21 33 34
21 74 95
22 63 61
22 66 54
23 30 9
23 86 74
24 74 92
25 43 55
25 77 45
26 76 8
28 76 44
29 33 80
29 44 33
31 82 30
31 85 5
33 40 6
33 52 6
33 78 68
33 86 21
35 40 25
35 46 51
35 53 44
36 74 54
37 73 77
39 90 17
40 80 38
40 81 70
41 57 27
41 84 14
42 63 7
42 65 78
42 89 3
43 75 74
44 79 67
45 77 69
45 83 90
47 84 98
48 51 46
49 53 57
50 79 70
51 82 16
52 69 96
54 55 59
55 68 94
59 88 92
60 88 2
61 71 28
62 74 67
64 81 21
65 72 38
67 75 63
71 79 12
79 91 37
82 90 38
84 87 41
55 94
2 3 6 7 11 13 14 15 16 17 20 21 22 23 24 25 28 35 36 37 38 40 41 42 43 44 45 46 50 51 52 53 54 57 58 59 63 65 68 69 70 71 72 73 78 79 80 81 82 83 84 85 86 87 88 
6 74
6 83
23 46
68 38
39 35
85 37
62 6
57 39
57 33
34 70
84 68
14 8
54 15
70 44
85 58
12 90
3 17
44 79
62 74
80 64
18 73
9 42
79 28
80 7
24 77
39 70
53 53
77 69
30 55
21 23
76 32
75 41
49 81
29 73
64 71
45 44
52 16
85 2
44 37
63 67
22 10
45 74
25 84
14 55
10 34
40 48
65 78
89 76
67 80
58 2
59 11
8 73
27 56
75 33
1 9
62 22
18 15
58 43
61 71
60 70
13 62
27 40
48 24
25 24
12 45
79 33
55 87
14 44
51 88
76 51
5 46
35 77
23 1
82 83
34 13
25 9
74 51
48 31
37 35
17 48
79 4
43 6
53 56
49 66
53 88
25 20
42 22
59 28
22 49
73 18
61 6
26 44
19 74
37 55
