985 1505
1 83 67757
1 89 25058
1 118 12784
1 321 83723
1 568 85523
1 975 41454
2 276 71728
2 507 55972
3 430 87587
3 818 22335
3 896 75919
4 651 78748
5 213 94922
5 324 75313
5 475 1941
5 742 59490
6 240 23582
6 369 99738
6 453 49854
6 665 88095
6 716 3275
7 285 58081
7 758 5905
8 73 61743
8 795 75168
9 82 42908
9 791 72931
9 796 26798
10 120 90902
10 130 30527
10 182 72578
10 479 10126
10 572 59111
10 654 43215
10 727 28638
10 773 93859
10 778 26010
11 237 94980
11 455 77824
12 74 84260
12 119 90099
12 238 11759
12 277 54094
12 781 7383
13 25 63563
13 533 42683
14 22 34959
14 46 48533
15 325 19733
15 436 59328
15 836 7727
16 181 62388
16 192 7285
16 525 69380
16 610 36694
16 617 26224
17 150 17036
17 682 7194
17 940 12954
18 231 78998
18 420 38570
18 543 44513
19 319 15554
19 328 84539
19 397 32
19 737 62458
19 913 86880
20 87 52177
20 317 39268
20 348 56882
20 787 45966
21 148 75634
23 447 18465
23 472 51627
23 961 45161
24 336 69021
24 778 84043
24 791 47819
25 100 46010
25 156 95059
25 197 27454
25 393 1779
26 61 82733
26 344 14724
26 631 68823
26 811 55878
27 511 62723
27 752 26724
28 36 40339
29 754 58483
30 809 56020
30 957 36716
31 39 77662
31 533 35479
31 847 8414
32 289 76129
32 377 44858
33 409 38954
33 422 8294
34 161 6774
34 463 9595
34 697 35955
34 715 15819
34 858 87937
35 96 99618
35 242 73061
35 519 32117
35 687 77260
35 700 79119
35 954 7258
36 50 18647
36 143 12020
36 740 20483
36 776 43003
37 240 55096
37 509 82693
37 580 36350
38 832 12954
39 264 36259
39 845 83892
40 368 17670
40 495 46467
41 388 33236
41 698 45144
42 453 66371
42 493 93511
43 69 96517
43 92 44929
43 714 69566
44 547 93954
44 594 81550
45 114 26099
45 167 27963
45 242 36682
45 615 93367
46 181 81675
47 854 70973
48 54 41452
48 138 11276
48 552 89221
48 649 68808
48 879 90726
49 244 14461
49 389 48555
50 130 94433
50 451 36511
50 513 13447
51 291 98152
51 614 28027
52 668 30698
53 625 20839
53 761 46459
54 789 62201
55 141 16520
55 286 92743
55 871 55803
56 614 26503
56 720 42455
57 411 63414
57 635 52187
57 795 66735
57 879 95209
58 898 12190
59 281 44778
59 321 54528
60 370 44614
60 880 89798
61 452 49177
61 899 53287
61 975 31721
62 179 42363
62 745 531
62 815 72534
62 824 256
63 636 14773
64 256 69333
65 414 45550
65 481 7431
66 375 13627
66 409 67771
66 503 99237
67 215 68797
67 654 37673
67 756 22851
68 295 38213
68 435 7212
68 654 85377
69 118 23030
70 375 67607
71 119 6775
71 170 47857
72 500 2050
72 544 9574
72 718 96557
73 171 22339
73 795 79439
74 752 11994
74 904 73064
75 594 4235
76 242 83387
76 768 79700
76 807 69258
76 914 14730
77 146 28235
77 788 63305
77 915 78103
78 361 5051
78 373 65115
78 414 63680
78 692 13513
78 784 4748
79 660 69538
79 885 67470
80 437 12120
80 864 54819
81 865 10783
81 909 6042
82 753 73918
82 754 99383
82 844 38543
83 90 60169
84 116 72290
84 480 62306
84 533 39803
85 113 53188
85 308 21705
85 437 19795
85 668 39205
86 550 84433
86 966 54961
87 473 2755
87 922 87254
88 351 17245
88 451 33517
88 544 550
88 681 99418
88 922 61161
90 294 47439
90 340 12969
90 351 69191
90 465 6490
90 839 24624
91 507 86501
91 825 78592
91 834 62698
92 540 55425
92 693 72205
93 942 93177
94 228 78925
94 311 14585
94 341 51161
94 774 8532
94 826 79744
94 937 58617
95 220 17382
95 322 63616
97 247 48605
97 258 94752
97 270 89705
97 410 80634
97 439 56726
97 609 43658
97 784 6339
98 262 36291
98 515 6351
98 900 67889
99 113 69870
100 545 46947
100 635 18459
101 548 56975
101 780 74690
102 164 74523
102 634 59258
102 891 64396
103 903 69671
104 254 46429
104 323 14806
105 453 43881
105 473 54907
105 723 26137
106 263 35434
107 335 35975
107 796 79523
108 193 27868
109 195 46287
109 419 65842
109 490 45929
109 773 8071
110 386 78961
110 581 84312
111 386 59519
111 873 55383
111 942 51317
112 117 60492
112 133 22011
112 204 18748
112 268 23749
112 273 73464
112 932 47223
113 210 35413
113 509 27909
114 678 28405
114 776 51779
114 847 92893
114 878 92639
115 617 43512
115 844 64109
116 298 7271
116 516 5314
116 634 73268
116 885 89979
116 887 21388
116 896 80779
117 131 64049
117 577 16286
120 353 73904
120 443 27320
120 458 70822
120 525 61429
120 715 35333
120 798 72702
120 930 6497
121 150 46054
121 545 86012
121 605 7219
121 664 68460
122 153 55996
122 399 15916
123 518 32384
123 570 17401
124 571 622
125 257 92179
126 199 83122
126 256 22568
127 379 53842
127 402 5884
127 437 97542
127 586 49271
127 635 32222
127 805 7665
127 806 81043
128 259 48115
128 454 5723
128 593 38081
129 175 70550
129 487 65906
129 789 87597
130 293 53693
130 736 80676
130 814 9068
130 875 72471
131 279 25318
131 620 42619
131 976 86096
132 172 55014
132 409 35468
133 585 94631
133 796 84210
134 405 97173
134 535 40953
134 717 19323
135 558 58303
135 848 14897
136 374 38145
136 640 17851
137 187 11161
137 748 94753
138 484 9573
139 547 73017
140 208 34704
140 662 80580
141 390 14966
141 440 5615
141 456 83637
141 581 26503
141 674 98508
142 259 430
143 169 83114
143 335 37373
144 425 26601
145 151 50755
145 898 20100
146 188 10022
146 330 7716
146 546 34301
146 551 25088
147 293 50848
147 485 18150
147 526 39722
148 378 22107
148 449 17622
149 810 61332
150 421 9736
150 540 91603
150 641 49657
150 932 19220
152 340 63450
152 379 1234
153 530 73409
153 597 61303
153 868 84868
153 922 81385
153 927 90426
154 546 44831
155 670 44318
155 738 97257
155 960 24463
156 262 94087
156 979 13773
157 341 48513
157 502 89934
157 935 95809
158 345 13524
158 390 8601
159 219 89638
159 390 29070
159 927 75622
160 297 74313
160 846 12640
160 944 46888
160 955 52244
161 517 81838
161 800 41690
162 213 86963
162 381 36772
162 466 48600
162 894 14711
163 186 68180
163 393 21641
163 455 78018
163 489 5764
163 491 52193
163 920 35193
163 945 23573
164 226 29313
164 244 22438
164 488 63699
165 441 7774
165 590 13028
165 777 11551
166 447 13778
166 690 31596
166 842 73929
167 228 5481
168 219 95167
168 509 20935
168 592 48709
168 604 10883
168 806 65664
169 208 42512
169 862 70427
170 224 32428
170 264 44709
170 554 3836
170 866 12143
172 324 10876
172 432 40434
172 580 95919
172 827 36759
173 334 81708
173 854 65533
173 921 77645
174 308 80365
175 558 60750
175 864 91700
176 243 31383
176 365 7851
176 377 83222
176 398 85088
177 631 4329
177 684 68504
178 284 88492
178 525 38183
179 246 32071
179 325 44627
179 429 75375
179 535 16274
179 731 89870
180 347 745
180 857 68978
180 939 87607
181 281 78954
181 368 29654
181 621 51745
181 978 76201
182 284 63767
182 943 66075
183 659 20728
183 771 85555
183 984 89423
184 236 14027
184 430 63247
184 890 84434
185 725 63346
185 817 19136
185 841 22171
185 937 64581
186 589 43154
186 826 30899
187 450 50778
188 353 98507
189 269 26220
189 421 61204
189 685 19325
189 949 72244
190 415 9692
190 565 34825
191 980 22099
192 252 50629
193 773 76156
194 278 16354
195 830 90187
196 319 15959
196 865 71257
198 301 42822
198 302 91
198 452 51872
198 846 33573
198 938 62209
199 444 60089
199 635 14215
199 813 27364
199 954 41902
200 601 91399
200 689 13993
200 713 20896
201 217 92722
201 534 71273
201 547 2482
202 340 44041
202 769 24483
203 958 76411
204 545 7477
204 594 74413
205 289 83452
205 294 88319
206 757 28443
206 882 47616
206 925 67766
207 315 20210
207 515 29337
207 646 74785
207 885 60744
208 978 63953
209 232 34320
209 608 81386
209 981 76157
210 421 40532
211 619 72175
211 675 99501
211 714 21549
211 880 27321
212 227 72982
212 436 33903
213 814 37088
213 946 64367
214 913 24245
215 355 27605
215 366 54229
216 245 20742
216 338 4349
216 547 59620
216 642 90263
216 717 65318
216 874 99117
217 613 26415
217 877 67083
217 885 44969
218 843 6687
219 624 79407
220 544 1867
220 607 61105
220 655 24388
220 775 39938
220 818 61970
220 836 61125
221 238 98741
221 422 85675
221 505 94516
221 985 6820
222 430 75238
222 803 31775
223 666 28174
224 671 16740
225 277 96047
225 558 68899
225 604 82507
226 588 82611
226 592 27583
226 759 98639
227 325 45387
227 654 40515
227 911 95764
228 458 95995
228 710 23560
228 748 82396
228 840 28953
228 853 45231
229 458 70173
229 540 35888
229 546 4609
230 279 35549
230 457 38763
230 822 25246
231 293 66900
231 647 98612
231 725 69009
231 853 38832
232 838 53996
233 384 71631
234 414 37488
234 607 93327
235 430 68179
235 573 25460
235 916 18932
236 669 47779
237 443 17473
238 952 74433
239 297 83510
239 540 51534
239 610 74731
240 428 10512
240 839 12190
241 688 85742
241 879 65502
242 271 24830
242 334 79071
242 682 79013
243 266 41363
243 331 18877
244 917 47549
245 501 24564
245 545 47430
245 580 75854
245 663 87587
246 976 43371
247 528 96600
248 481 33326
248 527 41489
248 531 83925
249 301 46188
249 651 72397
250 554 21687
251 545 27569
252 528 53992
252 701 39223
252 831 94826
253 671 92212
253 798 29873
255 411 38103
255 730 74985
255 781 59120
255 863 92518
255 971 26998
256 503 99589
256 545 73330
256 811 68898
257 494 66030
257 676 71888
257 957 52198
258 309 68911
258 605 698
258 807 99893
258 916 37116
259 327 2153
259 340 65695
259 680 95802
259 757 29988
259 767 78121
259 983 46777
260 472 30267
260 584 61978
261 265 52157
261 381 48255
261 416 54510
261 818 84031
262 592 66992
263 283 58464
263 545 72395
263 818 44591
264 603 82798
265 351 40148
265 941 92903
266 804 67657
267 796 52276
267 859 76662
268 386 59142
269 583 28362
269 641 99926
269 850 61067
270 330 3275
270 333 59049
270 395 39702
270 400 67768
271 367 84029
271 613 58806
272 577 68054
273 375 52787
273 547 84643
273 963 25187
274 299 19228
274 312 91497
275 657 66529
278 335 49747
278 674 26762
278 757 7265
278 789 43757
278 836 42361
278 956 76156
279 702 51681
279 796 62115
279 838 93981
279 847 41953
280 476 47040
280 718 31542
281 646 86309
281 870 6248
282 574 77483
282 911 35878
282 942 66896
283 384 3405
283 941 78721
284 474 63745
284 940 26204
285 790 46980
286 289 85718
286 301 99761
286 662 95380
287 684 27909
287 861 93210
287 916 17522
288 567 71237
288 567 37347
288 673 15807
288 746 24341
288 956 92261
289 326 13609
289 506 18420
289 585 15353
289 917 94117
290 482 19602
290 542 6184
290 983 46532
291 703 49349
291 711 18163
291 853 91201
292 368 72080
293 354 32008
293 817 92188
295 515 60246
295 523 45819
295 789 11852
296 836 90466
297 360 23248
298 901 34831
299 337 45953
300 508 62793
300 656 44235
301 391 34938
301 564 52905
302 546 723
303 775 86264
303 815 6702
304 670 24987
305 320 79486
305 371 57755
305 573 65759
305 618 91304
306 514 45324
306 534 13456
306 565 63714
306 635 24138
306 913 86492
307 396 98790
307 736 22893
308 404 51754
308 458 78597
308 666 81900
308 921 46053
309 400 49678
309 477 52548
309 803 57129
309 851 5468
309 876 6690
310 645 45633
310 757 83836
311 364 57181
311 700 15461
312 503 27116
312 605 21297
312 904 74492
313 388 31592
313 468 75130
314 679 92764
315 355 8171
316 704 86686
316 843 4879
317 439 62842
318 547 49644
319 384 13842
319 407 66525
319 443 20450
319 483 66003
319 650 95463
320 786 98647
320 824 8091
321 353 42364
321 372 73849
321 487 81496
321 556 18385
321 619 78218
321 757 96231
322 655 29634
322 695 11843
322 734 9994
322 741 56655
323 593 41656
323 809 60871
323 851 47526
323 909 94871
323 960 84029
325 678 48252
326 479 60621
326 608 41036
326 888 69762
328 520 40511
328 538 8818
329 492 23151
330 699 63546
330 975 87309
331 339 74528
331 460 20754
331 616 93299
332 726 63885
332 803 13810
333 789 89702
333 835 46708
333 970 42342
335 548 66211
335 654 63279
336 357 96361
336 414 89268
336 749 39100
337 536 26203
337 778 32131
339 651 25106
339 687 353
339 898 5413
340 382 23679
340 445 38253
340 489 8718
340 677 43731
340 942 64160
340 954 43331
341 492 35480
341 509 8763
341 609 10003
342 496 64531
342 869 87219
342 983 40919
343 577 72418
343 651 98557
344 552 12020
345 348 73321
345 593 62595
346 687 85151
346 721 57598
346 840 73675
347 391 96843
349 858 71685
349 897 94934
350 428 2509
350 522 7547
350 787 86919
350 888 52872
351 679 78710
351 901 51625
352 389 85686
352 664 19997
352 732 40562
353 367 18103
353 644 43642
353 721 15006
353 923 60049
353 980 34454
353 982 81038
354 377 14287
355 635 71180
355 749 19205
355 753 53102
356 699 23231
356 863 76600
358 578 67986
359 534 79672
360 560 37923
360 843 70923
360 881 14271
361 543 20112
361 807 47131
362 441 20576
362 608 85921
362 807 24297
363 365 52715
364 872 25915
365 542 40235
366 508 53629
366 766 69028
367 714 22994
367 961 44428
368 712 58423
369 410 249
369 842 38935
369 868 91311
370 524 26950
370 855 29843
371 895 91663
372 647 42882
373 527 46778
374 961 75772
375 619 7722
375 773 84901
375 903 62891
376 644 62985
377 457 17176
377 755 35425
377 911 43446
378 550 91298
378 802 102
380 446 44653
380 747 99509
380 887 27509
381 691 40943
383 985 91634
384 807 99795
384 824 82693
385 855 76241
385 870 85545
386 566 67166
387 446 18371
387 728 31904
388 590 54638
388 843 73842
388 936 8638
388 962 51590
389 669 29819
390 817 22621
391 734 51789
392 563 95683
392 804 1196
392 911 34798
393 614 2488
394 458 63563
394 684 61939
396 482 32087
396 635 83038
396 780 78874
400 806 89429
400 947 52138
401 957 51628
403 573 39808
404 712 34220
405 675 60239
405 727 48020
406 418 5340
406 612 618
406 634 32728
406 750 20966
406 853 37897
407 496 47657
407 879 54953
408 477 99170
408 631 19455
408 979 53509
410 413 54699
410 439 33889
410 599 24214
411 452 5192
411 538 35879
411 696 85714
412 755 59587
412 878 29892
413 638 84144
413 904 16397
413 925 22124
413 957 93977
414 654 33133
414 917 97506
415 866 38937
416 620 24259
416 654 90685
417 900 58103
418 708 64225
418 911 11151
421 480 70001
421 553 4975
422 423 96367
422 697 17978
424 975 12696
425 886 99035
426 445 21837
426 450 97544
426 603 650
427 544 34307
427 981 87257
428 548 80104
428 579 84460
428 589 68277
428 763 37050
429 873 60772
430 744 63920
431 732 88305
432 706 82935
432 948 416
433 469 86306
433 706 97887
433 833 1217
433 894 61748
434 914 54380
435 511 10420
436 528 86252
436 707 62078
438 938 36293
439 467 98972
439 526 6916
439 957 31563
440 504 70014
440 818 86584
441 690 76277
442 768 57098
443 450 64553
443 562 88088
445 500 1092
447 628 57911
447 831 43255
448 554 92989
449 786 38444
450 719 20109
452 848 44935
452 860 26600
452 934 65400
453 652 3683
453 705 91425
453 755 21310
453 814 73385
454 708 54233
456 545 23247
456 667 10152
458 981 4068
459 506 44313
460 649 6403
460 694 63795
461 796 35660
462 625 98551
463 695 67156
464 570 45855
464 646 34226
464 735 41557
464 880 25492
465 541 98426
465 617 66524
465 652 90382
466 545 84831
467 470 76701
467 536 34101
468 555 82767
469 574 81944
469 596 68551
469 754 18283
469 785 53934
470 487 53229
470 640 45940
470 982 31467
471 528 2296
471 837 90349
472 948 37184
473 592 19386
474 910 9512
475 956 89385
476 670 95513
478 773 88420
479 526 10340
479 527 49208
479 545 16495
480 488 81108
480 916 39686
480 946 24370
483 504 89737
483 611 17633
483 858 94448
483 868 46784
483 912 8541
484 504 9052
484 560 3621
484 657 19094
484 715 57735
484 798 4253
484 959 23878
485 770 79783
485 939 26191
486 572 20185
486 973 23857
487 768 62538
487 810 58814
487 900 81484
488 835 14134
488 852 32489
488 972 31019
489 557 84112
489 703 83156
489 768 87639
489 956 63741
491 725 28914
491 761 61040
492 786 30823
492 849 6924
492 853 34105
492 872 90383
493 496 7559
493 538 34088
493 602 32860
494 902 51656
495 884 10083
496 739 86375
497 697 40369
498 514 94761
498 546 3274
498 657 99167
498 690 93020
498 825 69909
499 760 49371
499 792 69060
499 950 34884
499 952 80348
502 517 42705
503 756 89205
505 571 47083
506 833 5524
506 952 60964
507 599 90147
507 918 35260
508 671 40725
509 934 21635
510 975 20548
512 518 46570
512 554 84864
513 866 20822
514 647 93531
515 661 37090
515 915 60588
516 532 7883
516 627 10347
517 529 22949
517 822 89960
518 861 2078
519 679 57744
519 712 43241
520 644 33126
520 827 176
520 855 59937
520 892 42507
521 671 96269
521 962 2127
525 843 750
527 782 32448
528 529 47085
528 625 33597
528 983 5463
529 668 73241
530 920 62575
531 829 5930
532 559 76975
532 611 45687
532 918 39909
533 624 67458
533 773 49030
535 721 40108
535 949 40715
537 887 31850
539 872 90729
539 906 56129
540 657 88191
540 704 23600
540 739 42554
540 966 68641
542 628 87862
543 632 64679
543 930 51590
544 687 53050
544 833 6205
545 574 41180
545 590 28040
545 930 22799
547 590 43590
547 649 33011
547 661 20582
547 820 82890
549 631 18659
549 682 32470
550 615 18914
550 630 15253
550 639 86023
550 719 44337
550 765 35058
550 797 45807
550 812 47652
551 656 21729
552 883 4149
554 712 60970
554 923 17099
555 747 3658
555 759 19848
556 630 91573
556 672 75160
557 849 81795
558 597 80481
558 636 3246
558 834 25816
559 849 16298
559 906 15414
560 686 11202
560 752 62541
560 802 48324
561 755 60645
562 576 88815
562 722 81872
563 579 12478
563 593 73148
563 962 36725
564 849 91793
565 881 59305
565 970 60376
566 779 25718
567 648 2960
567 850 25341
568 867 55013
569 857 34908
571 645 49771
572 864 73044
573 872 80889
574 782 27475
574 806 29547
575 957 74269
576 738 21100
577 847 39177
578 628 18855
578 706 60501
579 718 18677
579 791 76245
582 590 75066
582 598 83194
585 630 41643
585 889 97055
585 985 4446
586 787 73595
587 651 64464
588 879 24612
590 830 5074
591 679 68120
592 634 60893
592 635 32265
592 662 61352
592 709 13251
593 929 60727
593 942 37128
594 728 28128
594 887 36753
595 712 52526
595 838 32328
596 709 9940
597 894 53662
597 933 96585
598 924 96670
599 643 25053
599 930 44934
600 645 62726
603 676 8388
606 715 99451
606 926 77371
607 617 22528
607 877 86956
608 893 20957
608 957 59865
610 647 88883
610 773 94155
616 947 48106
619 733 73590
620 799 2962
621 758 88296
622 638 25660
622 947 52281
623 658 840
623 900 29858
624 705 26029
624 737 58982
624 761 77722
624 965 39704
625 645 66488
625 781 73543
626 804 5673
626 827 97173
627 864 53651
627 967 61896
627 968 52371
628 848 48969
629 728 18928
629 759 71597
630 738 25867
630 779 5465
630 780 31680
630 856 40007
630 862 9952
631 736 97728
631 882 17917
631 882 9693
633 900 61295
634 841 76231
634 946 75951
635 756 46264
635 829 9771
636 900 7701
637 738 90091
638 944 92915
639 653 33687
640 668 4025
640 700 61543
641 670 45067
641 908 6158
642 980 63217
643 797 14650
645 656 39630
645 751 21383
645 849 43210
646 864 48620
647 817 30452
648 801 38650
650 697 40371
651 792 74520
653 664 88903
654 858 38092
654 967 74287
656 858 62018
658 773 42025
659 690 65802
659 974 17484
660 817 54031
662 739 80735
662 796 18096
662 857 62942
663 868 21336
664 892 57816
664 963 47768
665 950 32358
666 917 11503
667 696 54427
667 850 11538
669 704 67277
670 787 10235
670 900 69089
672 922 82666
673 902 52221
674 828 43154
674 916 98503
676 796 76652
677 792 19928
678 704 21350
678 924 45413
679 969 85235
681 691 11573
683 818 32673
684 807 59269
685 829 2786
687 752 794
687 930 48787
687 950 52812
688 760 20621
690 704 92443
690 779 48952
691 816 73395
691 855 15908
691 976 61472
694 748 5743
695 727 89599
696 959 36629
697 702 38117
700 979 3510
703 756 94783
705 710 66537
706 752 8670
706 881 32300
706 886 93865
707 907 55137
710 837 52750
710 891 70595
710 972 38144
711 836 74845
712 825 48753
712 977 67778
713 946 42912
714 776 6704
714 910 52595
717 817 46378
718 972 96393
721 726 49154
721 967 1542
722 793 39865
723 849 74732
723 964 72002
724 777 51834
724 931 73744
727 808 223
729 765 77662
729 862 10047
732 822 80304
738 783 36866
738 930 60373
738 943 93992
739 896 34557
743 795 94075
745 786 20253
745 841 15424
745 854 60639
745 917 96961
745 925 45071
745 980 70903
750 840 8523
751 865 48434
755 873 55682
756 982 13176
757 771 28901
759 832 26601
760 865 23973
762 870 67620
762 985 3263
764 876 84030
764 979 19606
766 803 95462
766 884 68797
768 870 9816
768 967 38171
769 954 29301
770 936 58557
772 790 43313
775 958 89198
776 777 3752
777 794 37860
778 862 65778
781 951 49598
787 974 23662
789 811 59817
790 917 17575
790 935 25591
794 883 13927
796 936 96912
796 964 97787
803 930 25457
803 972 47809
810 895 76551
810 983 62954
813 922 45413
814 952 93147
814 961 87945
819 948 85882
820 837 8092
821 887 97862
823 899 11320
823 950 51521
823 954 44160
823 979 69022
828 845 69857
831 978 19032
843 865 55569
843 879 69161
843 902 78001
850 948 92418
853 865 61195
854 907 54272
854 973 87618
856 985 59812
857 965 54888
858 892 76994
863 890 876
864 897 88102
868 916 81225
868 976 84908
875 919 21502
880 886 85458
885 892 77033
886 944 9875
896 903 76276
900 929 11985
904 984 59117
905 933 22415
907 921 55878
907 950 47539
911 948 96692
911 955 42728
912 957 70214
919 926 83882
928 957 94951
931 936 33198
932 954 15331
933 946 72956
950 953 32530
951 965 81002
966 968 64885
896 952
1 2 3 4 5 6 7 8 9 10 11 12 13 14 15 16 17 18 19 20 21 22 23 24 25 26 27 28 29 30 31 32 33 34 35 36 37 38 39 40 41 42 43 44 45 46 47 48 49 50 51 52 53 54 55 56 57 58 59 60 61 62 63 64 65 66 67 68 69 70 71 72 73 74 75 76 77 78 79 80 81 82 83 84 85 86 87 88 89 90 91 92 93 94 95 96 97 98 99 100 101 102 103 104 105 106 107 108 109 110 111 112 115 116 117 118 119 120 121 122 123 124 125 126 127 128 129 130 131 132 133 134 135 137 138 139 140 141 142 143 144 145 146 147 148 149 150 151 154 155 156 157 158 159 160 161 162 163 164 165 166 167 168 169 170 171 172 173 174 175 176 177 178 179 180 181 182 183 184 185 186 187 188 189 190 191 192 193 194 195 196 197 198 199 200 201 202 203 204 205 206 207 208 209 210 211 212 213 214 215 216 217 218 219 220 221 222 223 224 225 226 227 228 229 230 231 232 233 234 235 236 237 238 239 240 241 242 243 244 245 246 247 248 249 250 251 252 253 254 255 256 257 258 259 260 261 262 263 264 265 266 267 268 269 270 271 272 273 274 275 276 277 278 279 280 281 282 283 284 285 286 287 288 289 290 291 292 293 294 295 296 297 298 299 300 301 302 303 304 305 306 307 308 309 310 311 312 315 316 317 318 319 320 321 322 323 324 325 326 327 328 329 330 331 332 333 334 335 336 337 338 339 340 341 342 343 344 345 346 347 348 349 350 351 352 353 354 355 356 357 358 359 360 361 362 363 364 365 366 367 368 369 370 371 372 373 375 376 377 378 379 380 381 382 383 384 385 386 387 388 389 390 391 392 393 394 395 397 398 399 400 401 402 403 404 405 406 409 410 411 412 413 414 415 416 417 418 419 420 421 422 423 424 425 426 427 428 429 430 431 432 433 434 435 436 437 438 439 440 441 444 445 446 447 448 449 450 451 452 453 454 455 457 458 459 461 462 463 464 465 466 467 468 469 470 471 472 473 474 475 476 477 478 479 480 481 482 483 484 485 486 487 488 489 490 491 492 493 494 495 496 497 498 499 500 501 502 504 510 511 512 513 516 517 518 519 520 522 523 524 525 526 527 528 529 530 531 532 533 534 536 537 538 539 540 541 542 543 544 545 546 547 548 550 551 552 553 554 555 556 557 558 562 564 568 569 570 571 572 573 574 575 576 578 580 581 582 583 584 585 586 587 588 589 590 591 592 593 594 595 596 597 598 599 600 601 602 603 604 605 606 607 608 609 610 611 612 613 614 615 616 617 618 619 620 621 622 623 624 625 626 627 628 629 630 631 632 633 634 635 636 637 638 639 640 641 642 643 644 645 646 647 648 649 650 651 652 653 654 655 656 657 658 659 660 661 662 663 664 665 666 667 668 669 670 671 672 673 674 675 676 677 678 681 682 683 684 685 690 691 692 693 694 695 696 697 699 700 701 702 704 709 710 711 712 713 714 715 716 717 718 719 720 721 722 723 724 725 726 727 728 729 730 731 733 734 737 740 741 742 743 744 745 746 747 748 749 750 751 752 753 754 755 756 757 758 759 760 761 762 763 764 765 766 767 768 769 770 774 778 779 780 781 782 783 784 785 786 787 788 791 792 793 794 795 796 797 798 799 800 801 802 803 804 805 806 807 808 809 810 811 812 813 814 815 820 822 824 825 826 827 828 829 830 831 832 833 834 835 836 837 838 839 840 841 842 843 844 845 846 847 848 849 850 851 852 853 854 855 856 857 858 859 860 863 867 868 869 870 871 872 873 874 875 876 877 878 880 881 882 883 884 886 887 888 891 893 894 895 896 897 898 899 900 901 902 903 904 905 906 907 908 909 910 911 912 913 914 915 916 917 918 919 920 921 922 923 924 925 926 927 928 929 930 931 932 933 934 935 941 943 946 947 948 949 950 951 952 953 954 955 956 957 958 959 960 961 962 963 964 965 966 967 968 969 970 971 972 973 975 977 978 981 983 984 985 
45 615
854 807
926 183
732 427
892 820
327 615
79 810
90 548
869 344
8 950
482 87
374 68
711 830
952 516
207 62
76 251
238 929
619 178
126 912
604 33
747 492
209 825
864 299
934 747
204 504
711 685
590 646
314 862
53 280
392 259
888 467
71 140
957 252
318 98
178 483
677 486
537 447
325 415
745 821
176 948
339 448
209 490
108 85
367 707
364 320
527 267
349 598
953 320
411 285
964 588
330 217
89 866
664 960
295 970
357 32
495 257
479 265
747 148
349 675
855 713
9 396
541 357
555 508
239 965
355 217
130 684
981 765
126 221
301 420
205 658
13 261
914 491
526 237
638 874
911 69
163 920
27 265
838 581
335 638
123 251
417 799
496 412
578 621
632 440
602 398
112 614
221 588
666 746
824 865
196 312
934 906
246 960
732 645
117 81
298 239
878 276
599 388
687 738
570 880
193 186
292 304
361 512
453 588
819 292
468 577
603 963
497 410
937 243
616 615
871 475
854 763
750 29
713 13
767 297
892 959
45 746
824 952
819 292
555 653
145 584
791 309
561 302
280 512
106 895
141 538
932 556
863 258
147 590
271 913
448 177
448 54
484 286
21 318
139 137
532 283
720 337
153 295
200 432
368 852
889 70
405 835
188 282
107 334
871 924
808 880
116 270
934 599
555 954
478 694
652 24
538 933
907 691
242 121
137 171
973 587
787 392
436 974
235 105
869 667
43 691
561 705
960 509
866 92
39 358
347 690
929 446
637 850
151 440
533 835
172 520
436 959
473 434
509 707
538 393
388 142
645 510
847 182
34 727
273 619
646 181
324 589
626 522
16 339
524 548
188 695
82 185
230 116
618 739
384 717
693 333
859 899
842 282
95 875
570 914
509 777
109 394
381 297
477 396
635 15
943 384
272 586
568 501
263 201
801 646
479 70
978 352
969 834
195 78
286 326
554 356
118 224
749 498
520 787
455 716
802 959
114 635
121 682
697 383
444 75
43 922
144 582
836 127
977 592
752 277
918 867
632 50
105 942
109 625
744 563
355 122
98 31
756 218
712 467
600 717
541 204
215 247
347 65
920 338
219 248
615 151
129 808
747 234
327 855
420 85
979 336
206 91
366 523
855 639
551 31
370 654
234 585
900 142
211 834
479 429
644 655
141 772
478 887
567 804
318 1
450 311
337 217
948 702
739 817
903 851
409 287
519 642
433 980
783 206
391 824
196 49
493 337
820 970
785 402
350 118
949 799
975 300
577 500
564 877
878 481
743 302
329 823
505 324
818 850
529 223
688 724
271 195
622 652
727 969
615 91
101 579
452 637
878 590
151 18
482 44
60 786
345 936
623 411
274 17
275 364
786 962
649 71
172 833
285 460
816 899
112 478
492 125
129 932
715 827
511 758
432 133
558 338
83 742
748 903
321 38
281 121
14 929
739 732
776 38
206 168
498 865
645 552
4 774
60 280
177 570
52 608
702 171
945 784
475 707
701 357
744 543
477 320
49 230
66 386
814 819
554 874
698 213
440 263
548 499
543 724
83 156
346 347
874 852
692 910
574 955
281 879
512 757
213 122
549 826
508 924
659 76
812 918
288 813
742 398
326 299
136 956
17 44
864 890
895 570
814 45
101 109
924 613
427 698
296 975
538 803
476 758
440 302
690 290
130 447
687 17
307 822
534 870
427 412
774 884
982 164
490 97
819 428
271 261
688 567
797 240
931 287
560 386
151 264
675 827
272 376
405 141
759 939
25 748
365 361
646 908
524 150
20 905
140 837
180 827
418 538
628 911
387 202
311 99
28 985
925 846
922 891
1 257
844 573
19 771
933 664
693 33
814 712
937 515
564 678
903 543
231 107
30 617
309 340
715 883
886 216
305 384
121 306
641 527
440 659
312 387
338 19
966 713
293 918
789 418
610 706
960 840
812 5
33 682
891 309
141 354
524 446
737 207
751 392
295 752
66 606
153 950
186 133
239 478
612 42
895 237
309 432
638 135
983 233
379 450
541 519
803 627
964 555
395 291
508 689
57 135
856 756
646 56
451 884
96 77
487 552
860 795
983 75
492 542
307 870
7 847
950 809
50 491
925 444
781 10
147 400
144 564
170 790
182 182
250 277
806 737
828 680
108 388
754 161
929 622
592 497
46 557
321 95
62 807
101 404
816 794
803 522
373 535
873 554
716 684
830 536
435 234
778 105
621 108
265 127
730 857
623 775
975 505
431 51
874 531
454 266
340 819
787 274
368 236
827 98
920 233
196 916
28 973
35 649
95 847
337 386
280 959
722 269
41 168
866 914
260 334
194 161
714 543
434 96
340 275
741 274
69 936
205 97
485 786
307 141
209 643
527 488
178 263
756 765
977 198
693 252
94 449
412 807
553 408
903 892
682 658
728 751
170 494
409 654
841 715
794 65
372 882
552 111
160 870
876 698
82 145
511 175
155 485
544 707
892 461
176 150
680 903
462 411
958 870
626 813
599 981
877 532
878 6
205 599
437 95
311 80
786 822
802 941
868 360
224 774
382 399
923 76
863 947
48 835
831 673
225 7
668 116
100 560
668 304
720 119
945 46
746 746
429 562
263 311
921 486
646 317
447 145
939 324
106 1
721 499
235 945
67 902
622 166
39 305
32 758
970 976
365 730
298 793
853 122
665 788
608 872
666 616
579 619
501 246
181 236
744 415
742 810
332 926
538 917
245 569
689 776
121 69
83 966
423 935
102 650
300 709
536 965
339 676
161 840
922 341
637 242
756 941
614 649
881 166
142 687
296 830
39 416
460 121
396 445
71 498
109 917
768 206
896 669
882 71
85 818
959 283
74 291
238 687
501 680
414 642
381 709
48 420
687 70
102 644
514 719
156 184
650 486
389 561
716 832
193 362
226 166
644 847
18 444
110 518
138 524
174 519
794 769
500 495
838 601
154 366
335 856
549 984
903 499
121 633
893 314
9 133
41 215
979 59
658 104
138 795
189 312
875 982
95 389
54 932
5 207
859 886
624 969
884 542
44 567
736 936
442 307
84 482
521 624
102 740
727 240
549 915
113 439
474 754
389 527
262 940
295 135
840 918
665 301
36 708
867 334
221 323
202 851
366 284
489 468
38 231
269 586
707 928
586 195
696 537
283 957
491 577
653 346
510 332
646 107
601 89
440 383
411 641
248 338
924 737
367 961
529 635
124 797
577 271
554 834
807 836
805 313
428 34
220 499
912 427
605 90
515 60
472 487
262 720
824 748
33 206
285 123
402 955
481 541
241 49
389 609
447 756
483 874
789 702
387 716
690 553
805 766
612 838
267 436
134 653
198 166
420 482
835 383
452 331
923 254
926 874
424 387
644 907
275 447
185 223
724 437
776 105
217 949
943 46
946 91
260 158
804 679
202 653
623 215
545 123
30 486
11 453
434 654
921 271
662 668
493 401
119 830
505 335
356 24
927 316
115 201
36 918
441 784
147 79
560 692
201 151
739 758
165 187
426 101
19 649
330 512
611 448
903 678
344 820
701 286
698 815
48 295
309 489
93 456
129 214
709 876
364 462
648 528
210 635
190 229
298 519
302 909
528 766
163 434
601 863
719 313
255 328
607 563
378 261
33 506
474 741
943 399
764 167
926 536
801 678
764 661
758 627
146 301
407 308
734 569
185 29
443 439
356 611
564 734
871 596
801 906
899 321
319 677
487 807
774 850
61 114
525 818
740 232
133 709
539 866
839 285
456 297
286 374
907 849
122 355
21 484
275 919
366 156
173 853
524 508
279 584
622 365
416 376
596 549
646 696
976 500
980 447
796 827
820 279
252 503
633 273
548 470
753 476
625 487
343 163
10 183
746 631
547 176
568 157
286 229
852 824
290 408
285 647
250 666
925 501
730 135
335 839
604 103
329 243
151 233
952 160
415 274
352 523
449 482
241 297
710 654
135 561
624 966
222 873
208 708
935 937
842 832
352 460
496 681
264 646
475 777
368 452
65 719
974 76
215 230
372 486
445 506
608 83
486 829
517 255
552 29
753 955
860 119
430 370
361 255
577 836
47 944
302 111
240 837
733 454
628 119
502 88
186 124
170 233
515 687
487 628
715 254
597 151
373 588
520 733
843 658
145 451
617 8
561 856
845 309
871 487
974 387
574 175
73 306
407 587
554 456
229 283
709 825
980 643
428 76
938 832
733 97
297 364
105 419
781 949
289 667
12 278
615 586
14 249
453 967
835 21
437 625
850 708
27 844
365 16
919 317
847 228
961 705
592 80
138 934
590 974
177 601
813 792
748 826
55 215
369 452
235 368
638 99
90 664
942 454
