100 100
1 15 88
2 36 77
2 37 65
3 98 85
4 26 42
4 30 33
4 62 53
4 82 77
5 16 54
5 42 21
5 78 33
6 50 100
7 26 89
8 85 42
8 94 8
9 35 91
9 52 38
10 30 24
11 42 100
12 68 43
12 70 52
13 44 55
14 84 5
15 37 71
15 75 71
15 95 49
16 73 100
16 74 25
17 21 96
18 28 61
19 73 98
20 33 20
21 25 20
21 92 12
22 42 60
23 98 41
24 48 32
25 37 95
25 44 95
25 70 10
25 97 80
26 83 73
26 94 82
27 29 86
28 39 80
28 62 8
29 71 29
31 49 60
31 87 82
32 63 54
33 45 70
33 47 35
33 86 10
34 62 10
34 76 95
34 91 27
35 57 39
35 66 47
35 84 12
37 58 4
37 62 95
37 96 11
38 44 83
40 45 98
41 66 11
41 93 70
42 70 33
43 72 32
43 86 23
44 55 22
44 66 24
44 98 62
46 73 16
48 93 86
50 59 82
50 90 99
51 66 84
52 100 34
53 58 86
53 59 76
54 77 13
55 81 62
56 75 93
57 67 11
58 69 21
59 88 21
60 98 29
61 96 21
63 65 92
63 98 30
64 79 38
64 98 69
65 67 35
66 87 40
69 77 11
71 96 52
80 98 89
81 86 97
89 95 34
97 99 42
81 96
1 2 3 4 5 6 7 8 9 10 11 12 13 14 15 16 17 19 20 21 22 23 24 25 26 27 30 31 32 33 34 35 36 37 38 39 40 41 42 43 44 45 46 47 52 53 54 56 58 59 60 61 62 64 65 67 68 73 74 75 76 77 78 79 81 83 84 87 88 89 90 91 92 93 94 95 96 97 98 99 100 
79 63
35 66
40 21
38 7
9 51
94 91
56 93
77 81
75 28
44 1
11 1
3 68
88 76
33 81
12 59
33 90
22 20
8 13
40 97
20 100
48 65
90 3
9 19
83 35
46 78
87 56
79 42
76 18
17 8
98 28
18 83
18 91
2 77
56 93
73 27
92 72
91 34
74 52
4 8
86 49
38 73
56 16
14 31
85 30
90 35
9 60
17 78
2 70
54 57
14 79
83 57
50 26
42 76
77 45
35 14
45 72
38 53
39 3
35 76
84 77
10 93
36 78
22 37
99 28
46 12
6 28
68 7
5 62
82 33
6 69
99 51
92 36
55 31
39 89
58 74
65 67
66 100
96 40
89 94
67 34
57 72
13 76
78 70
37 12
2 43
32 100
45 23
36 99
5 26
39 62
99 4
80 17
55 75
8 43
68 74
28 76
