910 746
0 392
0 467
1 551
2 39
2 405
2 421
3 327
3 492
3 587
3 695
4 715
4 790
6 375
7 371
7 574
8 305
8 342
9 460
9 711
11 335
11 535
12 131
13 374
14 487
15 142
15 485
16 731
16 764
17 43
18 393
18 740
19 34
19 168
19 619
20 156
20 167
21 150
21 284
22 268
22 539
22 642
22 695
23 514
24 232
25 488
26 82
26 376
26 393
26 538
27 801
28 264
29 248
29 286
32 36
32 235
32 906
33 451
36 137
38 476
39 69
39 889
40 168
40 624
41 525
44 147
44 182
44 441
45 402
45 511
46 297
46 809
47 750
50 144
50 254
51 498
52 110
52 390
52 593
52 806
52 878
55 111
57 709
57 800
58 850
59 155
59 385
60 531
60 776
61 365
61 410
61 526
61 778
61 838
62 901
63 68
63 148
63 175
63 329
65 116
65 577
66 778
66 905
68 791
72 438
73 411
76 430
77 245
77 284
77 463
77 591
78 801
79 83
79 274
82 157
83 289
83 366
83 804
84 475
84 612
85 161
85 394
86 326
86 338
87 115
87 440
87 457
87 534
89 254
89 416
89 565
89 722
90 770
91 650
91 686
92 469
92 518
92 819
93 519
93 725
94 356
95 120
95 429
96 433
96 665
97 849
98 208
98 479
99 748
100 237
100 717
101 908
103 448
106 231
107 441
107 610
110 577
111 516
111 562
112 711
112 742
113 525
113 784
115 735
116 881
118 196
119 154
121 359
121 536
121 628
121 685
122 491
123 607
125 502
125 787
126 305
126 868
129 320
130 518
131 476
133 680
134 580
135 167
135 440
135 719
135 727
136 623
136 773
136 886
137 156
137 197
137 441
137 479
138 276
138 798
139 222
139 809
139 863
140 167
140 591
141 730
142 194
143 344
143 490
144 594
145 346
145 525
145 717
146 828
147 445
148 644
148 701
149 824
150 178
150 776
150 796
152 173
152 331
152 732
153 642
155 228
156 272
156 483
158 807
159 160
159 278
160 415
160 739
161 416
161 787
162 236
162 406
162 449
162 622
162 846
162 895
163 252
163 457
163 828
166 199
166 789
167 251
167 843
168 499
168 816
169 724
170 796
171 188
171 205
171 369
171 593
172 245
172 485
172 651
172 887
173 344
173 344
173 550
174 643
175 434
177 831
180 550
181 445
181 507
183 328
184 406
184 428
184 627
184 690
186 461
186 479
187 304
188 689
189 214
189 404
190 339
190 695
191 343
192 309
192 435
193 604
194 292
194 902
195 477
195 517
196 432
196 743
197 237
198 495
198 542
198 803
200 387
200 660
200 720
203 318
203 407
204 329
204 792
205 664
205 870
206 706
207 329
207 877
208 331
208 353
208 723
209 440
211 326
211 761
211 879
211 884
211 905
212 806
213 302
214 444
214 457
215 282
215 644
216 584
216 873
218 443
219 292
221 649
222 463
222 500
223 385
223 402
223 868
224 266
224 373
224 489
225 393
225 882
226 570
226 587
228 334
228 606
229 459
229 596
230 680
231 270
231 709
231 816
231 881
232 248
233 510
234 427
234 614
235 630
236 251
236 633
237 678
237 850
238 409
239 510
239 542
240 252
240 544
240 684
240 841
241 856
244 852
247 650
247 829
248 385
248 785
249 803
250 691
253 453
254 473
254 706
254 865
256 448
258 333
258 351
258 611
259 292
259 649
259 705
263 433
263 511
264 542
264 822
265 335
265 751
266 547
267 905
268 578
268 844
270 687
270 784
271 434
273 480
273 793
274 344
275 289
275 404
275 444
277 553
280 837
282 285
285 608
285 674
285 758
290 511
290 650
290 667
292 628
292 722
292 758
294 740
294 778
296 346
296 379
296 868
297 619
298 403
298 545
298 810
298 838
299 424
299 580
299 718
301 874
302 496
304 791
305 330
305 387
308 470
309 633
309 839
310 569
310 881
310 895
311 641
311 824
312 385
312 591
312 908
314 685
315 666
316 394
316 880
317 366
319 830
319 849
320 625
321 506
321 691
322 539
325 761
325 824
327 536
327 791
328 621
331 417
331 477
332 701
332 834
335 572
337 657
337 827
338 488
341 384
341 727
342 495
343 703
345 397
346 741
346 845
348 669
348 744
349 445
351 572
351 626
351 665
351 705
351 756
351 775
352 907
353 493
354 759
356 733
357 458
357 566
357 744
360 700
361 868
362 477
364 640
366 368
368 553
370 870
372 706
373 466
377 568
380 462
382 776
383 407
384 831
387 744
389 500
390 822
390 863
391 908
392 721
394 622
394 852
395 744
396 576
397 511
400 440
400 639
401 425
402 408
402 534
402 641
403 565
403 811
404 543
404 552
409 682
409 746
411 636
411 697
412 623
412 720
414 490
415 766
416 644
417 541
418 437
419 595
420 557
423 548
423 908
428 572
428 731
430 595
430 718
432 624
432 787
432 817
433 483
433 607
438 733
440 633
440 865
440 875
441 768
443 625
443 722
443 849
447 565
448 497
448 588
448 880
449 768
449 772
449 868
450 508
450 606
450 909
451 619
452 804
452 869
453 706
454 692
462 507
462 704
462 754
462 865
463 791
464 533
464 785
464 834
465 549
467 779
467 886
468 490
473 549
473 889
474 638
476 783
479 572
479 592
480 778
482 581
482 680
482 797
482 804
482 890
484 529
485 694
486 519
486 892
487 520
490 538
491 775
492 569
493 495
493 724
495 509
495 788
499 521
504 510
505 517
505 782
506 866
506 874
508 521
508 906
510 549
510 715
512 600
514 686
514 818
515 739
516 711
517 756
519 607
519 868
522 900
524 629
528 737
529 630
530 664
531 833
532 656
533 722
534 861
536 646
539 728
544 893
547 663
547 881
548 833
552 667
553 850
558 752
558 802
559 737
560 571
561 814
563 878
565 674
568 748
571 735
573 654
573 763
574 651
575 770
581 602
581 752
581 799
582 733
583 716
586 837
590 645
595 893
597 610
600 602
600 896
601 656
601 747
604 617
605 613
605 694
606 635
608 894
609 767
610 836
610 848
614 674
615 774
617 778
618 901
618 909
620 883
622 702
623 858
625 698
625 735
626 861
628 655
628 795
629 656
630 749
633 799
633 837
636 711
641 838
645 727
651 853
656 710
657 663
660 699
665 896
668 904
670 820
671 857
674 725
674 846
674 859
674 901
677 814
680 784
685 864
688 888
689 868
691 870
693 784
698 885
700 883
701 727
711 792
714 863
715 887
716 896
718 755
722 822
727 756
731 777
732 761
734 844
734 868
734 870
736 859
744 766
745 816
750 868
757 837
763 778
764 802
766 855
776 820
786 800
788 894
796 818
810 821
814 852
819 833
824 906
833 873
839 844
844 886
862 909
