900 1188
0 129
0 383
0 483
0 531
0 559
0 863
1 375
1 502
2 331
2 544
3 481
4 296
4 457
5 410
5 434
5 714
6 160
6 177
7 111
7 298
7 759
8 356
8 452
8 457
8 823
8 836
9 538
9 742
10 169
10 385
10 588
10 880
11 683
11 721
12 52
13 346
13 654
14 141
14 316
14 398
14 427
15 857
16 124
16 252
16 481
16 703
17 18
17 306
17 830
18 110
18 270
18 371
18 565
18 605
18 799
18 848
19 560
19 716
20 81
20 220
20 800
21 148
21 440
21 867
22 604
23 203
23 741
24 228
24 428
24 896
25 794
26 454
26 700
27 466
27 615
28 50
29 157
29 357
29 647
29 804
29 808
30 150
30 394
31 587
32 422
32 496
32 534
33 182
33 320
34 217
34 293
34 576
34 785
34 872
35 553
35 747
36 817
37 113
37 891
38 69
38 580
39 409
40 377
40 782
41 270
42 180
42 711
42 732
43 372
44 230
45 425
47 370
47 434
48 510
49 52
49 98
49 258
49 264
49 823
50 882
51 344
51 356
51 399
51 480
51 804
51 864
51 892
52 518
52 620
53 718
53 808
54 530
54 577
54 670
54 742
54 862
55 401
55 472
55 510
56 117
56 844
57 166
57 378
57 505
57 651
57 814
57 844
58 176
58 245
58 344
58 456
58 471
59 358
59 396
59 429
59 586
60 606
60 801
61 435
62 424
63 506
63 531
64 158
64 364
64 375
64 635
64 828
64 883
65 510
66 138
66 311
66 321
66 339
66 480
66 553
67 323
67 796
68 140
68 654
68 876
69 141
70 484
70 587
70 799
71 340
71 852
72 107
72 645
72 721
72 778
73 247
73 314
73 551
74 393
74 758
75 277
75 748
75 781
76 114
76 483
76 618
77 202
77 454
77 834
78 164
78 500
78 612
79 505
79 621
79 890
80 87
81 396
81 486
81 654
81 657
81 714
82 722
82 761
82 837
83 489
83 658
84 545
84 708
85 553
85 721
86 728
86 889
87 183
87 364
87 409
87 561
88 161
88 167
88 387
88 842
89 138
89 346
90 460
90 725
91 113
91 188
91 572
92 307
92 439
92 629
92 885
93 818
94 339
94 693
95 122
95 348
95 365
97 120
97 762
98 125
99 704
100 177
101 176
101 584
102 235
102 341
103 298
105 259
106 415
107 259
107 441
107 529
107 846
108 804
109 520
109 573
110 332
110 427
111 344
111 355
111 699
111 734
112 127
112 556
112 755
113 357
113 792
113 833
114 301
114 655
115 341
117 261
117 660
118 161
118 394
118 567
118 770
118 816
119 283
119 692
119 894
120 388
121 320
121 387
121 460
121 793
122 505
122 708
123 193
123 674
124 256
124 774
125 594
126 295
126 327
126 367
126 601
127 457
128 673
129 249
129 723
130 142
130 642
131 352
131 717
132 249
132 534
132 569
132 782
134 140
134 396
134 446
134 526
134 539
135 148
135 211
135 263
135 460
135 704
135 815
136 470
137 276
137 342
137 889
138 351
138 623
138 854
139 304
139 634
139 817
139 828
139 880
140 395
140 490
141 369
142 519
142 524
142 543
142 748
142 892
143 272
143 414
143 474
143 773
144 303
145 209
146 683
147 213
147 216
148 492
148 592
149 151
149 360
149 413
149 415
149 454
149 829
150 496
150 571
150 790
151 547
151 576
153 444
153 509
154 173
155 263
155 414
155 584
155 641
156 854
158 317
158 405
158 673
159 407
160 236
160 253
161 290
161 334
161 342
161 668
162 183
162 337
162 570
162 575
163 267
163 777
163 799
163 890
164 483
164 771
166 336
167 523
168 503
168 698
169 254
169 264
169 334
169 410
169 612
170 286
170 537
170 569
171 429
171 628
172 487
172 822
174 533
175 694
176 469
176 632
177 267
177 293
177 685
178 260
178 297
179 377
180 619
180 693
180 802
181 395
181 650
181 668
181 743
181 757
181 808
182 487
182 662
182 725
183 390
183 572
183 576
183 845
185 375
186 246
186 298
186 313
186 453
186 508
186 517
186 802
187 322
187 753
187 879
188 256
188 826
189 283
189 674
189 690
189 691
190 429
190 436
190 639
190 846
192 242
192 395
192 516
193 455
193 818
193 826
194 268
194 749
194 859
195 499
195 499
196 215
196 470
197 200
197 226
197 393
197 500
197 583
198 206
199 311
199 724
200 542
200 850
200 854
201 837
202 257
202 544
202 780
202 817
203 846
204 587
204 630
204 733
204 751
205 830
206 228
206 285
206 773
206 866
207 446
208 400
208 594
208 835
209 548
209 692
210 386
210 551
210 607
210 889
211 294
211 426
211 484
211 869
212 590
212 886
213 357
213 614
213 858
214 614
214 665
215 319
215 635
216 686
217 295
218 443
219 488
219 761
220 616
221 582
221 857
222 620
223 246
223 347
224 710
225 298
225 492
225 757
225 838
225 884
226 290
226 320
226 534
226 830
227 406
228 350
228 569
228 710
228 739
229 560
230 322
230 651
230 829
231 262
232 458
232 489
232 612
233 263
233 320
233 597
234 640
235 246
235 252
235 341
235 692
236 455
236 533
236 658
236 876
237 353
239 562
239 846
240 276
241 812
242 725
243 538
243 754
244 630
244 640
245 514
246 337
247 872
248 594
248 661
249 398
250 254
250 642
250 783
251 535
251 725
252 565
253 357
253 443
253 458
253 715
253 833
253 884
254 269
254 328
254 489
258 325
258 874
259 588
259 851
261 760
262 525
262 600
262 728
263 266
263 560
263 647
263 753
263 761
264 638
265 439
265 686
267 319
267 864
268 895
269 310
269 871
269 897
270 561
271 314
271 799
273 589
274 796
274 844
275 323
275 782
276 541
276 891
277 301
277 766
277 899
278 447
279 291
279 802
281 494
281 546
282 623
282 735
282 740
284 441
284 471
284 495
284 770
285 306
286 385
286 428
289 656
290 405
291 663
292 744
293 342
293 819
294 761
294 803
295 732
296 867
297 367
297 453
297 532
297 785
297 828
298 495
298 834
298 890
299 397
299 405
299 551
300 545
301 773
304 390
304 605
304 842
305 560
305 690
306 541
306 615
307 417
307 667
308 830
309 381
309 454
310 544
312 459
313 362
315 717
316 502
316 539
317 594
318 621
319 671
320 510
320 649
320 763
321 359
322 499
322 694
325 682
326 383
326 450
326 460
326 484
326 553
326 667
327 428
327 595
327 678
328 412
328 466
328 576
328 610
329 456
329 511
330 458
330 496
330 740
330 773
331 553
331 584
331 713
331 809
331 851
333 437
333 495
333 524
333 743
335 746
337 365
338 757
338 869
339 387
339 469
339 878
340 896
341 448
342 386
342 851
343 472
345 469
345 681
347 692
348 544
350 769
350 800
350 829
351 549
351 549
352 799
352 817
354 435
355 523
355 647
357 436
357 897
359 769
359 789
359 834
360 836
361 603
361 747
362 472
362 808
363 539
363 737
364 423
365 386
365 509
366 742
367 639
367 694
367 789
367 800
368 486
369 418
370 438
370 815
371 604
372 391
372 447
372 875
373 557
374 626
375 579
375 691
375 781
376 387
377 495
377 800
378 428
378 607
378 829
379 583
379 755
379 834
380 408
380 455
380 671
381 534
382 638
383 677
383 686
384 826
386 398
387 402
387 422
387 515
389 591
389 604
389 690
395 410
395 671
396 507
396 786
396 816
397 820
399 546
399 633
400 546
401 703
402 528
402 555
403 862
404 407
404 811
405 682
405 870
406 685
407 679
408 890
409 580
411 800
412 467
412 579
413 601
414 535
414 733
415 760
415 766
415 887
416 760
416 886
417 812
423 761
423 787
424 550
424 582
424 857
425 500
425 588
425 602
425 688
426 538
426 569
426 714
427 548
427 550
429 671
430 695
430 785
431 487
432 604
432 657
433 793
434 619
434 857
435 574
435 693
436 569
437 628
437 659
437 773
438 506
438 732
440 737
441 653
442 839
442 872
443 444
443 507
443 835
444 454
445 601
447 595
447 689
447 824
448 897
449 489
451 562
452 616
452 671
452 856
454 566
455 543
456 587
457 532
458 490
458 524
458 564
459 803
460 633
461 556
461 854
462 886
463 506
463 675
464 517
464 539
465 501
465 526
465 611
465 747
465 751
467 686
468 831
469 608
469 634
469 700
469 738
469 825
469 829
471 738
472 527
473 654
474 745
474 750
476 871
479 520
479 858
480 606
480 880
481 889
482 544
484 542
485 657
487 503
488 894
489 720
490 551
493 741
494 794
495 539
495 753
498 827
500 812
502 587
502 881
503 755
504 582
505 527
505 604
506 510
510 562
510 836
511 640
512 707
513 653
513 856
513 892
516 761
517 761
518 538
518 560
518 583
519 559
519 624
521 792
522 835
522 859
522 859
523 550
523 559
523 886
524 739
524 823
525 691
525 736
525 796
526 537
526 690
527 850
528 857
528 861
531 543
531 702
531 721
531 748
533 584
533 763
534 603
534 749
535 547
535 560
535 593
535 775
535 817
536 606
536 742
536 804
537 621
538 671
538 766
539 596
539 651
539 802
539 870
540 803
541 638
541 725
542 762
543 780
543 837
544 689
544 846
546 549
548 772
550 792
550 825
550 852
550 854
552 809
553 652
554 733
555 759
557 621
558 693
558 839
559 662
560 603
560 688
565 778
566 746
568 589
569 828
574 611
574 791
574 844
577 609
577 711
580 824
581 814
582 621
582 628
582 711
582 890
583 713
584 757
586 812
586 851
588 724
588 828
589 640
592 782
593 722
593 831
593 839
594 726
596 633
596 812
596 884
597 716
598 760
598 760
599 749
600 778
600 884
602 710
605 850
605 876
607 647
607 758
608 893
609 657
610 733
612 879
613 705
614 668
616 841
617 813
618 696
621 847
623 737
625 640
626 632
626 840
632 803
632 840
633 842
633 848
633 885
633 887
635 734
639 684
639 698
639 831
642 880
647 738
648 685
648 711
649 737
654 786
654 894
656 790
656 868
657 888
659 858
660 865
663 729
663 798
663 849
666 763
668 702
668 716
668 823
670 694
670 699
671 861
671 863
672 804
673 714
673 764
674 707
676 813
679 750
680 820
681 756
683 725
683 751
688 808
690 825
690 876
691 692
697 846
698 786
699 810
704 854
706 761
709 712
715 886
716 883
717 899
720 728
720 780
728 889
730 898
731 793
740 778
740 856
742 790
742 881
743 779
746 841
749 756
750 831
754 890
758 768
759 763
760 763
763 869
766 793
773 855
776 809
777 899
782 881
785 829
790 861
790 884
794 899
796 828
798 815
804 856
817 866
823 890
824 856
832 886
833 890
844 896
852 857
869 895
