96 129
0 54
0 57
1 9
1 26
1 33
2 30
3 13
3 24
4 38
4 63
4 69
4 80
4 91
4 92
5 10
5 76
6 26
6 65
7 62
9 17
9 56
9 59
10 12
11 74
11 76
11 80
11 81
12 52
12 91
13 45
14 74
15 34
15 57
15 80
16 40
16 59
18 42
18 71
19 53
20 41
20 85
21 58
21 78
21 82
23 26
23 45
24 60
24 82
24 91
25 26
25 35
26 37
27 35
27 48
27 51
27 83
28 34
28 59
28 59
28 60
28 74
28 89
29 45
29 68
29 91
30 35
30 39
30 72
30 90
32 57
33 62
33 90
34 37
35 63
35 77
36 44
38 69
39 40
39 80
40 59
40 88
40 90
41 64
41 72
41 94
44 46
44 74
44 84
46 66
47 66
47 94
48 68
49 68
49 69
50 59
50 92
51 59
51 79
52 68
52 80
53 71
56 62
56 72
58 59
58 74
59 82
60 65
60 79
61 73
62 73
62 75
63 78
63 92
67 69
69 83
74 87
74 92
75 76
75 85
75 92
79 86
79 87
80 85
81 85
83 84
83 84
83 86
84 86
84 92
