967 1189
1 72
1 827
1 870
2 18
2 130
2 510
2 779
3 623
4 29
4 165
4 213
4 291
4 350
4 724
4 768
5 510
5 701
6 415
6 416
6 519
7 365
7 462
7 466
7 473
8 85
8 147
8 410
8 738
8 867
9 286
10 216
10 452
10 495
10 565
10 743
10 951
11 291
11 617
12 109
12 279
13 268
13 721
14 183
14 355
14 382
14 382
15 134
15 874
16 454
17 363
17 738
17 862
18 779
19 204
19 308
19 321
19 715
20 38
20 176
20 190
20 391
20 879
21 300
21 434
22 46
22 275
22 613
22 795
22 860
22 946
24 49
24 853
25 51
25 833
26 794
26 836
27 55
27 637
28 531
28 532
29 409
29 738
30 283
31 146
31 305
31 342
31 367
32 113
32 668
32 734
32 742
33 255
33 478
34 323
34 349
34 541
35 194
35 353
35 859
35 919
36 223
37 366
37 525
38 103
38 782
39 79
39 256
40 231
40 511
41 256
42 206
42 256
42 553
42 617
42 624
43 306
45 523
46 257
46 441
46 756
47 122
47 828
48 437
49 210
49 286
49 350
49 885
50 192
50 513
50 570
50 749
50 908
51 425
52 328
52 537
54 146
55 361
55 465
55 676
56 316
56 555
57 127
57 340
57 433
57 816
57 908
57 956
58 224
58 307
58 318
58 839
59 255
59 826
60 155
60 322
60 469
60 650
62 290
63 224
63 372
63 566
64 479
64 936
65 819
66 112
66 173
66 427
66 514
67 154
67 313
67 335
67 534
67 612
68 624
69 124
69 605
69 798
69 947
70 534
70 962
71 241
71 428
71 784
71 858
72 287
72 487
72 495
72 605
72 728
73 908
74 442
75 234
75 303
76 221
76 326
77 898
78 84
78 416
79 313
80 524
81 599
81 849
82 613
82 637
82 755
83 537
83 875
84 416
84 759
85 884
86 330
87 257
87 363
88 238
88 306
88 537
88 733
91 155
91 347
91 728
91 834
92 549
92 598
93 240
93 942
94 277
94 324
95 928
96 183
96 193
96 546
96 643
96 722
96 777
96 796
96 885
97 98
97 674
97 715
97 783
97 860
98 230
98 497
98 734
99 605
99 832
99 888
100 228
100 558
100 706
101 556
102 255
102 416
102 699
102 928
103 250
103 484
103 698
104 396
104 807
105 314
106 337
106 714
106 823
107 159
107 178
107 183
107 237
107 325
107 393
107 937
108 300
108 772
108 892
109 637
109 929
110 150
110 525
110 966
111 409
111 610
111 869
111 883
112 250
112 732
114 136
114 679
114 728
116 573
116 962
117 140
117 535
118 905
118 950
119 196
120 392
120 838
121 689
121 787
121 845
122 313
122 383
122 545
122 907
122 943
123 443
123 484
123 704
124 324
124 348
124 420
124 802
125 241
125 553
125 587
126 237
126 365
126 370
126 712
127 184
127 740
128 146
128 880
129 756
129 833
130 337
130 810
131 160
131 314
131 329
132 316
132 514
133 187
133 468
134 302
135 226
135 293
136 733
137 166
138 624
138 789
138 922
139 425
140 687
141 216
141 472
141 762
142 330
143 513
144 206
144 314
144 569
144 763
144 817
144 851
146 246
146 518
147 260
148 612
148 807
149 835
150 373
150 411
150 746
152 347
152 462
152 894
153 411
153 478
153 673
153 768
153 957
154 397
154 400
154 565
155 710
155 861
156 293
156 585
157 253
157 326
157 413
157 918
158 172
158 566
159 411
159 424
160 453
160 591
160 733
161 506
161 662
162 428
162 610
162 879
163 218
163 259
165 646
165 758
166 190
166 326
166 525
166 879
166 924
167 472
167 546
167 633
168 474
168 823
169 507
169 592
169 954
170 637
170 651
170 856
171 782
171 856
172 512
172 538
173 176
173 714
173 741
173 879
174 483
176 666
177 416
177 454
177 561
178 707
178 797
178 892
179 709
179 834
180 839
181 229
181 349
181 474
182 684
183 798
184 346
184 494
186 426
186 946
187 494
187 895
188 350
188 677
189 592
189 749
189 831
190 285
190 524
190 742
190 822
191 261
191 351
192 222
192 688
195 534
195 636
195 880
196 681
197 240
197 354
197 568
197 818
198 446
198 819
199 320
199 838
200 246
200 521
201 618
201 861
202 852
203 633
206 265
206 314
206 454
206 682
207 436
207 688
207 842
207 938
208 780
209 480
209 761
210 444
210 881
210 952
211 639
211 731
212 826
213 314
213 764
213 772
214 395
214 501
215 235
215 335
216 649
216 896
217 540
217 917
217 934
218 379
218 522
219 928
220 343
221 328
221 412
221 691
221 712
223 373
224 818
225 537
226 394
227 546
227 641
227 804
227 822
229 472
229 493
229 769
230 328
230 574
231 932
232 317
232 771
232 925
233 552
233 941
234 290
234 784
235 547
237 725
237 824
238 362
238 792
239 246
239 700
239 965
240 567
241 256
241 289
241 401
241 768
241 886
242 368
243 775
244 254
244 316
244 435
245 696
245 719
246 700
247 481
247 569
247 680
248 837
249 337
249 628
250 750
252 296
252 373
252 811
252 914
254 264
254 543
255 509
256 342
256 681
256 726
256 763
257 612
258 264
259 775
259 818
260 760
261 265
262 822
264 280
264 408
265 713
265 937
266 464
266 662
266 952
267 304
267 715
267 866
268 863
270 606
270 686
270 909
270 923
273 513
273 621
273 651
273 835
274 594
275 480
275 949
275 963
276 456
277 742
279 327
280 308
280 346
280 560
282 420
282 785
283 643
284 609
285 419
286 794
287 706
288 651
289 416
289 475
289 729
290 302
290 760
291 773
291 901
293 466
293 570
293 773
294 405
294 559
294 722
295 669
295 911
296 572
296 631
296 740
297 415
297 728
297 879
299 354
299 614
299 658
300 405
300 643
300 934
301 319
301 508
301 613
301 956
302 477
302 889
304 484
304 518
304 744
305 697
305 852
306 494
307 755
307 768
308 391
309 614
310 491
310 588
310 780
310 800
311 647
311 915
312 644
313 649
313 818
314 490
316 940
317 750
317 921
318 331
318 452
318 466
319 453
320 573
320 645
320 951
321 549
321 835
322 384
323 337
323 718
324 472
325 503
326 366
326 779
327 365
327 948
328 738
329 450
329 633
329 864
329 864
330 830
330 949
331 772
331 953
332 405
332 418
333 678
333 818
333 825
334 608
334 745
335 790
335 830
335 906
337 705
337 786
338 674
339 669
339 905
340 717
341 442
342 740
342 752
343 601
343 693
344 353
346 509
346 872
347 403
347 829
349 740
350 605
350 831
350 936
351 867
352 807
352 930
353 588
353 646
354 434
357 393
357 663
358 412
358 843
359 892
360 382
360 954
362 566
362 691
362 747
362 956
363 669
363 861
364 536
364 601
365 446
368 766
368 877
368 889
369 734
369 743
369 870
369 883
370 815
370 819
371 532
371 851
372 453
372 808
372 830
373 565
373 611
374 509
374 632
374 924
375 421
375 741
376 527
376 796
380 922
381 479
381 515
381 685
381 765
381 855
381 872
381 881
384 489
384 665
385 493
385 676
386 659
386 891
386 921
388 421
389 890
390 398
392 807
393 714
394 417
396 733
397 488
399 696
400 515
400 785
400 945
401 413
401 643
403 841
403 959
404 922
406 421
406 923
408 809
409 578
410 721
410 766
411 693
412 443
412 584
412 864
413 670
413 799
413 883
413 930
414 552
414 843
414 851
416 812
418 534
418 538
418 544
418 681
418 783
421 727
423 653
423 709
424 650
424 742
425 916
427 429
427 574
428 948
429 449
429 755
431 576
431 929
432 576
433 710
433 771
435 899
435 904
436 728
438 569
438 587
438 729
439 607
440 554
441 510
443 714
445 629
446 661
446 818
447 849
453 531
454 827
455 496
455 784
455 860
455 889
457 749
458 522
458 627
458 864
459 843
459 889
460 482
461 788
462 515
462 858
463 566
464 680
465 803
465 887
466 534
466 953
468 733
468 762
469 477
469 551
469 911
471 597
473 657
475 856
476 825
476 834
476 866
477 944
478 606
478 918
480 785
482 708
483 855
483 949
484 565
485 680
485 767
487 688
488 764
489 810
489 882
490 622
490 772
491 577
493 586
493 836
493 965
494 515
495 611
495 816
496 514
496 702
498 582
498 586
498 712
499 597
499 817
500 758
501 624
503 886
507 574
507 952
510 684
513 549
514 622
514 629
514 659
514 698
517 688
517 898
522 719
523 579
523 887
524 726
525 668
525 899
526 801
527 558
527 664
527 856
528 563
529 825
529 890
530 729
530 762
532 867
533 740
536 809
536 944
536 950
537 545
537 725
539 751
539 958
541 684
542 740
542 776
543 571
543 911
544 670
544 748
545 692
546 564
546 680
547 786
548 721
548 814
548 818
548 882
548 924
549 775
550 913
551 594
552 611
552 870
553 590
553 662
554 716
555 756
557 733
557 910
561 651
563 590
563 655
563 876
563 925
564 802
565 610
565 645
565 724
566 841
566 846
566 921
569 579
571 670
571 751
577 585
578 711
583 899
583 904
583 928
584 641
587 761
589 622
590 863
590 919
592 752
593 675
593 888
594 604
594 873
595 794
596 606
597 744
599 672
600 633
600 926
603 634
605 941
606 705
607 902
608 656
612 747
612 959
613 884
617 644
617 882
617 947
618 683
619 702
619 871
619 962
620 670
621 797
622 645
622 906
623 640
623 897
625 635
626 919
627 641
627 934
628 863
629 864
631 712
632 853
635 956
637 851
638 693
639 914
642 684
646 846
649 955
650 826
650 831
652 698
653 838
654 831
655 662
655 771
660 820
661 682
663 832
664 888
664 905
664 914
666 707
667 797
668 707
670 834
672 715
672 966
675 951
676 868
680 838
682 752
683 841
686 698
686 704
687 916
688 715
688 718
691 877
692 753
692 780
693 751
697 851
697 853
697 952
698 805
702 931
703 923
704 746
704 801
705 789
706 951
707 909
712 747
712 900
715 745
715 814
718 810
719 949
722 859
723 803
723 934
724 963
730 886
731 927
732 916
733 917
736 957
738 935
738 950
739 759
742 921
743 842
751 951
753 924
754 847
755 785
755 852
755 891
757 847
758 790
770 811
775 778
776 926
777 780
779 897
783 921
784 800
788 883
788 949
791 896
793 864
794 838
794 880
796 959
797 812
803 883
803 923
804 895
805 872
807 960
808 909
810 817
811 894
812 880
816 938
818 860
819 939
819 949
823 824
825 886
825 948
826 867
828 854
829 897
842 883
843 884
849 907
850 947
852 916
858 880
861 928
869 954
874 911
879 889
880 946
881 955
884 902
890 893
890 952
892 916
894 895
913 916
922 937
925 939
929 955
941 945
949 963
