938 1247
0 51
0 273
0 338
0 859
0 905
1 32
1 56
1 173
1 303
2 273
2 326
3 154
3 377
3 798
4 482
5 186
5 606
5 674
5 824
6 891
7 106
7 447
7 598
7 761
8 65
8 757
8 840
9 230
9 256
9 682
9 888
10 279
10 373
10 931
11 566
12 67
12 343
12 592
13 659
14 315
14 900
15 164
16 364
16 440
16 594
17 344
18 339
18 843
19 466
19 650
19 673
19 684
19 915
20 43
20 598
20 684
20 705
21 193
21 456
22 50
22 217
22 259
22 383
22 427
22 871
23 265
23 402
23 685
23 800
23 802
24 276
24 376
24 519
24 710
24 841
25 406
25 692
25 861
26 537
26 552
27 677
27 749
28 361
28 426
28 554
29 349
30 135
30 221
30 318
30 714
31 419
32 33
32 478
32 756
32 904
34 108
34 615
35 393
35 544
37 255
37 381
37 925
38 523
38 673
38 716
38 838
39 62
39 780
41 225
41 285
41 393
41 626
41 871
42 90
42 154
42 246
42 611
42 652
43 175
43 890
44 385
44 663
44 726
44 863
44 869
45 142
45 505
46 318
46 631
47 83
47 384
47 502
47 681
48 575
49 397
49 708
49 771
50 116
50 335
50 713
50 825
51 317
51 523
52 368
52 472
52 526
52 840
52 842
53 161
53 467
53 849
54 151
54 198
55 388
55 528
55 922
56 486
56 923
57 220
57 239
57 530
57 642
57 887
58 228
58 426
58 578
59 314
59 593
59 780
59 920
60 527
60 702
61 825
62 371
63 478
64 72
64 262
64 865
64 885
64 906
64 910
66 103
66 124
66 178
66 394
66 655
67 520
68 143
68 610
69 697
70 155
70 364
70 841
71 228
72 77
72 684
72 870
73 260
73 871
74 134
76 714
77 101
77 186
77 475
78 137
79 462
79 518
80 108
80 128
80 147
80 271
80 514
81 197
81 249
81 609
81 796
81 801
81 832
81 890
82 249
82 473
82 623
83 109
83 584
84 301
84 623
84 740
84 903
85 283
85 427
86 516
87 740
87 778
88 105
88 578
89 499
89 905
90 95
91 154
91 639
91 806
91 825
91 881
92 518
93 177
93 735
94 101
94 894
94 921
96 538
96 915
98 134
99 151
99 278
99 654
99 727
99 908
100 839
101 519
101 661
101 860
102 319
103 266
103 643
104 456
104 638
104 830
105 241
105 923
107 539
109 661
109 781
110 279
110 572
110 615
111 201
111 636
111 674
111 700
111 703
111 842
111 914
112 700
112 771
113 174
114 415
115 572
117 265
117 399
118 176
119 597
119 776
119 839
120 486
120 618
121 598
121 688
122 444
122 530
123 130
123 428
123 503
123 849
125 806
126 210
127 150
127 503
127 701
127 702
128 523
128 819
128 911
129 326
129 490
129 558
129 628
129 760
130 449
130 550
130 739
131 882
132 186
132 196
132 200
133 420
133 783
133 861
134 626
135 541
135 778
135 830
135 936
136 248
136 310
136 770
137 560
137 907
139 201
139 432
139 761
140 659
140 902
141 414
141 609
141 620
141 821
142 443
142 507
142 535
143 280
143 470
143 843
144 211
144 509
144 529
144 820
145 164
145 373
145 521
146 344
148 183
148 198
149 495
149 497
149 827
150 507
152 546
153 361
153 600
153 648
154 335
154 552
155 194
155 464
156 248
156 487
156 689
156 706
156 736
156 788
156 905
157 172
157 229
157 352
158 467
159 770
160 806
160 928
161 633
162 594
162 794
162 915
163 501
164 245
165 537
166 260
166 281
166 554
168 572
168 747
169 247
169 564
169 850
171 196
172 258
172 857
175 475
175 848
176 211
176 611
177 215
177 447
178 239
179 482
180 701
181 465
181 756
182 407
183 286
184 350
184 436
184 582
185 615
186 895
188 414
189 237
189 585
189 586
189 600
189 901
189 931
190 501
191 225
191 248
191 268
191 301
191 454
192 310
192 374
192 835
192 876
193 216
193 544
193 654
194 289
194 377
194 784
195 231
195 545
195 656
195 835
196 530
196 593
197 674
197 905
198 220
198 537
198 667
198 700
200 229
200 352
200 385
200 826
200 889
201 764
201 866
202 239
202 376
202 454
202 828
202 853
203 516
203 717
204 245
204 266
204 435
205 266
205 339
205 368
205 682
207 548
208 291
208 397
208 586
208 687
208 691
209 289
209 654
209 931
210 790
211 787
211 801
212 479
212 612
212 739
212 743
213 273
213 536
213 554
213 643
213 643
213 647
213 777
213 803
213 891
214 714
215 327
215 392
215 638
215 851
215 866
216 545
219 349
219 508
219 752
220 244
220 271
220 327
224 598
224 657
225 888
226 524
227 888
228 268
228 283
229 815
230 442
231 269
232 239
232 583
232 607
233 544
233 576
233 823
233 930
234 657
235 304
235 724
236 399
236 853
238 527
238 830
238 834
238 845
240 449
240 578
241 881
242 683
242 705
242 718
242 836
243 428
243 579
243 754
244 369
244 866
245 446
246 311
247 406
247 443
247 749
248 554
248 709
249 908
250 663
251 430
252 916
253 373
253 442
253 695
253 752
253 822
254 697
254 765
254 818
255 434
255 458
255 471
255 767
255 810
256 706
257 672
259 296
259 928
260 614
260 742
261 451
261 585
262 744
262 795
263 372
263 718
263 751
264 313
264 617
265 466
265 558
265 660
265 697
265 768
265 774
266 400
266 724
267 428
267 663
267 793
267 901
268 688
268 699
269 658
269 678
270 386
270 468
270 674
271 272
271 302
271 616
271 779
272 497
273 328
273 376
273 412
273 419
274 696
275 288
275 797
275 914
276 698
277 726
277 851
278 389
279 354
279 363
279 603
282 315
282 786
282 858
283 491
283 553
284 373
284 605
284 820
285 290
285 840
286 378
286 641
286 764
287 534
287 905
289 465
289 702
289 792
289 830
290 394
290 399
291 313
291 790
292 467
292 687
293 371
295 490
295 778
295 810
296 425
296 632
297 664
297 675
297 679
297 761
298 886
299 320
299 472
300 906
301 375
301 560
301 732
302 557
302 681
303 804
304 548
304 656
304 775
305 507
307 413
307 849
308 410
308 532
309 857
310 480
310 611
310 676
310 728
310 877
311 462
311 570
312 489
312 844
312 916
313 462
313 518
313 823
313 919
315 440
316 614
317 721
318 409
318 582
318 722
319 521
321 569
322 881
322 930
324 534
324 622
325 501
325 574
327 521
327 900
328 433
328 493
328 789
328 817
328 869
329 585
330 358
331 368
331 371
331 430
331 641
331 651
331 747
332 336
332 538
333 397
333 876
333 929
334 548
334 586
335 660
336 918
337 707
338 524
339 407
341 664
341 676
341 768
343 775
343 900
344 371
344 482
344 617
345 480
345 587
346 743
347 589
347 615
349 395
349 504
349 566
351 463
352 858
353 547
354 867
355 404
355 916
356 480
356 745
356 784
356 881
357 533
357 711
358 776
359 470
359 529
359 531
360 390
360 521
360 575
360 715
361 386
362 529
363 861
364 770
365 475
365 771
366 833
367 860
368 599
368 796
369 925
370 788
370 868
370 877
371 478
371 607
371 607
371 709
372 394
373 576
373 719
373 836
373 883
374 391
375 823
376 591
378 448
378 538
378 775
379 773
380 463
380 475
380 706
381 382
382 419
382 454
382 637
382 830
382 927
383 825
385 480
387 837
388 786
389 656
389 814
390 436
390 724
391 703
391 725
392 766
393 875
394 771
396 444
396 815
398 740
399 575
399 895
400 611
401 475
403 665
403 779
406 453
406 898
406 932
407 442
407 610
407 629
408 410
410 467
410 661
410 670
410 724
410 885
411 629
412 447
413 768
414 431
415 474
416 449
416 758
417 453
417 569
417 679
417 927
418 576
418 778
418 807
421 860
422 840
422 936
423 430
423 450
423 554
423 807
423 836
424 680
425 531
425 549
427 786
428 574
428 611
428 619
428 768
429 814
430 479
430 509
430 711
431 510
431 532
431 613
432 792
432 823
432 876
432 913
433 453
433 535
433 554
433 691
433 707
435 591
437 666
438 439
438 547
440 638
440 876
442 446
442 510
442 766
443 594
443 669
443 786
443 872
444 688
445 827
447 497
447 935
448 495
448 580
448 599
448 910
450 720
451 527
451 612
451 903
451 937
452 592
452 833
454 785
454 880
456 464
457 570
457 853
458 889
459 777
461 591
461 715
461 755
462 795
463 475
463 665
463 876
464 602
465 748
465 754
466 708
467 600
468 471
468 704
468 743
469 549
470 745
471 849
472 768
472 895
474 580
474 623
474 649
475 536
477 537
477 597
478 654
478 671
479 502
479 597
479 937
480 816
485 524
485 650
485 761
486 515
486 541
487 495
489 538
489 729
490 924
492 688
493 585
493 897
495 900
496 556
498 777
498 822
499 678
500 834
501 561
501 877
502 659
502 792
503 766
503 807
503 917
504 749
504 854
505 506
507 545
508 790
509 523
509 528
509 562
513 698
513 709
513 851
514 646
515 615
517 557
519 520
519 647
519 909
520 612
520 789
520 875
521 701
521 922
522 706
522 778
524 663
525 852
526 598
526 936
528 661
528 893
530 767
530 883
532 646
535 663
536 627
537 552
539 883
540 689
540 805
543 729
544 592
544 661
544 781
544 929
546 592
547 805
548 788
549 557
549 565
549 736
549 753
549 765
550 682
552 571
552 926
553 652
554 556
555 930
561 602
561 702
561 784
561 796
562 757
563 738
564 719
570 736
570 827
571 590
571 920
573 665
574 882
575 801
576 598
576 801
579 692
580 733
582 749
582 853
584 718
584 857
585 832
587 645
595 779
597 769
597 889
598 826
598 862
599 703
599 716
599 782
599 835
600 893
602 730
604 659
604 685
604 830
605 699
605 786
607 935
608 883
610 926
611 913
614 666
615 687
615 810
616 688
617 852
619 714
620 735
622 653
624 755
624 921
625 738
625 886
627 768
627 876
627 937
629 632
630 823
632 664
632 913
633 712
636 724
637 658
639 714
639 753
639 845
640 848
643 645
643 765
643 918
644 895
646 749
647 711
651 877
651 926
652 725
654 687
655 715
656 680
656 867
657 725
657 760
663 667
663 713
663 777
664 691
664 918
664 922
665 744
665 858
665 877
667 689
667 893
668 882
668 923
671 714
671 798
671 828
673 707
684 698
685 750
685 884
689 697
690 894
694 702
694 718
694 744
694 861
694 923
695 866
696 751
696 759
697 714
703 762
705 761
705 903
707 891
707 906
708 918
714 787
718 857
719 875
720 910
721 889
724 772
724 787
725 823
727 821
727 879
728 873
729 783
729 815
730 857
733 835
736 809
739 836
740 744
740 933
741 865
743 808
747 863
753 881
754 936
755 890
758 821
759 768
760 819
765 888
769 934
770 919
771 824
771 903
773 780
773 892
778 812
784 871
784 896
785 875
786 840
789 909
793 907
796 860
797 837
801 875
801 877
802 909
802 926
803 902
805 808
809 913
811 814
822 914
832 894
834 888
837 935
842 930
844 871
845 851
845 894
846 896
848 873
851 928
852 909
856 917
856 919
857 859
859 879
859 902
865 878
873 927
877 918
892 926
895 919
897 935
900 934
904 929
