964 896
0 191
0 229
0 713
1 344
1 454
2 81
2 554
2 658
3 492
3 579
4 573
5 111
5 355
6 29
7 311
7 441
7 694
8 645
10 884
11 24
11 173
11 380
11 731
12 431
12 450
12 736
13 166
13 600
14 50
14 264
15 365
15 546
15 649
16 110
17 96
18 89
18 331
18 405
18 555
18 947
19 738
21 85
21 506
22 355
22 816
23 366
24 893
25 83
25 243
25 690
25 815
26 104
26 142
26 515
26 884
26 947
27 198
27 555
28 791
29 767
30 487
30 574
30 713
30 780
30 799
30 898
30 899
30 906
31 85
31 768
32 692
33 389
33 576
33 670
33 928
34 790
34 947
35 94
35 652
35 913
36 369
36 380
36 435
37 169
37 516
38 641
38 897
39 344
40 483
40 740
41 856
41 912
42 224
42 963
43 246
44 641
44 670
46 577
47 265
47 308
48 449
48 874
49 188
49 439
49 858
50 66
50 521
51 272
51 298
51 789
52 725
52 741
53 64
53 233
53 874
54 180
55 433
55 678
55 770
56 175
56 903
57 84
57 623
57 629
58 481
58 718
59 317
59 925
60 169
60 559
60 911
61 671
62 75
62 430
62 471
63 69
64 227
64 675
64 943
64 945
65 552
66 674
67 289
68 249
68 424
68 530
68 654
69 329
69 397
69 607
70 689
70 725
72 135
72 254
73 102
73 168
73 559
75 711
76 861
78 274
79 120
79 322
80 290
80 527
81 186
81 347
85 894
86 802
87 760
90 571
90 887
92 895
93 536
94 236
94 347
96 166
96 342
97 365
98 519
98 559
100 362
101 262
101 457
102 378
102 590
102 892
102 960
103 710
103 717
105 368
107 750
108 128
109 439
109 600
109 761
110 778
111 192
111 451
111 600
111 632
111 744
113 351
113 368
113 673
115 924
117 538
117 578
117 855
118 858
119 612
121 142
122 305
122 656
123 268
123 809
123 890
123 941
124 459
125 402
125 425
125 444
126 229
127 723
130 504
130 921
131 199
131 670
132 512
132 831
134 297
135 379
135 655
135 894
136 252
136 497
137 393
138 399
138 899
139 352
139 701
140 210
140 717
141 296
141 570
142 198
142 623
142 792
143 817
144 495
144 674
144 689
144 712
144 822
145 782
146 409
146 931
147 255
148 324
149 271
150 526
152 449
152 610
152 832
153 951
154 623
155 322
155 451
156 665
157 430
158 521
158 811
159 379
159 520
160 482
163 166
163 963
164 400
164 578
164 793
165 280
165 455
165 601
165 735
167 385
168 298
170 680
170 813
173 428
174 203
174 770
175 382
175 829
176 301
176 462
176 582
178 283
179 445
179 669
179 762
180 384
181 535
182 612
182 761
183 334
183 341
183 791
184 510
187 674
187 686
188 272
188 298
190 401
190 925
190 944
191 448
191 871
191 888
193 435
193 478
194 661
196 288
196 842
197 726
198 338
199 497
199 605
199 628
199 670
201 779
201 897
202 272
203 446
203 477
204 298
204 931
205 309
205 450
205 586
205 653
206 471
206 575
206 846
207 248
209 370
209 499
210 953
211 401
211 758
212 225
212 512
212 560
213 329
213 790
214 278
214 599
216 433
216 704
216 825
217 888
218 675
218 755
220 559
220 827
222 226
222 294
222 799
223 949
224 410
225 675
228 561
228 648
229 431
229 825
230 362
230 907
231 634
231 675
231 792
233 297
233 783
237 493
237 503
238 555
238 863
239 294
241 349
241 387
241 450
241 927
241 951
243 800
244 527
249 496
251 770
252 349
252 359
252 663
253 570
253 635
253 635
253 866
254 411
255 933
256 536
256 628
257 713
258 412
259 722
259 959
260 384
260 411
261 357
261 583
262 409
263 643
263 937
264 910
266 776
266 872
267 346
267 439
267 811
268 403
271 589
272 471
272 635
273 459
273 932
274 920
275 480
277 400
277 504
277 555
277 723
277 790
281 304
281 761
281 773
284 390
284 436
285 401
286 368
286 568
289 911
290 407
291 295
291 410
291 425
291 479
293 963
294 489
295 338
296 329
296 625
296 716
297 728
298 389
300 391
301 559
301 562
304 808
305 704
305 807
307 329
307 390
307 610
308 710
309 320
309 591
310 584
311 861
313 737
313 766
313 898
314 635
315 408
317 541
318 576
319 320
320 623
320 765
322 518
322 557
323 529
323 676
325 489
326 357
326 672
327 667
327 920
328 658
330 498
330 567
331 345
331 591
332 464
333 509
334 661
335 565
335 708
336 345
336 379
336 488
337 532
338 795
339 373
339 513
342 453
342 830
342 903
343 661
344 485
345 873
346 480
346 943
347 945
348 500
349 706
350 846
351 893
352 619
352 664
355 684
359 384
359 551
360 777
362 548
363 747
364 517
364 643
366 534
366 592
366 611
366 675
366 763
367 689
368 508
368 698
368 716
370 885
371 958
372 693
373 459
375 474
375 817
376 584
376 597
377 607
378 520
379 954
381 479
381 709
384 760
385 649
385 821
387 777
387 910
388 405
390 426
390 475
390 576
390 921
391 934
393 679
393 737
393 954
395 506
395 599
396 446
396 918
398 794
400 934
404 913
405 753
406 945
407 485
407 948
408 413
408 502
408 836
409 519
411 476
412 450
412 705
413 523
413 857
413 860
414 481
414 782
414 937
415 544
415 548
415 549
415 651
416 887
416 947
419 616
420 739
423 542
426 893
427 615
428 559
429 625
429 869
429 925
430 581
430 815
430 956
432 564
432 673
433 450
433 663
434 468
434 674
434 876
435 672
435 939
436 547
436 625
436 693
436 822
436 922
436 961
437 564
437 918
440 523
443 800
446 639
448 606
449 942
450 552
452 521
452 682
455 584
457 952
458 527
458 610
460 712
462 559
463 642
463 667
464 635
465 621
465 743
466 550
466 741
466 841
469 763
469 871
470 503
470 555
470 602
472 830
474 586
476 516
477 493
477 571
478 906
479 591
480 605
480 692
480 726
481 827
481 907
482 801
482 890
486 558
486 889
487 710
487 942
488 550
491 827
491 913
491 924
492 813
493 572
495 807
496 757
498 552
506 513
506 628
507 714
509 511
513 660
514 849
515 778
516 549
518 960
519 610
521 770
521 803
524 653
524 865
525 851
526 743
526 860
527 542
528 550
529 943
531 755
531 843
533 818
534 727
535 755
536 772
541 623
541 766
543 653
543 954
544 573
544 609
544 782
545 762
545 865
546 774
548 639
548 818
549 924
549 933
550 925
551 635
553 903
553 929
556 609
556 880
557 753
557 871
558 710
558 733
559 700
559 861
560 858
562 936
563 647
564 607
564 803
569 581
570 657
570 773
571 963
572 822
575 882
576 743
577 854
580 809
586 705
586 722
586 900
588 890
588 943
590 667
590 840
590 912
591 777
595 670
596 645
598 755
599 604
600 658
601 739
605 782
606 618
606 763
608 631
609 875
610 885
611 709
611 773
617 843
619 852
621 864
622 694
624 878
624 912
626 886
631 655
632 643
634 692
637 793
639 916
640 679
641 656
642 695
644 957
647 677
647 801
648 868
652 751
653 701
655 806
657 807
659 767
660 806
662 892
663 696
663 746
667 903
670 817
672 937
676 779
677 821
677 859
678 720
680 684
684 808
687 768
688 876
688 907
689 833
689 912
690 746
692 789
693 797
695 751
697 741
699 754
699 955
700 789
701 723
702 914
704 730
705 905
706 820
706 924
707 788
707 833
708 800
709 859
709 949
712 717
712 838
713 747
713 818
718 860
722 865
724 769
726 858
727 867
732 758
732 884
734 934
735 785
737 877
740 824
742 756
748 783
748 785
753 946
754 945
756 767
756 959
757 823
759 911
759 948
761 837
763 765
764 804
766 910
773 889
776 942
778 933
783 836
783 882
784 864
785 949
786 821
790 848
797 872
799 805
799 947
800 803
805 938
806 960
811 866
812 930
813 858
816 847
816 912
828 870
833 842
844 862
854 954
859 862
859 876
862 920
865 918
865 928
879 928
887 956
892 907
892 924
894 936
899 915
900 919
921 939
936 962
