944 1019
0 80
0 103
0 288
0 852
1 636
2 619
2 756
2 784
3 63
3 799
4 363
4 756
5 348
5 912
6 91
6 378
7 260
9 19
9 218
9 385
10 632
10 740
10 880
10 942
11 302
11 383
11 496
12 928
13 409
13 519
13 864
14 648
15 260
15 611
15 630
16 143
16 155
16 245
16 686
16 868
18 21
19 318
19 449
19 895
20 155
20 467
20 780
21 539
21 737
22 568
23 203
23 272
23 798
24 84
24 529
24 900
24 902
25 404
28 248
28 771
29 705
29 898
30 79
31 590
32 183
32 622
33 628
34 494
35 38
35 367
35 527
36 65
36 303
36 401
36 638
36 899
36 938
37 308
37 794
38 104
38 423
38 672
39 250
39 267
39 656
41 486
42 177
42 263
44 50
45 729
46 47
47 48
47 323
47 565
47 926
48 149
48 157
48 271
48 893
48 927
49 867
50 106
50 490
51 629
51 634
52 165
52 555
53 209
53 550
53 868
53 892
54 833
55 189
55 203
55 431
55 647
57 783
58 467
58 777
59 117
59 487
60 191
60 257
60 573
60 716
61 79
61 428
61 544
62 277
62 389
62 451
62 736
62 911
63 153
63 738
63 857
63 860
64 744
65 727
66 253
66 668
66 771
68 148
68 199
68 261
69 538
69 813
70 767
71 601
72 458
72 559
72 730
73 683
73 801
74 248
74 331
74 583
74 928
75 253
75 651
75 709
75 838
76 640
78 350
79 290
79 663
79 915
80 787
81 445
82 487
82 538
82 903
83 177
83 830
83 866
84 376
85 406
86 485
89 108
89 382
89 758
91 93
91 152
91 261
91 268
91 327
91 700
92 602
92 846
93 317
93 404
94 367
95 388
96 940
97 215
98 220
98 272
99 119
99 850
100 880
101 163
101 833
102 206
105 156
105 811
106 255
106 453
107 458
107 493
108 311
109 132
109 311
109 622
111 148
111 572
114 754
115 588
115 746
115 800
116 497
116 666
117 465
117 911
117 931
118 399
118 773
118 841
119 137
119 430
119 700
119 720
120 266
120 576
120 606
121 270
121 809
122 625
124 572
124 772
124 809
126 278
126 463
127 348
127 459
127 731
128 137
128 175
128 258
128 707
128 777
129 228
129 348
129 767
130 642
130 665
131 317
131 845
132 627
133 166
135 351
135 508
136 474
136 505
136 690
137 150
137 549
137 567
138 306
138 348
138 752
138 838
139 460
140 645
141 381
141 393
141 445
141 801
141 928
142 444
142 507
142 636
142 854
143 473
144 324
144 328
144 893
145 330
145 859
147 570
148 162
148 936
149 266
149 350
149 496
149 826
150 524
150 934
151 197
151 344
151 355
152 158
152 245
152 278
152 313
153 328
153 665
154 210
154 350
156 666
156 675
156 907
156 941
157 317
157 670
158 862
160 477
160 538
162 343
162 365
162 510
162 693
163 930
164 179
164 379
164 813
166 349
166 713
167 378
167 618
167 664
167 715
168 613
168 896
169 431
169 759
171 839
172 350
173 197
173 367
173 378
173 611
173 628
173 688
173 853
174 501
175 476
176 574
177 244
177 663
177 787
178 246
178 295
179 621
179 804
180 331
181 868
182 395
183 928
184 248
184 587
184 645
185 604
186 190
186 201
186 626
187 212
188 495
188 908
189 310
189 630
190 358
190 756
191 246
191 430
191 609
191 613
192 597
192 707
193 386
194 485
194 907
195 401
196 227
196 365
196 869
197 649
197 839
198 463
198 472
198 723
199 597
200 907
203 236
203 358
203 562
204 499
204 560
205 348
205 451
206 239
206 323
207 366
207 450
207 465
207 672
207 888
208 270
208 423
209 674
210 334
210 435
210 720
211 414
211 827
212 542
212 562
212 935
213 241
213 295
213 429
213 521
214 861
215 448
215 646
215 866
217 644
218 229
218 244
218 363
219 388
219 557
219 589
220 305
220 377
220 686
221 547
222 339
222 473
222 654
222 808
223 333
223 839
223 915
224 588
224 699
225 544
225 898
225 911
226 383
226 439
226 499
226 800
226 908
227 503
227 937
229 772
229 844
230 358
231 234
231 292
233 302
233 875
234 848
235 251
235 529
235 585
236 361
236 540
239 296
239 360
239 363
240 632
241 257
241 647
241 676
241 812
241 849
241 918
242 558
242 736
243 609
244 265
244 699
244 798
244 914
245 298
245 358
245 904
246 320
246 823
247 329
247 782
249 924
250 530
251 484
251 569
252 934
253 448
254 386
255 661
255 772
257 327
257 759
257 879
258 457
258 543
258 915
259 590
260 561
260 845
261 926
263 533
263 538
264 630
264 697
265 324
266 645
266 836
267 302
267 419
267 552
268 543
268 795
268 941
269 494
270 397
271 728
272 809
273 324
273 411
273 578
274 646
274 749
274 857
275 727
277 382
277 586
277 772
278 389
278 445
280 349
282 611
282 901
283 428
283 920
284 380
284 692
285 472
285 725
285 789
286 584
286 687
287 348
287 840
288 357
288 369
288 613
295 726
297 356
298 413
298 534
299 869
300 363
300 737
300 905
301 321
301 378
301 382
302 428
302 642
302 672
302 673
303 389
304 847
306 361
306 893
307 392
309 871
310 557
311 325
312 440
312 906
314 619
314 875
314 896
315 358
316 381
316 516
316 918
317 363
319 792
320 698
320 914
321 473
321 698
321 730
322 459
322 666
323 675
324 530
324 845
327 420
328 829
329 461
332 565
334 850
335 350
336 829
339 438
340 575
341 579
341 708
343 941
345 566
345 718
345 797
346 445
346 602
347 532
348 823
349 501
350 401
351 729
351 862
351 870
352 354
352 485
352 704
353 552
353 707
355 541
356 360
356 445
356 462
356 609
356 934
357 387
357 834
357 864
358 670
359 830
359 916
360 365
360 679
360 932
361 849
362 530
362 571
362 615
362 817
363 512
364 402
366 429
367 806
368 756
369 886
371 387
373 895
374 528
374 913
375 696
375 892
376 455
376 525
377 553
377 573
378 707
380 456
381 445
382 611
382 870
383 831
384 457
385 674
385 707
386 405
386 536
386 731
388 404
390 681
390 720
393 400
394 747
395 726
396 405
396 638
397 542
398 760
399 482
399 656
400 589
400 639
401 518
401 622
402 458
402 473
403 867
405 775
406 736
408 831
409 485
409 492
410 454
410 706
411 465
411 587
411 829
414 478
415 623
416 429
416 681
417 430
417 691
418 861
418 881
420 910
421 573
421 756
424 612
425 510
425 785
427 832
429 645
429 746
430 477
431 661
433 510
433 779
434 572
434 905
436 528
436 691
438 464
438 550
438 594
439 597
440 668
440 676
440 853
443 713
446 454
446 645
448 462
448 573
449 910
450 524
450 927
451 558
454 609
457 529
458 862
458 877
459 683
459 822
459 892
461 566
461 855
462 640
462 919
463 604
464 806
465 664
466 772
467 675
468 619
468 766
468 814
470 785
470 836
471 608
471 612
471 904
474 482
480 535
480 891
483 541
483 600
483 714
485 843
486 742
486 797
486 908
488 491
488 655
492 625
494 749
495 732
496 934
497 550
497 860
497 879
498 788
500 751
502 875
503 526
503 661
504 528
504 770
506 507
507 629
507 763
508 561
509 562
509 626
509 853
510 928
511 528
511 839
512 874
513 580
515 517
515 738
515 917
519 811
519 882
521 832
522 602
522 709
523 538
523 714
523 763
524 663
524 691
525 632
527 834
529 593
529 924
530 594
531 790
532 814
532 929
536 665
536 927
537 693
537 867
537 871
538 776
538 791
541 819
541 884
542 653
543 927
544 568
544 582
545 687
546 722
546 853
546 899
549 620
550 676
551 554
551 894
552 917
553 660
553 848
554 874
556 660
558 930
560 583
560 584
561 566
562 567
562 797
565 570
567 909
569 791
570 614
571 899
576 673
577 704
579 627
580 600
580 761
584 695
584 740
585 690
586 630
590 898
591 795
596 629
596 670
597 689
598 708
599 802
599 820
600 629
601 744
601 905
604 688
605 776
605 861
610 767
611 720
612 731
613 895
615 621
615 865
620 664
620 920
624 811
625 930
629 630
629 861
630 649
631 882
632 922
633 856
633 914
634 828
636 650
636 675
636 769
636 837
636 931
636 942
639 708
639 915
642 688
643 900
645 702
645 722
645 787
645 867
647 670
648 656
649 680
653 803
655 760
655 925
656 933
658 792
660 896
661 687
665 679
665 792
666 929
667 727
668 773
674 766
675 842
676 896
677 739
677 741
680 734
683 937
683 938
686 810
686 926
691 900
692 783
694 890
696 759
699 903
700 775
700 788
701 916
702 792
709 866
709 910
711 828
714 781
714 819
714 873
719 919
722 932
723 756
729 863
731 825
732 931
734 874
735 888
736 835
741 782
742 839
742 845
743 864
744 884
747 813
748 796
750 929
753 801
755 885
756 822
757 812
759 869
761 818
765 883
765 939
770 844
772 846
776 839
778 780
778 868
782 900
784 910
784 929
788 888
790 899
791 932
793 822
801 913
805 807
811 937
823 894
824 883
828 865
831 921
835 840
835 874
838 889
839 915
841 890
845 916
850 885
870 938
872 899
906 928
913 916
916 925
