1000
1 34
1 67
1 57
1 71
1 87
1 42
2 34
3 34
5 87
4
5 8
1 45
5 99
5 51
1 30
3 71
4
3 87
5 22
4
5 19
4
2 87
3 67
3 67
1 87
1 47
3 57
5 16
4
5 77
4
3 47
4
1 70
5 93
4
1 59
3 87
2 42
3 71
5 74
3 71
5 72
1 35
3 59
1 22
4
1 78
4
1 19
5 74
4
1 45
2 87
1 29
4
5 51
1 35
1 3
1 72
1 93
1 57
2 22
4
3 59
1 48
4
5 58
1 62
4
2 93
4
1 35
1 55
1 86
1 86
3 42
2 35
4
1 21
1 86
1 73
4
3 22
3 70
5 49
3 47
4
4
1 32
4
1 96
4
1 28
3 22
2 28
1 27
5 2
5 40
5 67
1 2
1 66
2 45
3 32
5 24
4
1 57
1 89
1 71
2 87
5 89
1 11
5 31
1 99
3 28
1 9
4
3 70
4
4
5 39
2 86
1 77
1 72
3 19
4
1 73
4
1 95
2 35
3 55
5 82
4
3 71
4
1 43
3 99
3 30
3 30
1 36
1 48
1 14
3 36
5 70
3 3
5 75
1 26
3 27
2 93
3 57
4
4
4
1 91
5 30
1 78
3 62
3 87
5 39
1 80
3 87
4
1 19
1 63
5 69
5 72
1 79
3 35
3 21
1 85
3 62
3 55
4
4
1 83
3 78
4
2 2
2 57
4
4
1 83
5 86
3 14
5 96
5 91
4
1 19
3 19
1 73
2 77
5 57
3 67
1 39
3 91
1 75
3 77
1 81
1 98
4
2 87
5 80
4
3 79
4
4
5 94
5 98
3 36
1 1
1 37
3 57
3 87
1 55
5 68
1 29
3 86
3 19
3 47
2 32
5 55
1 70
1 77
1 49
4
1 13
4
4
2 3
1 26
3 98
4
3 71
1 14
1 99
4
1 16
1 84
5 85
5 37
5 24
2 14
1 82
1 69
3 75
5 11
3 70
1 17
3 1
3 21
3 35
3 57
2 78
5 3
1 77
3 73
4
1 76
5 41
1 20
5 18
1 84
3 35
5 44
1 57
5 26
1 85
5 38
4
2 77
5 13
5 5
3 77
1 52
1 43
4
4
4
4
5 62
5 25
5 71
3 83
5 65
3 79
5 98
5 2
2 85
1 81
5 3
1 82
3 52
4
4
3 70
1 85
4
5 94
1 65
5 22
3 14
1 80
2 99
3 84
3 45
1 62
3 21
1 1
1 99
4
5 42
3 17
5 48
1 5
4
5 43
2 84
3 19
4
1 97
1 41
4
5 16
3 48
3 75
1 36
1 15
4
5 4
3 77
1 65
4
1 38
3 57
2 99
4
3 83
5 50
5 50
3 57
5 71
3 72
5 74
4
1 74
4
2 86
5 48
1 20
1 17
1 15
1 18
4
5 72
3 76
1 21
5 4
3 72
2 49
4
1 30
1 54
3 32
1 63
3 45
2 20
4
1 30
4
3 82
3 80
4
4
3 79
1 14
5 5
1 97
4
1 61
5 78
5 46
4
5 41
3 57
2 65
3 30
1 37
1 5
1 14
1 5
3 49
3 43
4
2 38
4
1 48
5 33
3 48
5 62
5 19
1 100
5 61
1 74
5 36
1 37
2 21
1 42
4
1 69
5 68
3 83
3 5
1 13
1 47
5 16
3 86
1 76
4
2 47
5 75
4
5 53
1 54
1 49
4
4
5 62
3 57
1 71
5 27
2 14
4
4
1 75
1 81
4
1 1
5 36
3 14
1 85
5 20
4
4
2 27
3 47
4
4
1 79
4
4
1 14
5 51
1 22
5 27
3 54
1 66
3 17
5 73
5 28
2 17
1 34
1 42
1 66
3 77
5 56
4
5 7
1 79
3 96
1 76
2 54
4
4
5 71
3 37
5 18
3 29
5 70
1 75
4
3 65
4
3 14
4
1 14
5 78
1 5
3 30
3 47
4
5 70
5 12
2 34
3 30
1 76
1 46
1 45
3 75
5 57
1 43
5 51
3 72
1 58
4
5 94
4
4
5 41
1 63
5 16
1 62
2 65
5 22
4
4
3 22
3 89
1 69
5 23
4
5 71
2 61
1 37
4
3 69
3 70
3 48
1 22
1 67
5 13
1 53
5 40
4
4
3 57
1 46
5 53
4
2 47
1 79
4
5 59
4
1 7
1 49
3 62
2 81
1 82
1 43
1 44
1 96
2 22
4
1 49
1 93
1 93
5 82
1 72
2 80
3 13
5 78
1 54
1 16
5 14
4
4
3 93
3 49
1 82
3 99
3 30
3 78
3 39
4
5 39
5 34
1 38
3 43
5 94
1 52
3 54
2 43
5 6
1 87
5 92
5 15
4
1 5
5 70
1 53
3 42
5 92
5 21
3 35
3 63
2 98
1 54
3 97
5 80
1 1
1 57
5 80
1 9
5 93
1 24
4
2 18
4
3 57
3 26
4
1 77
5 69
1 40
1 89
3 34
1 33
1 56
2 22
1 63
1 27
4
2 1
4
3 19
1 83
1 26
3 63
3 17
1 23
3 20
3 37
1 22
3 76
5 47
2 49
1 71
5 25
1 50
1 97
5 51
1 92
4
3 61
4
4
4
1 48
1 89
2 73
5 43
5 75
1 15
1 48
1 97
4
1 72
1 29
4
4
3 1
4
4
5 83
3 19
1 91
5 90
2 24
4
3 53
5 42
4
1 50
5 5
5 95
5 12
2 5
5 20
1 65
1 62
1 14
4
3 37
5 61
2 34
5 64
1 70
3 36
1 10
4
1 96
1 70
4
3 50
3 76
1 4
5 7
1 60
4
1 76
4
3 23
1 32
5 12
4
2 46
4
4
1 26
3 48
3 14
3 89
5 16
5 86
2 73
1 3
3 73
4
1 89
1 100
2 74
5 42
1 98
3 26
4
4
4
3 45
4
1 37
1 49
1 47
2 29
1 98
1 2
1 75
4
1 17
1 45
3 17
3 1
3 14
3 73
5 46
2 41
1 53
4
3 97
1 5
1 58
3 5
4
4
4
1 37
1 38
4
5 58
3 58
1 73
1 4
4
3 80
2 72
5 53
2 50
4
1 36
3 43
1 90
4
4
1 12
4
3 46
5 99
1 21
4
1 85
3 71
2 62
1 55
1 65
4
1 23
3 85
4
2 96
3 84
1 14
5 56
1 61
1 61
4
3 72
1 31
5 17
3 5
4
3 12
2 22
1 65
1 44
1 89
1 95
5 95
4
2 80
4
1 1
1 15
1 91
1 23
2 62
1 22
1 65
5 59
1 36
1 72
4
3 98
5 15
1 76
2 86
3 53
3 70
4
1 36
1 89
3 19
3 20
3 86
5 79
4
4
4
3 11
1 39
3 90
3 87
2 42
5 58
1 14
1 25
1 85
1 34
1 57
5 65
2 44
1 31
4
5 94
5 41
4
4
1 2
4
5 21
1 80
2 96
3 71
5 78
1 65
3 2
5 59
1 52
1 81
3 49
4
5 75
1 32
5 9
4
4
4
4
4
2 98
3 76
4
1 48
5 6
3 46
3 74
4
1 32
4
3 45
5 1
1 96
5 84
4
3 5
3 15
5 48
1 90
4
2 37
3 55
1 27
5 52
5 35
1 17
5 60
4
1 26
1 75
1 2
4
2 89
5 54
5 65
1 24
4
3 57
1 85
5 34
4
1 81
4
1 59
4
3 5
2 90
3 2
1 45
5 90
1 84
3 63
4
1 59
2 27
3 72
3 49
3 39
1 35
5 40
3 47
4
5 35
3 75
5 35
4
1 18
1 83
4
3 81
5 6
1 30
1 32
2 59
4
4
5 8
4
5 76
1 38
5 58
5 43
5 92
4
1 73
1 62
2 28
1 54
1 25
5 25
1 61
3 52
1 65
1 55
3 14
4
1 45
3 52
3 17
4
5 72
5 17
3 49
2 80
1 66
5 87
4
1 3
3 37
5 12
5 53
4
3 87
3 55
5 64
1 43
4
3 57
3 84
4
5 25
1 7
