500
1 116
1 83
1 156
1 165
1 141
1 61
2 116
3 116
5 141
4
1 126
4
1 26
4
3 156
2 26
1 132
1 78
5 199
1 167
5 86
3 61
1 9
2 116
1 14
5 60
1 77
1 53
4
3 9
1 87
3 132
1 93
2 83
5 12
1 172
1 96
3 165
3 116
4
5 8
1 180
3 167
2 180
1 68
1 200
1 54
4
4
3 77
1 159
3 68
4
4
2 116
4
1 193
5 58
3 132
5 154
1 6
4
4
4
1 121
1 119
5 12
5 87
2 68
1 54
1 92
4
5 38
5 51
1 154
3 116
1 80
2 156
1 185
4
4
1 7
3 26
4
3 132
4
5 157
5 6
1 24
5 7
5 113
1 93
5 173
2 141
1 174
3 116
3 83
3 78
1 169
4
4
5 60
3 61
1 78
3 92
1 140
2 165
1 19
3 140
1 1
1 101
4
5 160
5 89
4
1 80
1 61
4
5 42
2 14
4
3 200
5 6
1 46
1 19
1 91
4
5 15
4
5 22
1 98
1 141
2 80
5 31
4
4
1 173
4
5 86
1 136
2 68
5 127
4
1 65
1 41
1 96
4
5 139
5 171
1 160
5 198
3 98
5 101
4
5 32
5 115
5 165
2 154
1 103
5 109
5 185
1 198
1 53
1 133
1 86
1 1
5 110
3 154
5 82
1 75
5 175
5 15
2 185
5 31
1 100
4
3 26
1 151
4
5 197
5 179
3 167
3 41
5 135
2 151
5 112
1 60
3 98
1 193
4
3 91
3 96
3 61
4
5 54
3 19
3 126
3 1
1 142
3 61
4
1 92
2 101
4
1 27
5 152
1 131
1 38
4
4
4
3 100
5 14
3 60
2 38
4
5 99
5 131
1 150
5 24
4
3 78
1 116
1 128
4
3 27
1 102
3 141
4
3 167
1 108
5 18
1 152
2 141
5 150
5 171
5 53
1 106
4
5 103
5 5
1 96
1 59
1 166
2 59
4
3 61
3 98
1 71
4
4
5 91
5 49
4
1 128
4
4
3 86
2 151
1 23
1 77
1 86
1 110
2 167
1 26
5 2
3 7
4
1 122
3 77
4
1 29
1 54
2 141
1 18
1 134
4
1 192
1 95
4
1 35
2 159
3 1
1 137
4
5 45
1 171
3 54
5 25
4
1 4
4
1 16
3 96
3 16
1 81
5 198
1 64
4
1 192
4
3 54
3 159
3 64
2 133
5 104
3 108
1 142
4
1 200
3 198
2 151
5 155
3 165
5 85
1 185
3 150
1 130
4
1 40
4
5 170
5 55
5 124
4
4
5 152
2 98
3 156
1 189
1 36
4
3 141
5 96
3 140
1 63
4
4
3 102
4
1 60
2 200
1 140
4
1 188
4
1 55
3 169
3 53
4
4
2 46
1 166
5 39
1 180
4
1 85
1 148
1 169
5 25
5 21
2 4
1 85
1 83
1 158
2 119
1 93
3 93
4
1 147
5 40
3 141
4
1 24
1 200
4
1 21
3 53
4
5 195
4
1 80
3 24
4
4
4
4
1 11
1 121
5 199
2 93
5 43
1 88
2 116
4
1 102
1 150
4
1 17
2 172
5 124
1 109
1 170
1 139
3 142
3 38
1 30
4
2 106
1 156
5 182
1 122
3 170
5 141
1 92
3 85
4
1 101
3 142
4
1 174
5 119
2 60
5 27
4
5 107
5 158
4
4
4
1 93
3 14
1 111
1 3
4
2 126
5 175
5 17
3 136
1 186
4
5 2
3 139
4
5 102
1 152
3 78
4
1 112
4
1 123
2 81
1 133
4
4
5 16
1 175
1 149
4
4
5 124
3 200
1 190
3 174
3 59
1 35
5 163
4
2 150
4
4
5 42
1 125
5 32
1 184
3 35
3 150
5 164
5 102
1 23
2 174
1 160
5 149
5 199
3 131
1 111
4
3 60
1 40
3 1
1 180
5 53
5 172
5 122
4
1 154
1 18
5 15
1 61
1 88
