1000
1 99
1 94
1 1
1 43
1 59
1 58
2 99
3 99
5 59
4
1 51
4
1 72
1 29
1 51
3 51
1 47
2 58
5 40
5 22
5 2
5 52
4
1 57
3 58
5 26
5 5
3 29
2 72
3 59
5 43
4
5 37
3 1
1 41
3 43
4
1 49
1 49
1 0
3 47
2 43
1 93
5 91
4
1 68
5 29
3 51
4
5 7
1 91
5 17
5 1
1 78
1 86
4
4
3 57
5 86
5 54
1 89
2 91
4
4
1 17
3 49
1 3
1 93
4
3 29
4
2 72
1 13
1 97
4
1 6
1 8
3 3
2 94
1 79
5 7
3 97
5 97
1 88
4
1 25
3 93
4
5 33
5 20
1 47
2 79
5 4
1 17
1 4
5 17
5 67
4
3 78
5 86
1 3
5 22
2 99
1 63
4
1 33
1 55
1 90
5 100
2 51
3 59
5 91
3 49
1 99
3 59
1 6
4
1 34
3 93
1 6
3 4
4
1 64
1 54
4
5 96
1 94
4
5 17
4
3 34
3 99
5 98
5 71
1 71
4
4
2 34
2 78
1 4
1 74
4
1 86
5 39
4
1 90
2 93
1 57
5 70
5 16
1 24
5 36
5 71
5 85
1 97
1 67
3 55
2 51
1 66
5 86
1 93
5 5
3 86
5 1
1 15
3 66
3 6
5 76
1 93
2 78
4
4
1 94
5 88
5 1
4
5 91
1 98
5 70
1 62
5 73
3 17
1 89
5 61
4
3 67
2 58
5 9
1 84
1 51
4
4
1 98
3 89
1 53
5 95
4
3 71
5 82
1 18
5 15
2 94
3 84
4
4
5 17
1 76
1 100
1 83
5 81
2 84
3 86
1 9
4
3 88
1 73
5 65
1 12
1 68
2 6
1 31
4
4
5 11
1 4
4
5 55
1 92
4
3 18
1 13
4
1 43
3 74
2 15
5 36
1 0
5 92
5 44
5 11
4
4
3 59
1 78
4
4
3 51
1 67
3 94
4
2 59
4
4
3 72
3 58
1 67
1 15
1 96
4
4
4
3 68
1 30
4
2 78
5 30
3 97
3 49
4
3 76
4
4
4
1 1
3 41
1 10
3 10
3 72
1 52
4
3 93
3 72
3 59
5 62
4
4
1 38
5 15
5 90
1 84
4
3 1
4
2 18
5 86
4
4
4
3 29
4
3 97
1 84
5 19
5 46
4
3 38
1 82
4
4
1 26
2 3
1 15
1 51
1 67
3 97
5 92
1 84
4
1 48
3 54
1 26
1 42
4
2 90
1 11
2 98
5 12
5 80
1 5
5 92
4
4
1 56
1 22
4
1 73
5 2
3 13
4
3 59
2 6
3 3
4
1 42
1 7
3 73
1 17
3 0
1 2
3 68
3 51
4
3 97
5 41
4
5 26
3 51
3 34
4
4
4
1 42
3 78
1 45
1 25
4
1 49
5 37
1 28
5 17
4
3 3
2 45
1 77
2 73
4
1 4
1 77
4
1 46
4
1 5
5 89
1 1
5 66
5 96
3 99
5 25
3 26
4
5 8
4
3 90
4
3 43
3 51
1 86
4
1 57
3 52
4
2 25
3 88
1 82
2 18
3 2
1 42
3 26
1 19
1 66
1 28
2 10
4
1 49
1 49
1 99
5 0
2 7
4
3 6
1 97
3 3
4
4
4
4
4
4
5 62
5 64
1 64
3 66
3 19
4
4
1 96
2 59
1 31
3 82
1 85
4
1 20
1 4
2 100
3 97
4
1 86
3 100
5 8
3 11
1 61
1 70
1 87
4
1 1
5 27
2 63
4
4
1 46
3 58
1 43
3 86
1 16
4
4
5 79
4
4
5 75
3 67
4
1 16
1 80
2 6
3 3
1 60
5 25
3 15
1 70
1 59
4
2 17
1 74
5 60
4
3 30
5 64
4
1 33
5 76
5 97
1 50
2 49
4
4
4
4
1 82
4
4
1 87
1 88
1 66
2 13
5 23
5 47
3 98
4
5 99
1 23
1 99
4
1 86
1 6
4
4
4
5 97
4
5 24
1 34
1 55
3 93
5 93
3 6
3 57
5 26
5 89
4
2 5
4
5 79
5 48
1 91
1 84
5 91
4
4
4
2 53
3 77
1 15
1 70
4
1 54
5 50
3 49
1 9
4
2 82
4
5 79
5 70
3 54
5 15
5 84
1 79
5 53
4
1 24
3 78
1 63
1 32
2 86
3 48
5 26
4
5 9
4
1 50
5 27
1 16
5 17
4
1 26
1 92
1 3
4
1 24
5 16
2 29
4
1 77
4
1 59
3 4
2 85
1 8
1 50
1 12
1 8
5 82
5 3
2 49
1 40
1 91
1 9
5 49
5 96
3 90
5 85
4
3 97
4
1 50
5 61
1 43
2 99
1 74
5 96
1 3
4
5 36
4
1 49
4
4
2 67
1 10
1 40
1 88
5 7
1 4
1 11
4
2 87
1 68
5 68
4
1 50
1 54
1 86
4
3 89
3 29
1 74
5 16
2 3
4
5 42
1 35
5 87
1 10
2 78
1 79
4
1 18
3 24
1 78
5 67
3 43
3 68
3 18
5 31
1 38
3 73
5 56
1 30
4
3 11
4
1 53
1 52
3 1
5 98
1 86
2 68
1 18
4
5 42
4
1 18
2 33
4
5 42
1 91
1 38
3 79
1 81
5 23
2 5
1 73
5 77
4
4
3 5
3 86
1 55
4
4
1 68
4
2 92
1 1
1 54
5 20
3 17
4
1 86
5 10
1 5
1 36
2 96
4
1 52
1 54
5 12
5 8
1 80
1 96
5 86
4
4
1 93
1 32
4
4
3 51
1 100
4
1 80
1 74
4
3 78
5 51
5 85
1 2
4
4
2 68
1 40
1 48
3 7
1 61
3 93
5 92
4
1 40
5 11
5 63
5 1
3 12
3 3
5 26
5 82
3 28
1 40
1 62
1 33
1 16
1 5
1 80
4
1 88
2 70
5 20
2 57
1 93
1 45
3 4
5 85
5 44
4
5 29
1 36
2 7
3 22
2 76
5 8
3 61
2 86
1 1
3 86
3 38
4
4
3 50
5 23
1 74
4
1 34
4
3 86
4
1 68
2 15
3 8
1 86
1 46
5 35
3 50
1 85
1 6
1 82
3 66
3 68
3 40
2 56
1 73
5 72
3 9
1 57
5 17
2 74
3 80
5 95
4
5 93
5 16
3 18
1 5
5 78
1 17
1 72
5 67
1 6
4
5 72
3 63
1 56
3 28
3 35
4
5 20
2 72
3 88
4
5 88
4
3 36
1 16
1 95
1 74
2 66
1 24
4
5 53
1 15
1 51
1 43
1 51
2 48
3 8
5 79
4
4
3 3
1 63
4
5 67
3 100
1 93
4
1 68
1 37
1 85
3 24
5 12
1 3
5 89
2 4
1 94
2 43
1 99
3 3
3 84
1 8
3 33
3 16
5 71
3 53
1 57
5 69
5 43
1 23
4
4
4
1 45
1 90
2 56
1 81
1 12
1 24
1 35
1 53
4
1 34
4
3 48
5 17
5 98
3 87
1 63
5 53
3 72
2 66
2 79
5 12
1 10
1 9
3 87
1 32
1 100
2 6
1 14
5 9
1 43
4
3 93
3 63
5 81
1 47
5 47
4
5 95
5 75
1 87
3 32
1 74
3 55
1 81
3 74
2 11
5 98
1 57
4
4
1 9
4
4
3 54
1 70
1 58
1 66
3 43
1 64
2 3
1 56
5 97
3 90
1 81
2 42
1 9
1 17
5 90
2 33
1 75
1 8
3 68
5 48
1 68
5 28
3 18
3 88
2 87
3 49
4
3 91
5 26
1 39
3 71
4
4
3 16
4
5 58
4
4
3 100
4
1 97
4
5 85
4
1 55
1 13
2 43
1 26
4
3 74
5 66
1 81
3 6
5 27
1 87
3 45
1 53
3 53
2 99
1 66
3 49
1 17
1 21
1 98
2 43
1 99
3 15
1 41
