500
1 50
1 91
1 12
1 45
1 36
1 9
2 50
3 50
5 36
4
1 32
5 81
1 9
3 32
4
5 69
4
3 32
4
2 36
1 4
1 5
3 45
4
1 53
1 95
4
1 21
1 75
5 88
2 9
1 64
5 40
3 50
1 24
5 81
5 49
5 39
5 55
5 76
4
5 92
1 64
2 36
3 4
5 95
4
1 11
5 94
1 75
5 66
4
1 86
4
2 45
1 83
1 7
1 21
5 38
4
5 23
3 24
1 43
4
4
3 91
2 75
1 8
4
3 5
1 0
5 44
1 7
4
1 16
2 9
3 7
3 64
1 98
3 5
3 21
4
5 0
3 75
4
4
4
5 53
1 91
5 15
1 15
1 97
1 69
3 8
4
4
2 64
5 18
1 47
4
1 51
1 27
1 6
3 98
4
5 60
1 64
2 7
4
3 95
1 56
4
5 76
1 4
1 72
4
2 72
4
4
1 92
1 31
1 68
2 6
1 87
1 13
4
1 80
1 82
3 4
2 51
1 96
3 43
1 33
1 35
1 71
2 35
5 0
1 51
1 49
5 66
3 53
1 87
1 48
4
2 96
4
1 79
4
3 75
1 11
1 25
1 0
4
1 14
1 94
1 35
3 83
1 83
1 74
5 78
1 91
1 47
1 7
4
2 0
4
4
1 32
5 71
1 33
2 32
4
4
3 69
5 87
5 92
4
4
3 87
4
3 16
2 7
1 39
5 22
5 15
4
4
4
1 90
4
1 98
1 29
5 45
1 66
1 53
1 10
2 39
4
4
4
2 98
1 4
4
5 29
3 4
1 100
4
3 87
1 18
1 8
5 30
3 25
2 92
1 51
1 24
3 43
5 41
4
3 18
4
1 24
5 25
2 83
4
3 47
1 56
4
1 70
1 89
1 87
4
5 82
1 28
5 62
2 28
1 68
4
1 17
5 50
3 51
3 64
1 77
1 62
2 56
3 39
1 47
4
3 98
5 58
1 81
3 75
1 33
5 48
4
1 3
4
2 5
4
3 25
3 77
5 100
5 61
1 13
3 56
4
5 31
3 17
3 10
3 25
4
3 82
1 9
1 10
1 29
2 56
3 4
5 49
3 35
3 100
5 79
4
1 32
5 75
5 4
5 77
3 47
1 74
4
3 79
5 80
3 24
3 8
1 25
1 13
3 90
2 7
3 91
1 57
5 33
5 33
3 83
4
5 5
5 88
5 48
5 62
4
3 83
1 79
1 76
5 1
4
4
3 14
3 50
5 30
5 98
5 20
5 3
5 39
5 62
4
3 53
1 64
4
2 77
4
1 90
3 98
4
3 51
4
1 2
1 93
3 53
3 24
5 75
5 3
5 30
3 0
1 54
3 51
5 47
2 0
1 21
3 77
1 11
4
3 90
4
1 5
5 58
4
3 83
4
1 35
1 11
1 34
5 84
3 93
3 14
1 21
4
5 44
4
4
5 36
2 12
4
1 30
3 87
3 3
5 58
1 0
1 15
5 27
3 5
2 9
5 35
1 74
2 87
4
1 29
4
1 10
1 40
1 50
5 53
2 47
1 36
3 56
1 52
1 40
5 90
1 43
4
2 21
3 10
3 62
1 41
5 75
1 58
5 81
1 24
5 42
5 80
5 3
1 94
3 9
3 0
1 66
3 11
2 0
5 10
3 25
3 7
5 37
1 12
1 72
5 26
1 90
1 2
5 84
1 0
3 75
4
2 34
3 33
3 29
1 6
1 42
4
4
5 96
3 4
4
2 56
1 27
4
1 47
4
4
4
4
1 18
1 22
5 50
5 98
4
1 98
2 81
5 33
4
1 78
1 90
1 2
2 7
1 25
4
1 49
1 39
3 29
1 74
5 40
3 40
2 17
5 25
3 11
1 4
3 68
5 71
5 29
4
1 10
5 84
3 47
5 34
5 50
3 74
1 59
1 88
5 20
2 50
5 62
4
4
5 9
4
1 50
4
4
4
4
1 95
1 25
1 95
5 10
3 21
2 74
1 64
