100
1 77
1 83
1 45
1 33
1 100
1 78
2 77
3 77
5 100
4
1 29
4
5 66
1 73
2 33
4
4
3 78
4
2 77
3 100
4
4
5 58
1 60
1 95
1 57
1 34
5 30
2 95
5 61
3 60
1 5
1 12
2 34
3 29
4
2 73
3 29
4
2 73
1 40
5 43
4
5 10
3 100
3 45
4
2 57
5 87
4
4
3 73
3 34
5 72
5 23
2 45
2 83
3 100
1 70
2 73
5 35
5 65
1 84
1 26
5 94
5 59
4
3 83
3 45
3 95
3 77
5 58
2 60
4
5 34
2 45
4
5 5
5 75
1 65
1 81
5 55
1 29
5 69
4
1 14
2 77
4
1 60
1 18
4
3 83
4
3 65
5 94
1 42
3 70
2 5
5 90
