100
1 53
1 26
1 12
1 7
1 38
1 87
2 53
3 53
5 38
4
1 79
1 100
2 26
3 87
1 36
4
5 64
1 83
4
1 68
5 23
5 16
5 11
5 62
3 79
4
1 14
4
3 26
3 83
1 1
5 44
1 98
4
1 39
1 36
4
5 72
2 98
4
4
5 20
5 54
2 100
5 98
5 72
3 14
5 43
5 83
4
1 84
3 53
1 39
1 41
5 25
3 53
1 49
1 87
1 36
5 37
1 97
5 68
3 36
1 22
5 79
1 79
4
4
2 87
4
5 70
1 72
2 87
1 25
1 86
5 59
3 86
1 97
3 97
5 95
4
1 66
1 83
1 4
2 36
2 25
4
1 84
4
1 71
5 79
1 29
1 1
4
1 76
2 83
1 100
4
5 43
5 30
