10
81 74
15 59
15 53
15 40
15 30
15 64
15 51
16 38
16 5
23 65
28 79
28 36
28 9
28 1
28 14
28 78
28 35
28 67
28 31
34 57
34 10
34 4
36 56
36 71
36 12
36 29
37 7
37 44
37 77
40 70
40 8
41 63
42 62
42 41
42 73
42 25
42 80
42 21
42 39
42 50
42 22
42 2
47 23
47 15
47 13
47 60
47 76
47 55
47 27
47 75
47 19
47 3
47 49
47 69
47 46
47 26
47 17
47 81
56 34
58 32
59 45
60 6
60 68
60 43
62 66
62 47
62 28
65 58
66 37
66 74
66 52
66 20
66 72
66 18
66 61
68 24
73 48
74 33
77 11
79 16
79 54
50 58
22 50
36 41
32 5
30 26
49 41
12 27
39 18
36 11
22 41
73 78
63 74
37 60
6 49
16 15
35 66
7 73
50 42
32 16
47 61
41 14
36 68
56 74
21 26
4 42
67 11
55 64
3 10
58 24
75 74
38 28
74 61
19 58
21 50
74 2
45 33
16 80
36 6
8 56
32 11
32 33
21 5
31 40
31 7
63 24
15 36
51 23
15 5
81 51
70 73
53 34
40 3
48 75
8 55
65 39
65 32
6 21
52 36
76 1
59 57
40 73
27 26
15 57
30 14
27 18
21 79
67 60
81 34
70 23
7 69
78 7
19 2
43 6
38 37
98 82
2 50
3 43
8 95
8 85
13 12
13 29
13 58
13 81
14 1
17 45
17 74
17 83
17 55
20 94
21 90
21 22
22 60
28 38
29 20
30 2
30 31
30 59
34 17
34 84
34 21
34 30
34 54
34 41
34 14
34 15
34 71
34 70
34 11
34 86
35 27
35 16
35 18
35 9
35 79
35 52
35 6
35 63
35 33
35 91
35 26
35 87
35 36
42 37
45 69
45 73
45 47
49 61
50 32
51 72
56 3
61 88
66 96
69 42
69 51
73 5
74 89
74 75
74 24
77 44
77 25
77 46
77 67
77 64
77 78
78 48
80 35
80 13
80 57
80 76
80 4
80 68
80 65
80 7
80 53
80 39
80 66
80 23
80 62
80 10
82 28
83 82
84 93
84 77
84 56
90 97
90 19
92 98
93 49
93 80
93 8
93 92
94 40
63 36
69 21
24 13
63 34
93 76
18 9
69 10
12 53
95 52
38 34
2 49
73 85
13 41
94 52
68 1
58 86
36 82
8 60
51 71
93 45
4 67
9 72
76 21
81 28
72 20
17 30
24 90
16 36
86 65
87 55
65 3
43 57
84 6
72 36
76 66
37 79
88 1
9 22
21 89
49 49
64 22
78 87
13 49
24 98
15 13
10 36
69 8
92 54
14 65
46 45
86 82
26 76
82 34
97 59
78 3
63 43
24 96
31 90
2 10
45 16
76 55
7 46
18 98
2 85
20 3
32 8
84 13
39 23
2 91
37 79
93 55
23 19
52 9
64 53
72 11
25 50
21 85
95 38
85 52
25 60
10 56
23 93
81 66
3 64
4 68
4 29
13 8
13 46
14 79
17 43
21 54
22 74
22 75
22 17
22 3
22 13
22 1
22 53
22 26
22 19
22 44
22 61
22 41
22 12
29 6
32 55
34 58
36 20
36 81
38 80
43 45
46 66
50 34
50 51
50 11
50 5
50 40
50 48
50 69
50 71
50 78
50 47
50 23
50 2
52 24
52 65
52 49
54 16
58 67
62 18
62 10
63 37
64 25
68 42
70 35
70 39
70 27
72 14
72 38
72 52
73 31
73 30
74 76
74 72
74 32
74 70
75 7
75 62
76 36
76 50
76 15
76 73
76 63
76 4
76 56
76 60
76 33
76 9
76 28
76 57
76 77
79 59
80 21
70 47
41 33
57 39
36 24
32 14
29 75
69 6
64 26
17 30
38 32
51 51
46 48
39 78
1 58
4 57
60 73
38 35
40 29
74 75
53 24
8 16
18 11
21 16
36 54
61 8
4 46
59 49
12 32
61 29
24 64
20 2
71 74
37 29
21 45
39 8
3 46
24 36
72 60
51 42
48 30
49 51
75 42
35 22
73 14
50 15
78 69
33 67
77 4
31 33
48 69
40 50
49 79
21 39
74 71
80 40
36 47
26 45
8 60
66 15
73 34
30 4
38 78
6 49
81 36
81 47
39 40
98 97
1 25
1 39
1 93
1 8
13 56
13 17
13 1
13 19
13 4
13 15
17 29
21 77
21 13
21 23
21 9
21 37
21 81
21 63
21 26
21 58
21 50
23 43
25 48
29 75
34 18
34 72
34 87
34 12
34 70
34 24
34 89
34 95
34 53
38 82
44 84
44 52
44 57
44 98
44 49
44 96
44 38
44 59
44 68
44 69
44 66
44 54
46 33
52 62
52 5
52 46
52 85
52 92
56 65
62 34
62 10
62 91
70 27
71 28
75 86
77 88
77 78
78 79
78 40
78 71
78 67
78 3
78 51
78 16
78 94
78 55
78 45
78 42
78 32
78 76
78 36
78 61
78 2
78 41
78 64
84 80
84 90
84 97
84 30
84 14
84 60
84 6
84 47
84 73
84 83
84 31
84 35
84 74
88 44
91 22
91 7
91 20
93 11
93 13
54 1
39 86
7 46
72 54
34 9
11 15
29 78
40 63
37 95
11 94
40 92
19 86
41 10
63 88
45 58
2 55
58 95
42 20
96 70
30 31
78 94
1 8
73 40
70 11
90 36
61 32
84 79
73 26
45 92
15 89
7 71
45 20
23 43
39 74
14 24
7 91
19 7
54 48
3 25
58 48
16 20
35 1
55 64
81 1
57 51
89 63
23 90
82 1
34 76
75 47
56 37
93 30
43 4
77 1
28 37
49 97
12 83
98 66
48 80
66 60
32 13
78 11
4 17
65 91
93 41
93 6
77 87
35 76
90 14
32 73
50 36
27 61
21 80
83 24
61 6
40 49
18 19
15 75
36 79
23 84
76 17
89 10
59 79
41 6
92 29
78 97
64 61
60 40
42 98
20 59
5 59
63 77
77 77
9 68
13 32
9 44
88 83
2 57
2 54
2 37
2 7
2 23
2 34
3 12
3 84
5 77
5 15
5 4
5 63
5 43
5 18
5 80
5 30
7 65
8 81
8 75
17 66
21 19
21 39
22 10
24 47
24 38
28 50
29 62
34 68
35 36
36 28
39 44
45 8
45 58
45 2
49 52
49 71
49 64
49 3
49 5
49 33
49 13
49 24
49 26
49 85
49 87
49 14
49 46
49 88
49 27
49 6
51 83
52 45
57 9
57 51
58 35
59 22
61 55
61 67
64 78
64 60
64 1
64 40
64 11
64 72
64 16
64 79
64 48
68 29
70 76
71 59
71 74
71 17
71 32
71 56
73 42
74 61
74 31
75 20
77 73
78 70
81 69
81 21
83 86
83 25
84 53
84 82
86 41
26 86
87 11
32 35
40 63
1 66
59 9
26 3
23 15
32 41
44 27
5 6
6 7
82 52
82 58
72 44
32 73
17 6
83 48
41 35
87 41
76 57
25 77
36 23
3 67
63 22
69 44
27 75
26 20
14 83
53 85
38 61
70 55
66 40
78 82
50 76
10 37
21 34
1 56
33 3
10 71
24 78
26 26
40 28
21 53
22 50
26 60
22 71
26 63
22 15
57 72
67 66
84 87
76 85
54 20
63 39
66 63
28 68
88 44
7 21
8 28
70 9
87 67
79 24
41 77
15 9
60 81
51 31
79 38
3 20
33 66
34 10
40 61
77 39
16 83
35 88
23 80
72 85
58 63
85 11
27 11
83 62
3 45
4 57
88 64
3 32
8 84
14 10
15 79
19 86
26 47
29 15
29 3
30 46
33 4
33 18
34 64
39 75
40 35
44 71
44 23
45 12
46 80
46 66
46 61
51 30
56 51
56 65
56 7
56 26
56 38
56 28
56 9
56 37
56 58
56 76
56 48
56 1
56 70
56 24
56 85
56 36
57 82
60 33
60 45
60 34
60 25
60 50
60 72
60 73
60 68
60 22
61 74
63 60
63 8
63 62
63 54
63 27
63 44
63 55
63 20
63 11
63 39
63 16
63 59
63 17
63 49
63 81
63 21
66 67
69 13
69 88
69 40
69 19
77 57
77 83
78 14
78 56
78 77
78 2
78 41
78 42
78 5
84 43
87 63
87 78
87 69
87 29
87 53
87 6
87 31
87 52
52 40
67 79
45 20
47 84
20 38
87 17
85 62
65 8
14 36
36 32
59 83
47 51
61 14
22 81
29 58
24 81
10 66
47 54
62 5
25 81
43 23
10 15
61 74
22 74
86 33
81 32
28 39
58 88
52 80
56 80
49 55
48 34
9 70
87 70
75 88
62 5
22 47
19 82
9 16
43 6
48 35
37 51
49 6
26 12
85 58
68 22
24 3
55 32
73 54
13 35
53 51
15 50
9 33
20 17
48 62
22 71
73 34
34 33
40 35
21 12
4 64
33 28
42 88
35 26
76 67
3 21
3 11
3 24
3 17
3 63
5 49
5 51
5 57
5 74
11 16
12 9
12 13
14 52
14 56
17 10
21 50
22 27
22 55
27 61
29 59
31 62
33 26
33 34
35 8
37 15
37 66
44 22
44 46
46 53
46 32
46 72
46 40
46 45
46 29
46 43
46 76
46 71
46 38
46 58
46 47
46 68
46 30
46 48
49 41
52 5
52 3
52 33
52 60
52 35
52 54
52 37
52 28
52 2
52 64
52 25
52 67
52 73
53 42
53 31
54 19
54 39
55 12
55 6
55 18
55 70
55 36
55 69
55 65
55 20
56 44
61 75
61 1
64 23
74 7
75 4
68 12
12 36
6 10
47 46
68 15
40 9
13 37
16 62
41 59
34 56
53 48
12 59
1 67
58 37
19 66
49 11
1 60
46 6
9 32
68 1
63 47
9 15
8 41
76 64
23 34
59 75
5 70
73 21
1 55
58 19
60 30
29 60
29 74
6 37
46 13
53 32
59 2
46 6
42 46
10 4
19 68
18 39
2 14
59 2
8 56
20 67
25 65
67 53
2 72
30 47
24 6
2 6
7 64
28 64
49 37
67 67
28 8
45 29
22 27
30 29
23 66
20 63
54 10
56 71
21 9
42 60
30 59
71 95
1 44
2 15
5 49
5 68
9 57
10 18
10 56
12 10
12 39
13 31
13 21
14 8
20 70
21 40
21 53
27 19
29 26
30 37
30 46
30 13
30 48
30 54
30 60
30 22
30 33
30 66
30 71
31 47
37 38
37 5
37 9
37 6
37 29
38 34
38 42
38 27
38 20
38 64
38 67
38 65
39 43
40 32
44 41
47 12
47 51
48 16
48 7
48 52
48 28
48 14
48 55
49 17
49 3
49 59
51 62
52 69
53 25
53 1
53 2
54 36
54 11
57 50
57 61
60 4
60 45
60 63
61 24
61 23
61 35
68 58
41 44
6 5
28 47
37 4
39 42
19 48
40 71
4 68
57 54
10 67
4 31
10 54
20 63
40 47
36 16
31 6
60 36
10 47
42 6
51 40
47 69
47 16
28 50
43 13
63 12
8 67
2 49
9 22
40 8
28 4
24 58
40 43
22 50
18 23
15 28
63 62
25 38
37 52
48 39
25 39
50 32
65 51
40 33
32 39
1 59
43 24
45 42
26 26
20 43
49 66
31 71
56 55
37 52
67 44
19 20
43 28
11 67
38 51
29 70
18 29
57 20
12 62
62 68
16 41
39 24
35 69
54 50
13 51
30 39
23 8
58 65
35 28
61 2
38 49
31 16
6 16
35 48
6 56
44 53
57 42
36 51
71 19
61 12
69 50
10 20
58 27
45 52
54 34
53 52
11 12
67 47
59 61
23 24
46 26
5 62
94 89
1 80
1 4
2 54
9 90
10 34
10 93
10 65
10 25
10 27
10 91
10 87
10 28
10 77
10 56
10 52
10 45
10 22
10 13
10 60
10 43
10 85
10 7
12 46
12 89
15 64
15 35
15 74
23 51
24 62
29 63
30 37
30 69
32 10
32 39
32 79
32 47
32 67
32 11
34 66
34 29
35 33
36 8
39 14
39 42
39 2
39 75
39 49
39 17
39 82
39 73
39 48
39 18
42 78
42 53
42 41
42 57
46 68
46 16
46 44
46 55
46 50
46 88
46 70
46 3
46 31
46 19
46 58
49 30
59 21
65 86
65 72
65 1
65 83
68 61
68 94
68 84
68 26
71 6
72 38
72 71
74 9
74 24
75 92
79 15
82 5
82 81
82 76
86 23
89 36
89 20
91 59
91 40
93 12
50 84
35 10
8 54
27 10
92 78
65 58
46 80
15 5
80 30
20 77
79 46
50 66
89 41
8 90
79 3
42 34
19 8
43 26
61 2
35 84
79 32
73 30
43 19
34 28
48 53
11 58
31 60
56 25
32 63
21 42
91 88
75 15
1 49
66 87
50 7
8 34
64 12
89 12
30 29
40 10
81 76
67 43
41 28
68 4
22 20
45 45
39 51
85 65
31 57
57 81
89 90
46 58
7 41
1 62
69 40
3 81
47 2
30 87
55 29
22 77
74 66
53 18
48 43
82 79
5 70
91 93
65 42
82 3
14 15
90 82
80 25
1 33
26 56
25 80
16 73
88 89
70 46
12 24
89 25
8 25
94 4
50 90
71 63
24 85
77 19
4 63
43 30
1 94
17 51
97 51
1 44
1 86
1 75
1 97
1 45
1 85
2 38
2 71
2 36
2 78
2 73
4 18
5 96
5 39
5 31
5 27
5 48
7 40
7 26
7 49
7 34
7 84
7 55
7 6
7 10
7 66
7 9
8 14
8 69
20 93
21 13
21 12
21 91
21 70
25 87
28 79
28 77
28 65
30 74
30 35
30 80
31 89
36 23
38 63
38 95
39 59
39 83
39 30
40 15
41 7
41 82
41 3
41 51
41 57
43 62
43 54
56 61
57 4
57 64
59 22
59 20
59 88
64 52
73 17
74 53
74 56
74 92
80 25
81 90
83 41
83 8
83 2
83 43
83 21
86 58
88 32
90 16
92 68
96 28
96 1
96 81
96 67
96 47
96 11
96 94
96 19
96 72
96 24
96 50
96 60
96 33
96 37
96 29
96 46
96 42
96 76
42 66
62 39
75 56
43 10
42 97
89 4
26 72
90 77
77 85
96 56
7 47
45 36
91 79
19 34
6 47
40 78
15 35
51 90
24 93
2 97
92 24
3 51
29 93
30 40
14 60
29 20
9 73
55 34
86 7
67 91
53 40
5 2
74 55
91 1
81 26
97 75
81 33
29 12
59 89
82 72
51 14
91 91
86 79
27 74
86 27
1 72
67 6
73 74
91 97
74 75
26 7
