10
100 86
2 20
2 15
6 44
7 72
7 46
18 37
18 67
18 80
18 83
18 73
18 35
20 53
21 79
21 90
21 52
21 56
21 45
21 13
21 23
21 31
21 27
21 81
21 69
21 98
21 64
21 54
21 33
22 6
22 61
22 14
22 71
26 85
28 43
28 66
28 17
29 82
29 11
29 97
29 63
29 55
29 89
30 50
32 18
32 41
32 21
32 7
32 99
32 38
32 95
32 29
32 84
32 100
32 92
32 1
32 65
32 25
32 88
35 8
37 34
37 75
37 2
41 22
41 76
41 57
41 30
41 16
42 77
44 74
46 42
46 58
49 48
55 24
72 87
76 26
80 3
80 91
80 94
80 68
80 62
80 47
80 60
80 93
80 4
80 12
80 40
80 96
80 36
80 9
80 10
80 86
80 70
80 5
80 78
95 49
99 28
99 51
99 59
99 39
99 19
79 34
15 16
80 27
99 98
59 46
79 31
82 50
23 88
95 62
89 97
84 43
100 96
81 9
39 76
25 95
3 3
28 18
70 59
96 68
56 55
66 87
85 47
36 7
34 82
69 74
79 52
17 30
99 49
90 89
76 15
84 79
69 63
48 39
22 43
6 29
49 23
15 33
21 2
92 54
84 12
80 14
63 96
43 14
44 32
54 20
98 89
50 67
52 97
5 25
91 62
5 40
37 72
24 57
73 15
63 8
26 42
21 41
37 15
6 80
47 59
99 44
48 48
62 51
96 18
75 39
32 31
78 68
2 53
24 27
20 86
34 97
27 7
37 63
73 94
95 19
5 45
15 52
45 28
54 40
46 80
78 77
10 7
44 12
12 19
38 31
5 23
70 91
1 52
2 23
7 16
8 18
9 50
11 55
11 47
11 17
11 39
11 34
11 33
11 9
20 53
20 44
22 49
22 51
22 62
25 1
32 67
32 43
32 36
34 27
34 64
36 63
36 60
37 61
38 48
38 32
38 40
38 2
38 15
38 30
38 65
39 20
39 68
39 3
42 13
42 66
42 46
44 57
46 19
47 7
47 25
47 37
47 35
47 31
47 58
47 4
48 11
48 22
49 42
49 21
49 5
49 6
49 12
49 45
49 59
49 54
49 29
55 28
55 70
55 26
60 14
62 8
65 41
66 24
67 56
68 10
70 69
17 36
50 18
41 41
19 10
69 69
21 37
8 32
5 60
34 52
28 60
68 22
8 58
48 66
51 39
60 45
1 18
23 63
35 63
33 54
15 43
64 35
9 1
66 25
2 29
19 41
31 28
62 50
15 40
57 7
20 47
64 33
64 16
25 41
8 69
36 22
42 29
68 62
41 63
17 42
34 47
13 6
4 16
55 18
67 41
37 17
29 30
61 35
57 27
5 6
25 52
28 66
22 25
70 62
30 16
45 5
62 69
22 7
15 6
36 11
46 2
39 5
43 29
39 29
55 55
35 10
36 4
17 57
40 16
60 11
43 34
27 46
33 48
52 47
53 18
69 41
31 38
45 4
66 25
44 51
21 8
2 68
23 30
66 63
58 55
3 30
30 42
6 4
19 69
62 2
28 61
54 59
95 75
1 59
1 41
1 85
5 11
7 66
7 22
9 57
9 56
9 48
11 68
14 49
14 89
21 72
28 93
28 81
28 61
28 51
31 63
31 28
31 62
36 74
36 20
36 50
36 12
36 77
36 65
36 73
36 4
36 88
36 19
36 55
50 91
54 69
56 58
58 44
61 21
62 18
63 34
63 64
63 54
63 70
63 2
63 25
65 27
67 7
67 47
67 5
71 30
71 76
71 43
71 82
71 32
71 33
71 13
71 8
71 80
74 67
74 87
74 9
75 6
76 42
77 45
78 79
78 94
81 38
87 17
89 31
89 10
89 39
89 15
89 37
89 52
89 40
89 86
89 24
89 83
89 46
89 92
89 60
89 16
89 23
89 35
89 95
89 53
89 84
90 36
90 14
90 71
90 75
90 1
90 29
93 78
93 3
94 26
59 90
72 78
54 39
57 27
54 42
71 22
18 75
64 16
10 43
73 9
59 30
34 77
7 36
21 84
69 53
31 33
44 7
12 3
43 65
26 93
11 1
16 28
72 80
41 81
24 18
90 79
45 25
58 48
60 78
36 31
33 63
60 76
67 71
75 11
40 5
8 47
5 20
75 76
1 17
59 21
34 53
5 75
77 62
27 39
41 59
69 73
27 33
54 93
5 33
8 41
38 12
87 39
28 63
17 29
79 75
49 15
29 50
89 7
16 18
45 54
76 15
28 4
44 81
1 48
16 5
88 50
13 77
88 38
44 6
66 25
80 16
39 13
63 29
20 75
43 61
96 56
2 67
5 96
17 4
20 82
20 5
20 95
28 36
28 44
28 63
28 78
28 3
28 50
28 69
29 38
29 86
29 46
29 58
29 33
29 79
29 30
29 31
29 21
29 45
29 73
29 40
29 9
29 64
29 72
29 47
29 81
29 61
29 56
32 28
32 57
32 37
32 91
32 8
32 6
32 19
32 11
33 87
36 22
38 93
38 32
41 2
41 92
41 66
41 48
41 59
43 17
46 53
48 90
49 15
55 62
55 71
55 49
55 68
55 1
55 85
55 27
55 52
57 77
58 39
59 14
74 20
75 84
80 75
82 70
82 16
84 26
86 74
86 55
91 51
91 35
92 94
93 80
93 43
93 41
93 23
93 88
93 18
93 83
93 42
93 12
93 54
93 65
93 25
93 13
93 60
93 10
93 24
93 34
93 89
95 7
95 76
61 45
7 65
11 77
80 52
14 92
54 43
53 37
63 47
63 21
68 50
30 84
82 59
18 79
26 32
48 69
47 12
17 21
45 92
66 28
47 79
23 68
89 44
8 24
90 38
12 61
88 41
16 41
3 33
24 28
64 39
64 78
18 81
66 62
44 35
58 90
17 80
61 74
91 36
1 52
74 12
16 33
52 95
73 55
31 64
50 94
6 18
43 88
66 13
53 13
47 14
70 32
62 34
9 24
69 9
76 14
20 59
90 73
5 35
12 21
12 87
12 9
12 10
18 67
18 90
19 78
21 47
21 41
21 65
22 30
23 58
24 69
26 44
26 5
26 19
26 42
26 76
26 34
26 25
26 61
26 82
26 52
27 36
27 39
27 26
36 60
36 62
36 51
36 7
37 73
38 46
38 53
39 18
39 83
39 48
39 3
39 31
44 23
44 13
44 66
44 70
48 68
48 1
48 40
48 77
48 79
48 74
50 14
50 20
53 43
53 59
60 72
60 38
60 37
60 84
60 54
60 24
60 64
60 56
60 2
60 16
60 17
60 8
60 15
60 45
60 29
62 22
62 85
62 55
62 75
64 6
67 80
71 12
71 27
72 50
72 49
72 81
72 86
72 11
72 33
72 89
72 28
72 4
72 57
72 32
78 88
84 63
11 56
74 54
74 80
27 82
85 64
28 8
56 73
56 76
60 27
3 63
83 20
58 1
47 85
2 76
40 14
14 50
31 50
65 14
39 1
5 85
64 32
2 82
66 57
67 87
45 32
60 37
13 27
90 59
21 53
45 22
66 20
71 58
69 7
71 69
59 37
25 84
31 78
75 6
44 14
3 51
7 24
49 19
50 10
40 32
62 84
53 89
65 85
56 44
53 36
74 21
73 9
14 65
86 89
70 2
64 34
52 70
19 62
88 68
72 37
61 43
82 75
42 57
31 7
62 83
5 45
13 77
53 27
51 49
77 82
50 50
78 63
29 6
34 78
84 58
2 17
8 2
8 75
8 40
8 54
8 1
8 79
8 38
8 47
8 3
8 37
8 18
8 55
8 44
8 84
12 7
13 29
13 57
17 67
17 23
17 64
17 80
17 62
17 72
17 83
17 73
17 24
17 11
17 63
22 53
22 20
22 26
22 39
22 81
23 41
23 78
23 12
28 71
30 56
30 69
30 21
30 9
30 59
30 6
30 19
30 36
30 25
34 77
34 66
34 4
43 5
43 68
52 30
52 22
52 28
52 76
52 27
52 16
52 14
52 10
53 70
53 51
54 33
56 42
56 34
57 15
59 60
61 8
61 52
61 43
64 65
67 13
68 82
68 35
69 74
69 45
70 48
71 50
72 31
75 46
75 49
75 58
77 32
11 14
10 53
60 7
41 60
22 38
71 72
31 18
41 44
32 35
35 47
35 64
41 15
80 50
67 53
21 62
42 31
31 7
84 47
13 80
22 34
33 8
61 19
25 58
19 12
8 53
14 42
72 54
12 24
19 78
76 39
11 73
26 42
80 65
4 48
60 25
82 8
72 14
67 12
27 1
23 74
53 36
31 81
5 83
60 64
32 51
58 43
80 83
84 31
63 43
78 38
67 31
2 54
45 24
21 71
24 83
61 32
34 47
28 78
91 65
2 20
3 90
8 58
13 91
19 23
19 45
19 88
19 48
19 85
19 41
21 69
21 64
21 63
21 57
21 77
21 17
21 80
21 55
21 43
23 33
26 67
26 3
26 31
26 72
26 9
26 87
26 42
26 61
26 89
26 40
26 79
28 49
33 44
33 52
33 65
34 19
34 82
34 22
34 46
34 8
34 53
34 56
34 54
34 38
34 18
34 30
34 35
34 47
34 70
34 51
34 1
34 15
34 6
37 86
39 32
39 75
41 78
41 74
45 21
48 2
48 62
48 36
48 71
48 10
48 5
48 68
52 66
52 28
60 39
62 76
62 13
67 60
69 14
69 59
78 81
81 11
82 27
85 12
85 16
85 84
85 73
85 7
85 24
85 50
85 25
88 26
90 37
90 4
90 83
90 29
8 79
75 45
81 31
7 33
8 80
61 2
70 68
69 48
8 76
16 57
57 14
63 59
76 48
79 5
47 59
5 17
9 80
24 89
73 30
84 44
18 53
8 51
83 76
61 53
23 76
19 80
53 44
10 37
91 88
41 9
18 46
79 80
88 11
77 32
41 32
75 21
47 82
71 2
30 41
54 52
25 72
3 77
78 13
76 40
63 80
48 44
88 35
32 47
9 72
78 49
66 62
69 22
52 12
23 81
52 39
5 39
20 61
79 6
36 63
9 8
14 56
14 10
54 8
56 62
79 43
81 69
1 14
1 77
1 74
1 32
1 47
1 28
1 8
1 23
4 39
6 24
7 35
9 75
12 81
12 43
12 58
12 44
12 5
12 42
13 12
18 71
25 1
25 13
25 50
25 33
25 41
25 20
25 53
26 49
31 15
35 48
36 46
37 11
37 36
37 79
37 80
42 19
45 72
45 26
45 6
45 34
45 59
45 27
45 56
45 22
49 60
52 9
52 4
52 2
52 66
52 55
52 73
62 52
62 70
62 25
62 78
62 37
62 64
62 63
62 68
62 57
62 51
62 17
62 54
62 3
62 38
62 29
62 61
70 45
70 7
70 10
70 76
70 16
70 40
70 69
70 65
72 31
72 30
77 67
78 18
81 21
26 29
14 35
16 13
55 8
64 64
73 48
3 3
40 45
2 50
54 38
38 8
80 5
28 72
55 71
65 73
50 9
21 79
59 36
10 33
44 73
31 51
55 33
69 29
13 6
13 66
43 50
74 57
70 20
47 44
10 30
35 75
55 55
72 32
26 16
80 4
7 29
54 77
78 57
40 9
62 53
9 23
37 1
80 26
37 61
69 62
26 38
55 15
28 61
62 53
76 61
72 17
24 44
12 20
19 51
44 16
38 53
54 75
69 68
19 40
48 22
20 8
59 9
22 21
69 2
8 63
62 79
79 21
57 25
56 76
93 71
14 21
15 48
15 29
16 52
19 35
19 46
19 83
20 26
25 86
28 18
33 66
35 91
35 82
35 79
35 11
35 81
35 58
35 36
35 50
35 59
35 17
35 42
35 31
35 93
38 64
45 28
45 55
45 32
45 3
46 74
46 16
56 63
56 80
56 76
63 65
64 85
64 7
64 4
69 15
69 84
69 53
69 20
70 6
71 78
71 90
71 61
74 49
78 13
79 33
80 92
82 70
82 43
82 67
82 73
82 77
82 5
82 68
82 9
82 62
82 12
82 24
82 34
82 8
82 37
82 22
82 60
83 71
83 89
83 69
83 56
83 38
83 39
83 87
83 2
83 10
83 44
83 75
83 51
83 72
83 88
83 40
83 54
83 47
84 57
86 23
86 14
87 30
89 45
89 41
89 1
89 27
91 25
23 41
35 59
37 83
76 74
24 15
91 34
74 92
58 51
47 36
24 38
3 79
37 21
71 20
20 54
47 24
54 67
62 88
31 5
77 13
76 5
25 74
37 5
70 1
55 21
36 76
59 37
59 93
55 37
17 74
90 61
5 51
32 66
43 62
69 25
72 51
27 2
29 63
6 3
63 59
24 4
39 80
40 5
77 1
41 93
72 37
58 76
85 89
47 35
58 22
59 34
70 85
35 4
53 39
6 20
4 27
21 42
13 60
46 87
58 84
86 35
28 50
17 17
44 61
51 6
80 14
39 57
4 72
60 56
17 63
75 18
90 1
95 67
1 6
3 13
3 46
3 86
5 15
5 49
6 10
14 16
14 34
15 56
21 17
22 21
23 32
23 81
27 8
28 36
28 51
29 55
32 57
32 63
32 90
42 53
53 74
55 40
59 69
59 29
59 14
59 66
59 73
59 37
59 54
59 48
59 43
59 12
59 44
59 7
59 91
59 2
59 24
59 9
59 72
59 84
60 20
61 60
63 77
67 59
67 23
67 26
67 1
69 83
69 71
69 28
69 42
69 52
69 31
69 64
69 78
69 80
69 94
69 39
69 30
71 5
71 27
71 38
71 41
71 65
71 47
71 58
71 76
71 85
71 68
71 33
71 89
71 25
71 75
71 50
71 87
71 70
71 93
71 95
74 92
81 61
81 4
81 79
81 62
81 82
81 11
81 19
81 45
81 35
81 88
83 3
83 18
90 22
40 31
90 26
29 38
11 65
40 14
90 94
31 53
68 59
41 85
13 53
22 39
64 42
3 1
42 47
76 64
11 17
95 5
43 25
42 53
89 78
64 80
76 94
34 49
54 71
35 63
28 56
6 89
94 5
89 38
51 69
6 58
86 5
59 30
26 2
79 19
80 47
1 60
42 34
10 92
10 44
59 34
1 62
27 95
66 20
37 19
86 39
76 76
44 37
7 69
38 85
85 22
37 85
79 78
23 85
75 32
31 35
63 31
1 89
27 64
14 60
82 4
4 59
76 44
95 82
14 38
71 95
56 9
