100
58 37 49 88 28 37 64 22 51 4 2 81 66 83 67 73 73 45 63 21 30 7 59 73 85 69 22 34 30 42 98 85 5 76 3 27 22 90 9 74 34 78 29 55 67 35 25 40 32 59 84 62 12 73 6 43 78 46 19 46 69 73 71 79 52 22 88 53 25 89 96 81 92 68 36 95 17 64 96 58 69 85 35 42 15 42 39 64 79 85 97 41 9 45 68 44 12 45 50 69
100
65 53 41 11 63 74 73 29 69 72 1 25 6 84 15 22 42 98 3 74 93 3 55 51 65 37 52 78 93 95 40 29 13 13 49 1 10 19 87 42 74 45 34 57 18 24 22 100 21 6 44 66 81 18 6 56 87 64 80 33 2 43 36 80 92 20 60 29 1 14 9 18 18 84 67 10 58 32 78 94 12 34 59 72 17 51 58 11 51 72 86 24 51 78 48 78 75 29 20 21
100
45 30 19 53 16 10 48 85 31 97 58 57 19 43 56 51 78 23 35 64 7 78 69 62 54 20 72 28 5 59 85 14 13 69 71 32 68 24 73 75 40 4 15 81 20 98 31 68 43 52 28 41 38 43 80 89 99 34 42 63 25 21 64 53 49 18 53 56 92 4 21 40 41 52 41 38 39 28 15 53 86 3 93 69 12 58 16 100 26 41 11 27 71 28 62 11 34 35 37 98
100
27 20 7 60 76 87 34 86 98 85 95 70 84 39 32 74 58 49 15 10 60 69 30 19 31 89 1 72 7 5 36 19 16 40 39 12 42 81 15 47 37 24 24 78 4 63 93 33 57 63 51 50 11 55 31 96 43 69 43 47 27 67 21 5 96 19 96 17 48 92 49 27 72 11 16 71 76 22 71 93 54 99 50 65 75 45 93 4 32 27 61 72 76 67 48 75 12 78 59 74
100
42 22 45 24 74 94 26 19 8 31 71 2 95 60 5 23 99 40 15 19 10 46 72 72 84 68 73 1 22 52 32 43 7 34 66 97 90 69 60 83 38 55 64 67 80 54 29 38 76 90 69 80 97 23 12 5 74 89 12 30 4 70 70 19 100 10 15 56 78 20 66 48 3 56 58 61 99 63 80 81 43 80 99 46 99 10 88 34 35 65 20 72 83 94 79 76 23 87 45 59
100
10 66 20 88 94 10 2 32 53 46 41 49 98 35 17 81 74 37 19 90 46 45 16 91 99 48 83 74 17 38 11 75 16 51 65 17 14 73 12 27 3 43 60 64 20 4 92 93 30 67 79 2 71 47 66 30 49 53 20 52 83 72 70 48 71 70 37 39 8 49 53 46 19 59 26 39 33 24 32 96 95 41 7 15 83 98 77 32 43 15 62 32 94 99 37 36 18 24 11 100
100
28 25 83 59 65 85 82 29 36 99 63 87 46 93 13 18 43 85 77 70 42 1 75 86 30 82 55 96 82 12 44 23 98 99 80 73 93 18 50 53 97 100 57 24 7 25 89 5 43 64 79 43 36 26 3 32 32 69 24 74 19 100 47 90 54 19 71 74 45 78 23 100 89 45 16 77 28 91 31 91 59 17 64 65 37 28 13 38 5 49 97 45 83 25 43 89 92 30 66 54
100
11 26 36 59 36 15 20 12 53 56 24 96 100 7 32 6 96 88 16 32 8 70 31 6 99 56 44 32 76 13 54 39 23 33 69 15 32 5 84 65 39 13 72 33 26 65 100 64 1 93 28 77 51 96 61 22 85 71 60 9 49 5 17 76 30 84 31 100 48 75 50 85 27 35 31 19 25 34 16 11 56 63 68 38 92 90 67 73 35 16 38 64 47 98 5 8 41 62 46 22
100
61 15 32 57 74 7 22 34 76 39 14 94 21 40 26 23 85 97 85 71 92 60 36 18 12 85 15 7 58 11 18 98 67 84 17 73 95 22 81 34 91 100 77 62 73 46 67 13 32 10 96 80 59 25 41 96 80 59 30 13 13 25 48 62 94 65 89 16 78 90 72 11 64 98 83 27 61 20 20 97 99 71 40 28 57 35 37 47 1 67 11 6 4 55 90 82 90 84 71 44
100
43 98 41 71 44 12 100 24 75 29 100 44 21 4 31 62 60 84 14 67 13 26 58 98 73 45 63 31 88 16 43 89 52 4 36 19 14 10 13 3 40 83 22 47 16 99 20 2 94 33 18 89 40 24 33 40 78 85 54 53 19 60 60 38 92 85 70 21 10 22 78 50 51 32 8 100 96 70 31 59 32 49 39 100 83 52 29 31 67 51 8 57 90 26 85 92 74 51 76 60
0
