20
19 13 3 3 17 10 6 10 11 9 8 10 16 17 19 5 2 10 18 8
20
6 5 8 6 16 5 4 16 7 3 10 17 11 17 8 11 14 11 6 19
20
17 16 10 20 8 9 3 20 12 8 7 14 12 10 9 20 17 1 1 11
20
8 4 7 9 15 13 18 15 13 14 14 9 12 14 19 2 3 20 2 14
20
13 14 1 13 14 1 12 20 5 2 12 20 17 18 7 3 19 1 19 4
20
17 2 8 15 12 15 11 12 5 16 9 5 1 19 5 5 1 20 5 6
20
6 13 15 2 15 6 14 4 10 16 12 18 4 15 12 10 19 4 16 15
20
17 19 20 14 16 3 3 20 3 14 14 15 3 8 8 15 13 10 12 2
20
4 2 12 2 9 17 19 3 6 1 13 8 7 14 7 9 4 4 5 11
20
12 1 17 19 19 16 3 12 5 2 9 12 19 15 18 7 5 9 4 16
0
