98
0 402 572 651 49 986 743 611 575 710 760 573 128 491 147 159 384 507 977 605 781 632 344 693 899 590 973 442 583 440 397 919 866 730 471 326 820 200 274 717 607 628 831 334 578 926 416 841 583 703 391 984 374 69 293 454 58 968 683 512 479 70 360 94 88 178 326 100 450 279 124 136 211 950 998 517 272 465 250 175 246 440 496 936 440 208 679 590 787 559 968 631 522 486 537 592 275 651 
402 0 461 788 590 955 118 721 542 27 462 510 230 560 133 636 393 131 430 299 374 808 365 628 385 778 838 609 236 726 68 333 861 975 641 560 945 869 80 117 945 68 743 102 585 50 769 527 775 956 304 163 914 905 81 132 800 93 675 822 493 454 453 870 19 669 820 586 676 892 753 615 132 623 378 585 578 24 208 632 704 361 618 689 174 480 259 363 426 72 893 699 811 531 116 314 589 56 
572 461 0 482 425 767 183 614 416 842 879 519 122 18 76 721 663 877 5 564 477 212 249 420 366 881 38 745 119 249 607 416 594 88 271 452 144 450 81 459 251 571 752 210 675 668 42 157 446 212 698 571 427 955 468 9 10 324 688 624 727 1 545 139 435 311 367 687 130 800 206 117 640 405 739 165 916 801 21 909 340 738 227 125 413 826 392 748 684 946 384 12 156 242 666 491 594 773 
651 788 482 0 575 232 598 200 977 486 294 526 321 716 374 766 869 272 365 757 505 218 183 450 297 209 309 850 170 23 122 525 743 395 509 202 234 824 298 808 65 893 115 705 123 349 826 232 379 942 210 580 894 556 368 966 13 239 211 270 391 952 732 935 150 49 534 50 100 24 549 807 825 106 792 150 660 402 880 739 280 116 458 750 708 960 348 766 92 910 438 468 229 629 18 729 194 539 
49 590 425 575 0 320 348 564 465 602 411 437 715 230 653 478 820 608 951 19 132 253 774 810 289 981 151 984 677 961 668 806 666 2 644 771 155 476 577 637 992 185 882 259 615 148 591 877 170 265 900 838 363 709 275 707 705 946 483 872 466 225 44 568 521 2 10 681 40 822 68 201 220 230 624 127 509 165 942 562 629 190 393 20 854 897 526 176 476 62 510 27 897 349 149 178 957 440 
986 955 767 232 320 0 26 883 876 179 226 412 723 391 170 280 37 508 346 847 154 23 681 977 785 559 924 718 727 367 629 435 28 687 824 33 792 116 481 874 646 874 308 346 199 222 650 749 552 471 372 953 717 450 203 681 316 489 121 772 863 591 581 395 338 591 297 580 437 523 707 802 506 509 539 563 570 945 827 612 112 668 823 652 27 370 431 614 837 830 856 400 940 203 408 167 72 837 
743 118 183 598 348 26 0 602 979 441 671 941 851 662 854 783 521 406 606 468 372 233 392 605 247 761 250 687 914 544 434 505 599 652 525 784 249 805 277 63 962 366 958 234 421 829 853 78 593 280 74 7 505 366 99 286 712 919 832 68 924 651 695 470 761 981 924 598 112 946 714 433 33 428 435 124 395 607 595 584 833 928 672 940 956 601 777 100 279 495 978 552 715 463 570 64 48 26 
611 721 614 200 564 883 602 0 253 720 374 765 155 866 882 194 990 801 57 169 46 55 382 680 226 880 929 373 526 637 387 240 905 554 212 415 308 809 26 508 145 570 405 457 492 173 404 840 621 62 759 240 971 31 519 987 768 598 615 484 663 505 285 550 499 534 332 248 12 187 874 268 502 337 716 881 822 453 652 970 823 160 690 978 953 672 124 408 922 696 872 140 691 540 750 911 983 251 
575 542 416 977 465 876 979 253 0 410 947 876 442 315 291 861 242 721 330 25 689 198 580 253 477 295 804 378 63 94 524 821 201 17 229 211 273 595 986 94 10 753 736 776 767 748 382 721 97 245 880 201 342 570 432 997 753 663 440 403 418 104 122 124 709 64 124 727 157 707 488 500 396 242 690 84 430 382 766 441 342 941 23 199 478 272 639 402 118 647 298 469 484 665 79 713 565 76 
710 27 842 486 602 179 441 720 410 0 636 169 260 524 526 526 755 283 373 909 368 902 122 948 227 126 458 837 983 809 70 28 979 569 582 297 607 24 39 36 572 49 521 651 917 424 401 847 331 565 442 238 706 680 898 38 772 259 750 985 525 365 112 468 200 831 845 325 770 187 998 927 999 686 953 309 182 374 8 301 570 337 156 756 308 570 741 984 816 790 121 860 471 823 662 442 80 373 
760 462 879 294 411 226 671 374 947 636 0 743 266 736 949 207 632 360 759 483 189 202 13 396 997 528 261 297 564 514 480 661 566 406 644 16 314 146 92 298 345 12 515 379 966 382 980 866 757 970 813 506 792 78 667 86 444 306 586 576 343 555 242 477 194 780 598 951 693 504 134 179 895 685 762 307 701 164 718 55 655 522 662 706 757 976 230 757 939 514 177 205 308 926 493 533 408 11 
573 510 519 526 437 412 941 765 876 169 743 0 256 841 365 78 767 798 678 586 495 330 740 501 927 935 714 627 435 508 332 652 852 706 179 154 630 49 169 106 139 603 341 271 139 886 24 496 809 724 28 834 950 604 615 680 248 153 29 999 727 141 217 70 919 545 825 362 842 862 482 203 503 134 420 881 945 938 494 209 289 745 962 317 509 647 326 991 140 379 404 516 351 285 316 538 318 20 
128 230 122 321 715 723 851 155 442 260 266 256 0 312 377 192 703 827 515 94 324 275 333 482 36 910 218 117 360 792 935 712 690 81 514 482 334 628 416 48 914 722 468 581 141 14 882 624 121 883 114 507 69 419 604 769 864 15 265 342 110 420 22 488 363 532 254 257 825 367 462 952 707 444 448 933 57 230 476 81 825 60 997 111 536 927 543 847 804 68 811 865 350 411 57 94 966 931 
491 560 18 716 230 391 662 866 315 524 736 841 312 0 103 82 349 441 915 811 840 678 582 522 325 126 492 452 752 429 339 596 513 599 250 7 480 98 904 44 118 284 212 214 698 231 884 488 164 979 920 76 183 18 523 388 757 782 868 770 950 682 970 373 305 592 181 62 85 388 983 646 351 165 114 546 727 545 197 378 395 225 20 77 15 368 565 1 286 282 863 456 319 504 584 191 171 353 
147 133 76 374 653 170 854 882 291 526 949 365 377 103 0 165 143 315 184 16 58 835 344 533 531 160 9 437 83 942 123 990 842 932 591 655 220 505 872 898 952 140 372 313 626 467 246 735 581 785 779 516 137 1 952 813 81 746 877 181 34 639 698 65 204 522 433 944 815 492 603 871 183 799 721 420 675 334 774 7 183 782 731 110 435 522 94 150 658 488 40 648 406 383 500 677 881 194 
159 636 721 766 478 280 783 194 861 526 207 78 192 82 165 0 157 210 997 450 81 758 355 873 68 739 696 378 987 151 715 186 875 606 834 5 986 411 869 802 474 205 805 194 849 953 436 639 103 974 998 689 973 579 675 665 952 542 790 79 740 425 569 76 566 488 786 62 968 280 481 595 716 864 845 161 451 869 173 468 230 141 367 454 349 978 800 681 226 621 128 728 510 930 36 235 999 718 
384 393 663 869 820 37 521 990 242 755 632 767 703 349 143 157 0 186 792 176 858 183 166 255 577 352 19 518 869 180 632 662 526 413 992 375 454 715 974 365 33 492 784 31 423 804 608 878 97 434 969 249 879 463 762 120 460 700 6 580 679 195 771 40 496 318 853 965 600 769 662 546 815 256 808 542 453 746 257 148 247 846 306 618 667 448 49 880 720 195 349 402 20 839 511 903 634 960 
507 131 877 272 608 508 406 801 721 283 360 798 827 441 315 210 186 0 807 318 256 206 398 465 830 156 943 6 887 377 626 622 815 321 502 815 605 184 791 259 880 171 178 173 99 411 745 94 860 577 146 570 35 719 858 843 999 939 91 583 522 876 21 80 551 260 409 749 267 103 518 25 149 146 738 344 179 545 982 559 412 384 645 601 291 374 864 462 660 779 135 904 80 330 314 295 470 39 
977 430 5 365 951 346 606 57 330 373 759 678 515 915 184 997 792 807 0 148 900 155 904 994 815 665 957 869 423 489 895 811 38 391 172 239 953 26 13 201 684 429 199 298 555 822 392 696 668 587 56 592 764 727 426 580 71 284 95 44 448 460 696 63 915 771 299 360 939 862 844 407 278 847 991 889 530 867 253 47 698 691 489 122 592 30 542 514 279 85 857 225 352 865 815 363 20 350 
605 299 564 757 19 847 468 169 25 909 483 586 94 811 16 450 176 318 148 0 378 871 67 267 430 740 145 526 246 400 8 908 434 559 369 653 105 813 660 778 443 564 431 525 129 609 999 444 259 791 1 180 775 612 79 171 931 727 890 179 338 230 736 794 410 738 522 936 215 180 6 761 937 351 860 996 168 34 299 954 176 919 327 351 820 27 384 287 592 206 607 744 666 579 204 863 684 499 
781 374 477 505 132 154 372 46 689 368 189 495 324 840 58 81 858 256 900 378 0 925 599 204 311 480 455 701 404 263 466 981 795 986 161 975 431 352 394 991 499 111 417 216 25 28 593 396 888 609 574 856 171 229 367 476 657 211 198 990 592 912 925 371 680 665 144 736 477 238 531 218 242 875 771 383 621 229 282 690 558 23 349 946 428 711 562 842 297 829 589 418 244 439 548 840 795 638 
632 808 212 218 253 23 233 55 198 902 202 330 275 678 835 758 183 206 155 871 925 0 586 679 336 547 695 240 780 263 294 277 666 377 234 386 266 453 440 422 674 605 571 145 174 814 495 755 310 820 358 288 412 177 947 369 2 978 100 452 551 833 733 430 342 630 873 772 382 776 853 391 808 603 211 855 147 86 660 410 199 700 403 480 285 620 433 792 645 827 832 564 620 757 799 241 911 227 
344 365 249 183 774 681 392 382 580 122 13 740 333 582 344 355 166 398 904 67 599 586 0 201 962 807 848 820 466 645 622 554 987 308 926 968 679 70 755 462 921 595 144 475 243 380 963 215 908 245 597 924 856 182 765 821 67 862 711 872 176 208 180 80 668 998 494 480 146 556 965 63 500 580 674 700 294 625 929 152 620 663 308 589 935 416 738 375 783 679 369 88 377 46 59 712 964 227 
693 628 420 450 810 977 605 680 253 948 396 501 482 522 533 873 255 465 994 267 204 679 201 0 535 409 610 10 281 666 729 603 749 711 809 300 616 568 970 209 186 346 579 373 858 196 621 100 339 323 323 169 813 921 229 135 434 834 589 286 3 498 36 697 225 759 365 478 629 182 266 221 780 626 630 863 211 133 126 167 626 703 882 845 276 671 869 691 30 267 606 835 814 791 640 827 731 47 
899 385 366 297 289 785 247 226 477 227 997 927 36 325 531 68 577 830 815 430 311 336 962 535 0 376 711 736 833 43 291 357 374 558 796 475 747 793 362 916 131 32 836 225 139 225 770 546 798 513 383 98 488 763 398 271 127 95 536 58 106 380 268 417 490 414 830 100 318 146 434 301 774 307 88 303 72 347 126 566 138 512 168 547 834 798 976 674 539 144 881 578 105 121 812 939 753 680 
590 778 881 209 981 559 761 880 295 126 528 935 910 126 160 739 352 156 665 740 480 547 807 409 376 0 587 274 705 111 639 844 182 649 964 314 169 335 400 929 208 338 42 381 591 643 675 386 774 860 76 939 453 75 913 680 133 279 447 369 237 188 356 369 338 951 115 759 383 993 135 9 664 868 461 440 768 5 873 458 789 253 825 712 115 337 484 331 578 909 166 156 989 346 71 524 962 445 
973 838 38 309 151 924 250 929 804 458 261 714 218 492 9 696 19 943 957 145 455 695 848 610 711 587 0 56 100 946 123 241 990 562 326 223 76 604 414 859 32 573 614 487 850 130 424 136 934 509 403 612 495 843 161 572 381 113 309 644 699 542 334 61 573 486 222 824 174 962 522 287 612 903 38 147 89 438 29 185 344 172 729 313 450 193 111 392 755 739 216 56 15 725 371 434 57 408 
442 609 745 850 984 718 687 373 378 837 297 627 117 452 437 378 518 6 869 526 701 240 820 10 736 274 56 0 842 875 753 479 852 686 90 833 906 428 733 59 225 455 465 709 230 905 426 361 909 369 896 256 459 735 575 604 727 213 832 955 70 516 697 452 693 384 755 965 332 748 963 202 682 991 604 568 319 703 589 990 245 604 276 628 543 509 845 131 754 816 919 850 610 325 178 841 627 578 
583 236 119 170 677 727 914 526 63 983 564 435 360 752 83 987 869 887 423 246 404 780 466 281 833 705 100 842 0 167 936 948 129 518 347 130 217 95 869 620 721 394 861 374 588 871 623 791 128 702 880 274 323 380 672 906 272 762 17 49 18 867 47 56 634 299 212 943 261 295 688 955 211 716 110 169 192 414 711 718 393 919 372 419 537 610 389 941 55 927 140 759 205 792 383 427 245 671 
440 726 249 23 961 367 544 637 94 809 514 508 792 429 942 151 180 377 489 400 263 263 645 666 43 111 946 875 167 0 349 177 518 943 924 138 340 224 685 990 940 295 753 122 221 555 240 56 966 797 915 201 769 892 321 306 501 177 771 801 391 656 851 275 188 285 735 142 809 968 821 128 4 749 386 701 431 553 536 167 531 675 275 189 6 408 314 330 458 134 681 351 400 95 130 378 790 98 
397 68 607 122 668 629 434 387 524 70 480 332 935 339 123 715 632 626 895 8 466 294 622 729 291 639 123 753 936 349 0 827 30 32 7 461 266 570 219 478 825 240 495 707 592 372 664 772 658 321 634 822 962 878 281 700 166 457 759 809 341 669 780 267 44 264 254 955 104 370 88 969 31 6 149 423 820 231 382 205 315 389 418 753 358 332 807 678 962 774 739 946 246 766 367 216 575 794 
919 333 416 525 806 435 505 240 821 28 661 652 712 596 990 186 662 622 811 908 981 277 554 603 357 844 241 479 948 177 827 0 346 247 817 807 36 294 495 336 680 21 692 707 518 148 390 631 62 756 270 609 696 800 965 711 329 81 51 561 848 936 758 149 721 828 889 42 62 573 811 442 773 17 107 685 463 230 961 244 638 710 867 354 329 817 67 882 194 837 459 742 726 277 272 18 872 321 
866 861 594 743 666 28 599 905 201 979 566 852 690 513 842 875 526 815 38 434 795 666 987 749 374 182 990 852 129 518 30 346 0 917 564 697 284 445 116 106 884 362 847 575 806 604 8 934 92 752 570 364 683 149 753 438 653 622 797 974 883 461 304 144 558 305 554 79 836 859 574 94 136 724 115 286 361 576 95 150 234 35 892 877 531 887 572 44 883 557 573 402 562 977 597 43 378 505 
730 975 88 395 2 687 652 554 17 569 406 706 81 599 932 606 413 321 391 559 986 377 308 711 558 649 562 686 518 943 32 247 917 0 277 913 409 20 299 288 427 162 599 268 618 40 58 928 455 884 331 392 740 184 748 709 175 132 446 784 419 21 324 405 830 926 972 993 233 522 293 437 670 762 239 587 735 383 402 113 7 478 644 229 122 157 198 777 645 71 474 957 753 359 384 58 168 919 
471 641 271 509 644 824 525 212 229 582 644 179 514 250 591 834 992 502 172 369 161 234 926 809 796 964 326 90 347 924 7 817 564 277 0 9 269 470 792 495 744 913 806 763 640 848 215 214 440 49 831 188 589 355 684 677 341 320 261 182 238 239 490 83 870 877 774 91 514 948 711 601 597 475 250 186 474 631 840 335 270 825 676 103 388 129 767 1000 285 746 896 209 307 905 641 98 65 212 
326 560 452 202 771 33 784 415 211 297 16 154 482 7 655 5 375 815 239 653 975 386 968 300 475 314 223 833 130 138 461 807 697 913 9 0 791 920 692 742 227 899 729 833 420 752 950 811 613 16 822 553 397 857 379 496 357 567 631 845 700 685 699 711 431 306 916 759 875 32 641 294 707 305 738 764 869 741 389 712 214 577 284 248 736 136 449 572 711 618 82 428 811 325 98 220 686 944 
820 945 144 234 155 792 249 308 273 607 314 630 334 480 220 986 454 605 953 105 431 266 679 616 747 169 76 906 217 340 266 36 284 409 269 791 0 487 780 162 72 36 906 965 169 613 59 28 6 707 55 697 808 985 302 741 490 620 566 556 281 963 257 151 520 516 268 573 21 44 1000 590 175 622 130 501 656 327 229 725 118 146 819 881 149 878 981 390 833 900 330 356 692 562 792 224 240 755 
200 869 450 824 476 116 805 809 595 24 146 49 628 98 505 411 715 184 26 813 352 453 70 568 793 335 604 428 95 224 570 294 445 20 470 920 487 0 420 557 705 630 763 996 412 29 420 291 33 681 904 547 445 72 782 962 404 238 93 601 514 242 536 552 982 209 697 688 977 894 776 385 981 902 685 310 869 589 434 918 102 105 699 394 343 81 543 451 563 592 225 113 373 719 210 513 464 237 
274 80 81 298 577 481 277 26 986 39 92 169 416 904 872 869 974 791 13 660 394 440 755 970 362 400 414 733 869 685 219 495 116 299 792 692 780 420 0 601 371 468 133 641 911 276 705 650 234 429 932 792 367 888 897 482 124 516 245 681 362 190 983 612 929 191 599 358 886 571 866 562 208 641 805 644 43 545 40 681 37 88 326 226 40 807 572 979 984 665 305 919 501 217 199 482 668 195 
717 117 459 808 637 874 63 508 94 36 298 106 48 44 898 802 365 259 201 778 991 422 462 209 916 929 859 59 620 990 478 336 106 288 495 742 162 557 601 0 433 788 642 92 935 712 440 100 455 303 934 897 149 555 733 89 594 283 357 958 50 66 378 626 580 931 744 299 178 102 839 89 922 863 819 584 86 708 346 517 459 86 841 431 978 501 971 144 302 899 979 176 175 578 222 289 156 830 
607 945 251 65 992 646 962 145 10 572 345 139 914 118 952 474 33 880 684 443 499 674 921 186 131 208 32 225 721 940 825 680 884 427 744 227 72 705 371 433 0 679 635 998 328 452 172 489 715 597 345 784 150 751 31 352 528 849 842 586 38 958 647 372 533 39 542 365 746 432 774 311 331 588 989 970 402 962 793 571 671 441 854 149 650 651 635 434 379 381 345 972 844 541 871 307 896 610 
628 68 571 893 185 874 366 570 753 49 12 603 722 284 140 205 492 171 429 564 111 605 595 346 32 338 573 455 394 295 240 21 362 162 913 899 36 630 468 788 679 0 999 20 229 657 685 515 342 750 744 297 158 317 915 919 919 173 183 608 704 96 576 440 474 323 196 308 930 426 351 92 455 677 918 951 743 60 758 87 43 609 339 283 796 134 153 87 923 179 482 123 808 142 691 367 427 205 
831 743 752 115 882 308 958 405 736 521 515 341 468 212 372 805 784 178 199 431 417 571 144 579 836 42 614 465 861 753 495 692 847 599 806 729 906 763 133 642 635 999 0 363 73 949 815 595 263 26 962 730 98 510 700 768 841 787 386 956 776 558 947 696 499 476 568 12 371 963 672 644 425 996 590 817 30 646 191 725 99 830 154 99 486 147 648 486 442 277 734 43 525 214 537 826 825 202 
334 102 210 705 259 346 234 457 776 651 379 271 581 214 313 194 31 173 298 525 216 145 475 373 225 381 487 709 374 122 707 707 575 268 763 833 965 996 641 92 998 20 363 0 468 465 53 112 835 479 810 643 570 522 634 120 391 215 459 279 147 377 20 859 895 922 147 621 923 150 235 615 38 31 789 903 458 544 268 651 495 852 203 612 538 929 178 281 182 449 507 188 545 304 927 752 861 540 
578 585 675 123 615 199 421 492 767 917 966 139 141 698 626 849 423 99 555 129 25 174 243 858 139 591 850 230 588 221 592 518 806 618 640 420 169 412 911 935 328 229 73 468 0 239 920 354 505 728 664 724 693 335 790 306 676 954 50 377 6 129 545 812 130 914 728 369 366 165 333 737 805 194 383 848 821 604 306 817 437 185 710 711 163 502 717 88 560 812 696 930 126 998 275 557 598 558 
926 50 668 349 148 222 829 173 748 424 382 886 14 231 467 953 804 411 822 609 28 814 380 196 225 643 130 905 871 555 372 148 604 40 848 752 613 29 276 712 452 657 949 465 239 0 60 681 843 162 92 597 587 862 651 932 273 884 614 489 162 548 644 760 702 349 352 307 185 807 274 514 607 795 310 236 56 331 316 84 282 963 237 208 272 20 94 635 451 764 773 690 283 949 37 502 57 747 
416 769 42 826 591 650 853 404 382 401 980 24 882 884 246 436 608 745 392 999 593 495 963 621 770 675 424 426 623 240 664 390 8 58 215 950 59 420 705 440 172 685 815 53 920 60 0 750 937 453 807 331 542 100 660 136 695 756 600 709 238 802 589 286 461 410 284 682 242 781 68 209 105 894 633 415 909 412 441 118 77 992 569 417 238 258 329 313 407 421 635 267 54 585 314 986 859 609 
841 527 157 232 877 749 78 840 721 847 866 496 624 488 735 639 878 94 696 444 396 755 215 100 546 386 136 361 791 56 772 631 934 928 214 811 28 291 650 100 489 515 595 112 354 681 750 0 953 513 984 972 923 797 551 778 135 6 408 308 684 324 668 204 978 584 580 686 966 933 347 282 971 449 191 389 625 350 563 964 683 30 15 328 181 301 118 319 631 7 45 683 498 836 785 811 231 869 
583 775 446 379 170 552 593 621 97 331 757 809 121 164 581 103 97 860 668 259 888 310 908 339 798 774 934 909 128 966 658 62 92 455 440 613 6 33 234 455 715 342 263 835 505 843 937 953 0 738 590 519 621 581 508 774 272 822 57 71 35 775 16 192 605 609 760 56 803 261 143 891 756 292 47 580 586 227 298 642 693 699 233 809 562 393 957 96 110 543 259 945 714 278 702 149 526 137 
703 956 212 942 265 471 280 62 245 565 970 724 883 979 785 974 434 577 587 791 609 820 245 323 513 860 509 369 702 797 321 756 752 884 49 16 707 681 429 303 597 750 26 479 728 162 453 513 738 0 214 275 305 178 85 67 765 391 694 752 685 613 636 348 727 180 582 393 180 995 911 967 382 93 623 655 790 630 693 516 774 34 58 539 181 287 870 178 38 505 843 491 405 449 129 348 231 959 
391 304 698 210 900 372 74 759 880 442 813 28 114 920 779 998 969 146 56 1 574 358 597 323 383 76 403 896 880 915 634 270 570 331 831 822 55 904 932 934 345 744 962 810 664 92 807 984 590 214 0 504 698 760 981 948 66 84 297 838 21 553 403 349 387 321 454 621 532 465 352 42 907 799 402 736 792 735 213 270 858 949 693 30 1000 327 501 605 223 564 651 426 515 766 340 674 266 368 
984 163 571 580 838 953 7 240 201 238 506 834 507 76 516 689 249 570 592 180 856 288 924 169 98 939 612 256 274 201 822 609 364 392 188 553 697 547 792 897 784 297 730 643 724 597 331 972 519 275 504 0 143 161 226 601 280 385 606 60 627 686 940 562 284 625 904 143 631 498 26 108 349 519 169 314 206 455 931 683 602 721 581 754 342 455 871 289 407 723 199 715 309 69 250 988 672 774 
374 914 427 894 363 717 505 971 342 706 792 950 69 183 137 973 879 35 764 775 171 412 856 813 488 453 495 459 323 769 962 696 683 740 589 397 808 445 367 149 150 158 98 570 693 587 542 923 621 305 698 143 0 354 383 787 119 369 146 556 235 445 368 777 420 162 454 164 562 770 116 357 541 695 186 861 288 716 352 926 324 86 812 370 465 258 654 969 34 683 675 55 377 205 927 940 493 537 
69 905 955 556 709 450 366 31 570 680 78 604 419 18 1 579 463 719 727 612 229 177 182 921 763 75 843 735 380 892 878 800 149 184 355 857 985 72 888 555 751 317 510 522 335 862 100 797 581 178 760 161 354 0 97 121 484 297 359 62 548 112 934 428 406 670 299 101 30 20 669 456 406 731 427 436 438 711 494 421 830 963 352 618 287 742 590 979 5 594 372 866 243 812 399 737 229 946 
293 81 468 368 275 203 99 519 432 898 667 615 604 523 952 675 762 858 426 79 367 947 765 229 398 913 161 575 672 321 281 965 753 748 684 379 302 782 897 733 31 915 700 634 790 651 660 551 508 85 981 226 383 97 0 87 713 570 546 697 629 536 327 259 508 384 620 620 259 680 291 329 129 144 798 528 768 939 57 201 579 775 462 951 617 126 739 979 788 341 156 549 122 211 889 167 403 172 
454 132 9 966 707 681 286 987 997 38 86 680 769 388 813 665 120 843 580 171 476 369 821 135 271 680 572 604 906 306 700 711 438 709 677 496 741 962 482 89 352 919 768 120 306 932 136 778 774 67 948 601 787 121 87 0 245 463 681 965 693 825 988 546 909 575 636 616 231 915 901 9 666 353 273 163 712 62 829 843 813 597 332 917 651 408 981 994 924 178 555 984 833 678 91 879 246 216 
58 800 10 13 705 316 712 768 753 772 444 248 864 757 81 952 460 999 71 931 657 2 67 434 127 133 381 727 272 501 166 329 653 175 341 357 490 404 124 594 528 919 841 391 676 273 695 135 272 765 66 280 119 484 713 245 0 575 806 430 136 299 290 796 95 620 413 211 412 364 155 465 421 950 887 875 205 715 718 878 618 215 176 681 753 430 425 662 934 503 537 21 232 157 469 612 542 390 
968 93 324 239 946 489 919 598 663 259 306 153 15 782 746 542 700 939 284 727 211 978 862 834 95 279 113 213 762 177 457 81 622 132 320 567 620 238 516 283 849 173 787 215 954 884 756 6 822 391 84 385 369 297 570 463 575 0 854 692 680 77 12 319 432 221 193 444 784 993 813 967 740 46 188 26 857 729 85 738 922 298 191 263 66 670 201 722 542 431 724 604 488 935 611 952 811 580 
683 675 688 211 483 121 832 615 440 750 586 29 265 868 877 790 6 91 95 890 198 100 711 589 536 447 309 832 17 771 759 51 797 446 261 631 566 93 245 357 842 183 386 459 50 614 600 408 57 694 297 606 146 359 546 681 806 854 0 919 114 692 684 997 953 958 742 580 915 662 215 211 348 343 228 731 30 116 417 832 57 200 607 896 545 916 825 476 677 994 825 833 795 354 620 719 872 146 
512 822 624 270 872 772 68 484 403 985 576 999 342 770 181 79 580 583 44 179 990 452 872 286 58 369 644 955 49 801 809 561 974 784 182 845 556 601 681 958 586 608 956 279 377 489 709 308 71 752 838 60 556 62 697 965 430 692 919 0 154 166 336 852 728 270 977 153 24 658 842 771 984 665 997 43 397 480 428 948 363 133 548 99 290 40 814 954 340 429 28 779 436 949 204 38 786 412 
479 493 727 391 466 863 924 663 418 525 343 727 110 950 34 740 679 522 448 338 592 551 176 3 106 237 699 70 18 391 341 848 883 419 238 700 281 514 362 50 38 704 776 147 6 162 238 684 35 685 21 627 235 548 629 693 136 680 114 154 0 84 215 945 971 858 279 585 945 960 985 94 743 146 925 727 287 281 972 256 804 972 465 451 423 78 866 51 351 564 404 307 239 381 740 681 600 29 
70 454 1 952 225 591 651 505 104 365 555 141 420 682 639 425 195 876 460 230 912 833 208 498 380 188 542 516 867 656 669 936 461 21 239 685 963 242 190 66 958 96 558 377 129 548 802 324 775 613 553 686 445 112 536 825 299 77 692 166 84 0 463 615 997 574 995 886 18 384 303 531 378 701 377 153 202 698 799 389 724 940 376 1 902 599 983 153 638 119 915 778 40 119 986 934 799 291 
360 453 545 732 44 581 695 285 122 112 242 217 22 970 698 569 771 21 696 736 925 733 180 36 268 356 334 697 47 851 780 758 304 324 490 699 257 536 983 378 647 576 947 20 545 644 589 668 16 636 403 940 368 934 327 988 290 12 684 336 215 463 0 352 448 98 865 194 438 582 4 212 756 34 103 80 859 61 388 543 352 842 766 453 970 208 232 187 533 265 486 872 161 225 475 407 9 733 
94 870 139 935 568 395 470 550 124 468 477 70 488 373 65 76 40 80 63 794 371 430 80 697 417 369 61 452 56 275 267 149 144 405 83 711 151 552 612 626 372 440 696 859 812 760 286 204 192 348 349 562 777 428 259 546 796 319 997 852 945 615 352 0 881 162 833 663 780 170 558 187 230 221 39 364 999 857 419 406 38 7 356 680 305 964 789 95 234 473 328 708 800 357 689 75 329 533 
88 19 435 150 521 338 761 499 709 200 194 919 363 305 204 566 496 551 915 410 680 342 668 225 490 338 573 693 634 188 44 721 558 830 870 431 520 982 929 580 533 474 499 895 130 702 461 978 605 727 387 284 420 406 508 909 95 432 953 728 971 997 448 881 0 499 966 878 603 905 595 967 399 814 967 91 936 81 552 501 730 418 372 229 376 107 532 930 635 541 389 735 144 830 370 992 966 209 
178 669 311 49 2 591 981 534 64 831 780 545 532 592 522 488 318 260 771 738 665 630 998 759 414 951 486 384 299 285 264 828 305 926 877 306 516 209 191 931 39 323 476 922 914 349 410 584 609 180 321 625 162 670 384 575 620 221 958 270 858 574 98 162 499 0 639 636 951 529 714 164 353 508 353 265 685 43 227 229 621 19 442 907 357 336 998 186 818 363 733 433 467 482 115 504 425 944 
326 820 367 534 10 297 924 332 124 845 598 825 254 181 433 786 853 409 299 522 144 873 494 365 830 115 222 755 212 735 254 889 554 972 774 916 268 697 599 744 542 196 568 147 728 352 284 580 760 582 454 904 454 299 620 636 413 193 742 977 279 995 865 833 966 639 0 773 655 202 550 480 937 525 129 127 868 949 807 469 251 935 992 927 41 451 237 666 296 90 762 487 610 34 138 646 366 476 
100 586 687 50 681 580 598 248 727 325 951 362 257 62 944 62 965 749 360 936 736 772 480 478 100 759 824 965 943 142 955 42 79 993 91 759 573 688 358 299 365 308 12 621 369 307 682 686 56 393 621 143 164 101 620 616 211 444 580 153 585 886 194 663 878 636 773 0 623 300 946 557 926 436 96 591 592 407 780 577 199 915 190 461 524 984 864 671 467 792 70 442 835 743 513 567 557 315 
450 676 130 100 40 437 112 12 157 770 693 842 825 85 815 968 600 267 939 215 477 382 146 629 318 383 174 332 261 809 104 62 836 233 514 875 21 977 886 178 746 930 371 923 366 185 242 966 803 180 532 631 562 30 259 231 412 784 915 24 945 18 438 780 603 951 655 623 0 774 842 548 685 409 389 926 553 631 12 147 722 123 140 653 700 769 893 989 380 954 309 545 192 200 325 369 889 532 
279 892 800 24 822 523 946 187 707 187 504 862 367 388 492 280 769 103 862 180 238 776 556 182 146 993 962 748 295 968 370 573 859 522 948 32 44 894 571 102 432 426 963 150 165 807 781 933 261 995 465 498 770 20 680 915 364 993 662 658 960 384 582 170 905 529 202 300 774 0 767 41 496 517 285 123 262 493 846 501 287 22 669 504 80 257 808 996 279 107 66 405 462 250 336 127 33 22 
124 753 206 549 68 707 714 874 488 998 134 482 462 983 603 481 662 518 844 6 531 853 965 266 434 135 522 963 688 821 88 811 574 293 711 641 1000 776 866 839 774 351 672 235 333 274 68 347 143 911 352 26 116 669 291 901 155 813 215 842 985 303 4 558 595 714 550 946 842 767 0 997 847 650 914 527 29 115 477 445 10 352 382 244 501 485 834 166 769 690 48 618 361 320 734 855 64 145 
136 615 117 807 201 802 433 268 500 927 179 203 952 646 871 595 546 25 407 761 218 391 63 221 301 9 287 202 955 128 969 442 94 437 601 294 590 385 562 89 311 92 644 615 737 514 209 282 891 967 42 108 357 456 329 9 465 967 211 771 94 531 212 187 967 164 480 557 548 41 997 0 16 348 729 896 954 592 157 717 744 915 346 801 701 419 879 422 758 687 5 516 35 93 547 675 136 141 
211 132 640 825 220 506 33 502 396 999 895 503 707 351 183 716 815 149 278 937 242 808 500 780 774 664 612 682 211 4 31 773 136 670 597 707 175 981 208 922 331 455 425 38 805 607 105 971 756 382 907 349 541 406 129 666 421 740 348 984 743 378 756 230 399 353 937 926 685 496 847 16 0 546 203 425 356 904 955 588 681 982 7 786 228 391 312 434 553 285 899 879 621 743 27 493 812 579 
950 623 405 106 230 509 428 337 242 686 685 134 444 165 799 864 256 146 847 351 875 603 580 626 307 868 903 991 716 749 6 17 724 762 475 305 622 902 641 863 588 677 996 31 194 795 894 449 292 93 799 519 695 731 144 353 950 46 343 665 146 701 34 221 814 508 525 436 409 517 650 348 546 0 503 343 410 112 667 170 460 534 887 342 338 983 482 651 562 966 781 660 237 885 271 681 888 698 
998 378 739 792 624 539 435 716 690 953 762 420 448 114 721 845 808 738 991 860 771 211 674 630 88 461 38 604 110 386 149 107 115 239 250 738 130 685 805 819 989 918 590 789 383 310 633 191 47 623 402 169 186 427 798 273 887 188 228 997 925 377 103 39 967 353 129 96 389 285 914 729 203 503 0 150 764 487 424 367 239 766 548 764 590 699 408 702 292 487 512 56 579 396 474 426 348 32 
517 585 165 150 127 563 124 881 84 309 307 881 933 546 420 161 542 344 889 996 383 855 700 863 303 440 147 568 169 701 423 685 286 587 186 764 501 310 644 584 970 951 817 903 848 236 415 389 580 655 736 314 861 436 528 163 875 26 731 43 727 153 80 364 91 265 127 591 926 123 527 896 425 343 150 0 177 507 261 756 117 166 68 496 390 892 381 521 113 96 947 809 747 740 653 402 761 136 
272 578 916 660 509 570 395 822 430 182 701 945 57 727 675 451 453 179 530 168 621 147 294 211 72 768 89 319 192 431 820 463 361 735 474 869 656 869 43 86 402 743 30 458 821 56 909 625 586 790 792 206 288 438 768 712 205 857 30 397 287 202 859 999 936 685 868 592 553 262 29 954 356 410 764 177 0 794 983 253 741 496 123 550 609 3 927 638 12 730 905 702 519 185 659 534 945 444 
465 24 801 402 165 945 607 453 382 374 164 938 230 545 334 869 746 545 867 34 229 86 625 133 347 5 438 703 414 553 231 230 576 383 631 741 327 589 545 708 962 60 646 544 604 331 412 350 227 630 735 455 716 711 939 62 715 729 116 480 281 698 61 857 81 43 949 407 631 493 115 592 904 112 487 507 794 0 864 836 667 757 468 181 827 956 736 366 50 907 146 322 984 980 139 412 206 641 
250 208 21 880 942 827 595 652 766 8 718 494 476 197 774 173 257 982 253 299 282 660 929 126 126 873 29 589 711 536 382 961 95 402 840 389 229 434 40 346 793 758 191 268 306 316 441 563 298 693 213 931 352 494 57 829 718 85 417 428 972 799 388 419 552 227 807 780 12 846 477 157 955 667 424 261 983 864 0 71 152 196 82 175 570 192 498 839 743 102 991 491 596 928 789 564 991 356 
175 632 909 739 562 612 584 970 441 301 55 209 81 378 7 468 148 559 47 954 690 410 152 167 566 458 185 990 718 167 205 244 150 113 335 712 725 918 681 517 571 87 725 651 817 84 118 964 642 516 270 683 926 421 201 843 878 738 832 948 256 389 543 406 501 229 469 577 147 501 445 717 588 170 367 756 253 836 71 0 785 546 356 358 523 747 883 733 121 624 515 646 584 815 360 682 822 580 
246 704 340 280 629 112 833 823 342 570 655 289 825 395 183 230 247 412 698 176 558 199 620 626 138 789 344 245 393 531 315 638 234 7 270 214 118 102 37 459 671 43 99 495 437 282 77 683 693 774 858 602 324 830 579 813 618 922 57 363 804 724 352 38 730 621 251 199 722 287 10 744 681 460 239 117 741 667 152 785 0 142 877 71 359 242 957 543 87 763 988 165 740 428 267 111 788 951 
440 361 738 116 190 668 928 160 941 337 522 745 60 225 782 141 846 384 691 919 23 700 663 703 512 253 172 604 919 675 389 710 35 478 825 577 146 105 88 86 441 609 830 852 185 963 992 30 699 34 949 721 86 963 775 597 215 298 200 133 972 940 842 7 418 19 935 915 123 22 352 915 982 534 766 166 496 757 196 546 142 0 774 556 922 870 350 796 317 18 993 269 110 693 129 237 608 75 
496 618 227 458 393 823 672 690 23 156 662 962 997 20 731 367 306 645 489 327 349 403 308 882 168 825 729 276 372 275 418 867 892 644 676 284 819 699 326 841 854 339 154 203 710 237 569 15 233 58 693 581 812 352 462 332 176 191 607 548 465 376 766 356 372 442 992 190 140 669 382 346 7 887 548 68 123 468 82 356 877 774 0 463 864 554 105 374 879 698 66 360 892 883 609 22 846 705 
936 689 125 750 20 652 940 978 199 756 706 317 111 77 110 454 618 601 122 351 946 480 589 845 547 712 313 628 419 189 753 354 877 229 103 248 881 394 226 431 149 283 99 612 711 208 417 328 809 539 30 754 370 618 951 917 681 263 896 99 451 1 453 680 229 907 927 461 653 504 244 801 786 342 764 496 550 181 175 358 71 556 463 0 824 852 610 863 472 445 14 219 116 985 546 51 281 487 
440 174 413 708 854 27 956 953 478 308 757 509 536 15 435 349 667 291 592 820 428 285 935 276 834 115 450 543 537 6 358 329 531 122 388 736 149 343 40 978 650 796 486 538 163 272 238 181 562 181 1000 342 465 287 617 651 753 66 545 290 423 902 970 305 376 357 41 524 700 80 501 701 228 338 590 390 609 827 570 523 359 922 864 824 0 611 939 126 673 611 716 134 352 504 527 974 188 21 
208 480 826 960 897 370 601 672 272 570 976 647 927 368 522 978 448 374 30 27 711 620 416 671 798 337 193 509 610 408 332 817 887 157 129 136 878 81 807 501 651 134 147 929 502 20 258 301 393 287 327 455 258 742 126 408 430 670 916 40 78 599 208 964 107 336 451 984 769 257 485 419 391 983 699 892 3 956 192 747 242 870 554 852 611 0 196 704 666 38 221 261 365 93 850 540 248 876 
679 259 392 348 526 431 777 124 639 741 230 326 543 565 94 800 49 864 542 384 562 433 738 869 976 484 111 845 389 314 807 67 572 198 767 449 981 543 572 971 635 153 648 178 717 94 329 118 957 870 501 871 654 590 739 981 425 201 825 814 866 983 232 789 532 998 237 864 893 808 834 879 312 482 408 381 927 736 498 883 957 350 105 610 939 196 0 857 396 623 921 202 301 14 636 929 878 55 
590 363 748 766 176 614 100 408 402 984 757 991 847 1 150 681 880 462 514 287 842 792 375 691 674 331 392 131 941 330 678 882 44 777 1000 572 390 451 979 144 434 87 486 281 88 635 313 319 96 178 605 289 969 979 979 994 662 722 476 954 51 153 187 95 930 186 666 671 989 996 166 422 434 651 702 521 638 366 839 733 543 796 374 863 126 704 857 0 606 113 604 506 583 13 347 937 729 762 
787 426 684 92 476 837 279 922 118 816 939 140 804 286 658 226 720 660 279 592 297 645 783 30 539 578 755 754 55 458 962 194 883 645 285 711 833 563 984 302 379 923 442 182 560 451 407 631 110 38 223 407 34 5 788 924 934 542 677 340 351 638 533 234 635 818 296 467 380 279 769 758 553 562 292 113 12 50 743 121 87 317 879 472 673 666 396 606 0 469 944 216 852 379 460 843 410 807 
559 72 946 910 62 830 495 696 647 790 514 379 68 282 488 621 195 779 85 206 829 827 679 267 144 909 739 816 927 134 774 837 557 71 746 618 900 592 665 899 381 179 277 449 812 764 421 7 543 505 564 723 683 594 341 178 503 431 994 429 564 119 265 473 541 363 90 792 954 107 690 687 285 966 487 96 730 907 102 624 763 18 698 445 611 38 623 113 469 0 97 34 95 367 607 999 101 552 
968 893 384 438 510 856 978 872 298 121 177 404 811 863 40 128 349 135 857 607 589 832 369 606 881 166 216 919 140 681 739 459 573 474 896 82 330 225 305 979 345 482 734 507 696 773 635 45 259 843 651 199 675 372 156 555 537 724 825 28 404 915 486 328 389 733 762 70 309 66 48 5 899 781 512 947 905 146 991 515 988 993 66 14 716 221 921 604 944 97 0 284 18 961 550 975 866 526 
631 699 12 468 27 400 552 140 469 860 205 516 865 456 648 728 402 904 225 744 418 564 88 835 578 156 56 850 759 351 946 742 402 957 209 428 356 113 919 176 972 123 43 188 930 690 267 683 945 491 426 715 55 866 549 984 21 604 833 779 307 778 872 708 735 433 487 442 545 405 618 516 879 660 56 809 702 322 491 646 165 269 360 219 134 261 202 506 216 34 284 0 90 760 552 523 10 835 
522 811 156 229 897 940 715 691 484 471 308 351 350 319 406 510 20 80 352 666 244 620 377 814 105 989 15 610 205 400 246 726 562 753 307 811 692 373 501 175 844 808 525 545 126 283 54 498 714 405 515 309 377 243 122 833 232 488 795 436 239 40 161 800 144 467 610 835 192 462 361 35 621 237 579 747 519 984 596 584 740 110 892 116 352 365 301 583 852 95 18 90 0 837 593 932 899 842 
486 531 242 629 349 203 463 540 665 823 926 285 411 504 383 930 839 330 865 579 439 757 46 791 121 346 725 325 792 95 766 277 977 359 905 325 562 719 217 578 541 142 214 304 998 949 585 836 278 449 766 69 205 812 211 678 157 935 354 949 381 119 225 357 830 482 34 743 200 250 320 93 743 885 396 740 185 980 928 815 428 693 883 985 504 93 14 13 379 367 961 760 837 0 376 733 875 258 
537 116 666 18 149 408 570 750 79 662 493 316 57 584 500 36 511 314 815 204 548 799 59 640 812 71 371 178 383 130 367 272 597 384 641 98 792 210 199 222 871 691 537 927 275 37 314 785 702 129 340 250 927 399 889 91 469 611 620 204 740 986 475 689 370 115 138 513 325 336 734 547 27 271 474 653 659 139 789 360 267 129 609 546 527 850 636 347 460 607 550 552 593 376 0 949 690 367 
592 314 491 729 178 167 64 911 713 442 533 538 94 191 677 235 903 295 363 863 840 241 712 827 939 524 434 841 427 378 216 18 43 58 98 220 224 513 482 289 307 367 826 752 557 502 986 811 149 348 674 988 940 737 167 879 612 952 719 38 681 934 407 75 992 504 646 567 369 127 855 675 493 681 426 402 534 412 564 682 111 237 22 51 974 540 929 937 843 999 975 523 932 733 949 0 217 51 
275 589 594 194 957 72 48 983 565 80 408 318 966 171 881 999 634 470 20 684 795 911 964 731 753 962 57 627 245 790 575 872 378 168 65 686 240 464 668 156 896 427 825 861 598 57 859 231 526 231 266 672 493 229 403 246 542 811 872 786 600 799 9 329 966 425 366 557 889 33 64 136 812 888 348 761 945 206 991 822 788 608 846 281 188 248 878 729 410 101 866 10 899 875 690 217 0 553 
651 56 773 539 440 837 26 251 76 373 11 20 931 353 194 718 960 39 350 499 638 227 227 47 680 445 408 578 671 98 794 321 505 919 212 944 755 237 195 830 610 205 202 540 558 747 609 869 137 959 368 774 537 946 172 216 390 580 146 412 29 291 733 533 209 944 476 315 532 22 145 141 579 698 32 136 444 641 356 580 951 75 705 487 21 876 55 762 807 552 526 835 842 258 367 51 553 0 
48
71 9
42 56
51 29
64 10
18 11
97 12
19 38
6 5
56 55
9 4
39 67
6 82
50 75
19 41
35 33
27 61
96 24
73 4
52 38
68 26
5 66
91 23
60 53
27 17
9 90
20 47
14 26
84 63
56 4
59 46
91 85
9 44
64 81
47 72
20 16
97 24
38 89
2 97
43 83
69 7
30 45
9 43
26 92
61 81
52 21
28 44
61 36
43 26
