50
0 96 38 76 1 12 92 17 20 93 94 27 12 86 44 17 37 40 58 40 94 46 64 72 77 21 62 42 79 89 90 74 53 25 64 91 53 20 60 26 66 19 33 33 98 54 17 33 11 50 
96 0 11 78 44 70 16 93 41 91 2 88 85 36 66 26 66 91 23 93 15 3 29 92 17 93 57 34 46 8 80 64 24 51 38 61 75 33 82 85 88 54 62 14 80 53 8 84 4 21 
38 11 0 35 75 38 55 25 48 51 62 36 6 23 31 74 23 8 66 38 85 60 22 25 9 92 57 85 39 46 22 16 5 7 30 8 49 58 49 94 93 97 6 65 32 67 81 4 74 100 
76 78 35 0 79 82 80 26 15 67 48 83 14 29 100 7 54 46 32 35 24 17 50 79 47 93 3 71 16 67 97 47 51 12 59 45 65 52 99 69 56 2 79 39 5 64 30 37 61 50 
1 44 75 79 0 54 31 1 78 21 81 7 3 71 57 11 96 54 84 90 98 62 54 8 15 37 82 84 87 5 77 61 36 51 1 87 55 16 58 81 15 86 46 75 13 48 49 91 74 11 
12 70 38 82 54 0 36 25 59 14 92 28 27 72 46 9 22 16 58 18 11 55 4 45 23 95 8 46 25 36 41 45 1 44 92 5 12 12 61 77 49 14 27 61 68 10 62 35 20 84 
92 16 55 80 31 36 0 56 91 89 36 82 27 64 63 29 10 26 68 32 20 63 74 51 37 78 23 27 52 34 53 87 38 64 55 71 60 77 7 26 81 97 29 24 33 61 11 63 68 28 
17 93 25 26 1 25 56 0 7 11 50 22 43 82 41 39 93 44 86 99 67 85 48 48 91 65 26 41 9 43 65 65 100 11 27 61 62 79 74 47 4 5 31 82 20 26 37 91 46 2 
20 41 48 15 78 59 91 7 0 47 36 5 37 50 51 31 85 46 52 51 25 81 70 70 46 63 51 100 8 60 74 9 9 45 98 81 33 97 13 86 80 71 47 96 84 12 12 33 57 79 
93 91 51 67 21 14 89 11 47 0 60 40 73 51 76 52 3 29 79 37 6 92 100 66 29 86 68 60 50 86 95 13 50 74 75 11 83 87 2 27 78 16 67 21 47 35 29 82 56 16 
94 2 62 48 81 92 36 50 36 60 0 64 36 17 44 54 43 98 83 86 91 18 93 76 15 63 62 100 87 51 76 60 11 54 22 96 3 76 44 87 82 95 27 52 59 66 56 47 29 54 
27 88 36 83 7 28 82 22 5 40 64 0 90 84 29 12 12 9 75 20 37 26 73 43 24 78 45 23 100 20 11 84 44 20 77 56 73 13 97 38 16 19 76 76 10 85 50 32 37 75 
12 85 6 14 3 27 27 43 37 73 36 90 0 10 2 53 46 82 44 7 97 6 60 16 36 60 45 85 49 35 97 23 24 96 41 70 12 9 31 28 31 79 58 78 41 57 66 61 93 56 
86 36 23 29 71 72 64 82 50 51 17 84 10 0 38 57 72 54 18 96 35 54 62 81 12 100 79 3 46 89 95 8 71 80 84 24 86 17 58 57 33 95 77 86 56 97 4 44 25 17 
44 66 31 100 57 46 63 41 51 76 44 29 2 38 0 28 66 36 15 94 26 50 34 99 27 20 60 42 52 71 97 31 74 67 76 41 59 100 67 26 66 84 6 38 73 76 37 40 92 81 
17 26 74 7 11 9 29 39 31 52 54 12 53 57 28 0 83 70 87 24 31 55 66 41 35 6 83 99 23 35 85 72 95 62 7 41 98 96 58 37 96 70 10 56 97 99 83 46 14 100 
37 66 23 54 96 22 10 93 85 3 43 12 46 72 66 83 0 19 25 27 25 64 24 28 33 28 41 47 82 34 66 45 15 100 77 78 65 18 50 79 68 51 45 33 11 74 71 57 4 5 
40 91 8 46 54 16 26 44 46 29 98 9 82 54 36 70 19 0 12 30 43 69 70 68 92 86 89 86 54 22 84 96 21 67 34 84 70 33 89 46 6 34 86 85 43 62 77 55 3 99 
58 23 66 32 84 58 68 86 52 79 83 75 44 18 15 87 25 12 0 33 15 73 99 41 10 29 42 77 64 58 70 55 1 94 72 35 90 30 53 27 68 21 55 29 92 42 5 16 19 69 
40 93 38 35 90 18 32 99 51 37 86 20 7 96 94 24 27 30 33 0 75 41 15 73 76 15 40 58 80 15 87 66 32 6 55 34 88 63 50 37 38 87 36 8 98 30 55 51 74 12 
94 15 85 24 98 11 20 67 25 6 91 37 97 35 26 31 25 43 15 75 0 26 39 92 59 97 8 20 100 75 41 34 7 14 44 27 36 71 19 54 97 97 98 17 79 30 32 70 49 85 
46 3 60 17 62 55 63 85 81 92 18 26 6 54 50 55 64 69 73 41 26 0 24 52 42 55 47 69 2 73 37 47 47 27 94 12 2 76 37 52 12 78 19 63 51 89 74 95 39 36 
64 29 22 50 54 4 74 48 70 100 93 73 60 62 34 66 24 70 99 15 39 24 0 34 26 1 19 46 8 47 62 2 34 11 5 93 81 93 10 98 1 92 29 88 23 99 1 56 85 28 
72 92 25 79 8 45 51 48 70 66 76 43 16 81 99 41 28 68 41 73 92 52 34 0 100 30 93 14 10 27 65 47 53 23 44 72 83 23 23 13 14 99 6 26 89 66 47 73 79 30 
77 17 9 47 15 23 37 91 46 29 15 24 36 12 27 35 33 92 10 76 59 42 26 100 0 99 28 61 21 74 35 11 58 51 26 14 45 43 68 36 92 79 35 95 74 68 68 37 92 82 
21 93 92 93 37 95 78 65 63 86 63 78 60 100 20 6 28 86 29 15 97 55 1 30 99 0 85 53 77 6 88 88 73 1 59 61 87 1 90 41 5 53 10 98 23 38 5 88 43 31 
62 57 57 3 82 8 23 26 51 68 62 45 45 79 60 83 41 89 42 40 8 47 19 93 28 85 0 12 55 36 39 86 91 80 45 94 46 79 59 73 50 68 79 64 32 38 100 31 88 67 
42 34 85 71 84 46 27 41 100 60 100 23 85 3 42 99 47 86 77 58 20 69 46 14 61 53 12 0 34 47 40 1 58 3 3 48 79 85 9 19 100 80 96 4 92 97 79 29 53 53 
79 46 39 16 87 25 52 9 8 50 87 100 49 46 52 23 82 54 64 80 100 2 8 10 21 77 55 34 0 34 75 28 52 50 17 92 53 9 74 40 37 94 48 3 43 36 46 38 45 26 
89 8 46 67 5 36 34 43 60 86 51 20 35 89 71 35 34 22 58 15 75 73 47 27 74 6 36 47 34 0 37 60 50 78 71 54 16 52 10 45 64 40 22 19 26 18 57 45 89 69 
90 80 22 97 77 41 53 65 74 95 76 11 97 95 97 85 66 84 70 87 41 37 62 65 35 88 39 40 75 37 0 37 47 58 83 12 9 80 60 11 58 61 75 44 86 67 86 56 11 79 
74 64 16 47 61 45 87 65 9 13 60 84 23 8 31 72 45 96 55 66 34 47 2 47 11 88 86 1 28 60 37 0 56 27 32 34 57 81 85 17 54 64 80 36 92 41 14 70 7 76 
53 24 5 51 36 1 38 100 9 50 11 44 24 71 74 95 15 21 1 32 7 47 34 53 58 73 91 58 52 50 47 56 0 80 9 15 90 85 43 29 51 93 35 84 5 71 16 80 45 90 
25 51 7 12 51 44 64 11 45 74 54 20 96 80 67 62 100 67 94 6 14 27 11 23 51 1 80 3 50 78 58 27 80 0 64 19 9 89 8 5 50 9 81 60 69 85 18 60 37 78 
64 38 30 59 1 92 55 27 98 75 22 77 41 84 76 7 77 34 72 55 44 94 5 44 26 59 45 3 17 71 83 32 9 64 0 79 22 84 83 85 9 65 58 26 96 4 43 6 19 77 
91 61 8 45 87 5 71 61 81 11 96 56 70 24 41 41 78 84 35 34 27 12 93 72 14 61 94 48 92 54 12 34 15 19 79 0 96 52 100 9 18 30 80 11 69 70 64 70 70 52 
53 75 49 65 55 12 60 62 33 83 3 73 12 86 59 98 65 70 90 88 36 2 81 83 45 87 46 79 53 16 9 57 90 9 22 96 0 100 21 81 50 22 59 72 37 94 80 46 8 13 
20 33 58 52 16 12 77 79 97 87 76 13 9 17 100 96 18 33 30 63 71 76 93 23 43 1 79 85 9 52 80 81 85 89 84 52 100 0 41 62 42 61 38 49 80 16 53 20 87 5 
60 82 49 99 58 61 7 74 13 2 44 97 31 58 67 58 50 89 53 50 19 37 10 23 68 90 59 9 74 10 60 85 43 8 83 100 21 41 0 7 73 87 10 92 88 95 52 60 67 54 
26 85 94 69 81 77 26 47 86 27 87 38 28 57 26 37 79 46 27 37 54 52 98 13 36 41 73 19 40 45 11 17 29 5 85 9 81 62 7 0 81 44 6 67 20 5 91 79 16 91 
66 88 93 56 15 49 81 4 80 78 82 16 31 33 66 96 68 6 68 38 97 12 1 14 92 5 50 100 37 64 58 54 51 50 9 18 50 42 73 81 0 28 56 21 78 2 33 2 94 72 
19 54 97 2 86 14 97 5 71 16 95 19 79 95 84 70 51 34 21 87 97 78 92 99 79 53 68 80 94 40 61 64 93 9 65 30 22 61 87 44 28 0 88 95 98 60 59 59 95 59 
33 62 6 79 46 27 29 31 47 67 27 76 58 77 6 10 45 86 55 36 98 19 29 6 35 10 79 96 48 22 75 80 35 81 58 80 59 38 10 6 56 88 0 95 29 41 92 10 52 17 
33 14 65 39 75 61 24 82 96 21 52 76 78 86 38 56 33 85 29 8 17 63 88 26 95 98 64 4 3 19 44 36 84 60 26 11 72 49 92 67 21 95 95 0 71 58 98 62 38 27 
98 80 32 5 13 68 33 20 84 47 59 10 41 56 73 97 11 43 92 98 79 51 23 89 74 23 32 92 43 26 86 92 5 69 96 69 37 80 88 20 78 98 29 71 0 8 62 2 71 27 
54 53 67 64 48 10 61 26 12 35 66 85 57 97 76 99 74 62 42 30 30 89 99 66 68 38 38 97 36 18 67 41 71 85 4 70 94 16 95 5 2 60 41 58 8 0 28 50 96 97 
17 8 81 30 49 62 11 37 12 29 56 50 66 4 37 83 71 77 5 55 32 74 1 47 68 5 100 79 46 57 86 14 16 18 43 64 80 53 52 91 33 59 92 98 62 28 0 59 51 27 
33 84 4 37 91 35 63 91 33 82 47 32 61 44 40 46 57 55 16 51 70 95 56 73 37 88 31 29 38 45 56 70 80 60 6 70 46 20 60 79 2 59 10 62 2 50 59 0 75 31 
11 4 74 61 74 20 68 46 57 56 29 37 93 25 92 14 4 3 19 74 49 39 85 79 92 43 88 53 45 89 11 7 45 37 19 70 8 87 67 16 94 95 52 38 71 96 51 75 0 96 
50 21 100 50 11 84 28 2 79 16 54 75 56 17 81 100 5 99 69 12 85 36 28 30 82 31 67 53 26 69 79 76 90 78 77 52 13 5 54 91 72 59 17 27 27 97 27 31 96 0 
15
47 45
32 24
12 16
4 30
20 32
49 48
7 40
27 35
41 39
46 34
10 5
50 37
33 47
15 14
44 11
