95
0 788 106 581 398 287 4 844 912 120 429 65 662 939 485 169 513 612 210 24 948 135 313 674 284 331 416 897 779 864 276 939 575 304 737 28 477 483 272 503 597 504 744 404 190 339 186 904 224 996 816 597 638 834 864 544 40 323 364 42 813 349 4 985 253 315 288 857 149 353 769 521 922 675 691 266 448 859 241 500 216 188 175 718 267 218 18 118 320 854 183 750 661 648 492 
788 0 538 738 816 7 995 532 37 381 537 376 914 593 42 424 416 88 664 758 133 411 20 223 870 679 430 741 811 618 290 602 394 710 141 914 915 335 869 690 92 483 552 615 742 295 231 512 359 444 591 890 971 615 891 848 372 683 106 196 412 704 478 848 807 344 95 892 173 103 768 987 169 783 147 542 178 848 113 246 525 355 797 233 306 997 785 190 514 559 859 279 390 674 974 
106 538 0 87 696 18 133 704 144 398 244 846 348 168 189 758 461 264 948 47 2 120 672 541 566 870 950 588 238 868 89 571 535 410 122 136 528 608 591 273 370 615 327 861 779 253 319 378 980 217 756 573 619 554 198 278 513 914 704 901 606 851 37 648 17 186 112 992 824 870 250 869 797 961 364 638 75 616 906 835 650 327 661 577 763 646 961 84 183 487 835 245 267 834 354 
581 738 87 0 784 214 645 338 51 815 914 618 59 447 563 805 554 768 585 336 771 548 251 474 151 669 163 258 733 643 245 28 602 247 209 395 117 111 502 923 38 922 601 336 772 318 796 721 609 670 593 675 358 861 986 997 497 949 703 811 64 930 95 796 910 496 221 254 720 788 272 876 484 16 722 197 777 706 144 133 184 755 482 670 643 910 310 956 121 716 178 925 261 91 247 
398 816 696 784 0 609 914 985 494 164 533 287 728 972 188 362 956 449 756 100 508 272 439 805 435 526 777 683 707 781 510 199 592 675 905 537 314 352 524 323 679 319 641 57 629 258 578 79 570 161 588 863 411 445 895 513 373 48 177 291 703 202 20 766 307 340 641 633 773 757 704 471 413 747 52 78 413 868 959 572 550 68 545 124 488 704 891 401 190 365 3 133 563 162 694 
287 7 18 214 609 0 762 764 682 684 509 234 863 895 508 703 376 966 411 60 228 244 215 524 299 535 819 355 330 457 83 80 614 473 158 190 114 997 998 793 781 603 125 896 64 761 315 668 688 741 150 289 851 250 185 463 713 764 16 48 980 227 734 518 914 242 46 538 740 762 286 770 777 720 359 695 988 393 12 869 520 950 170 735 912 436 305 60 458 744 731 900 283 64 744 
4 995 133 645 914 762 0 202 631 821 27 762 95 839 224 324 93 91 887 646 258 625 287 310 371 309 493 39 672 727 25 110 64 413 367 786 139 658 299 53 256 888 355 673 936 424 14 86 995 856 95 364 543 610 234 564 171 967 372 282 478 564 763 369 81 994 894 96 755 12 954 905 974 930 671 67 622 234 249 567 849 460 284 22 656 689 424 149 542 66 723 786 677 563 212 
844 532 704 338 985 764 202 0 231 534 728 337 900 54 101 160 464 961 301 168 37 80 269 156 602 162 807 984 316 839 966 223 166 36 272 289 837 145 405 525 527 500 975 686 33 815 767 759 182 770 774 780 448 835 676 871 620 785 810 440 636 32 126 514 7 264 275 30 359 649 237 134 34 733 901 757 312 873 479 409 461 311 807 157 83 254 63 791 92 363 139 973 330 338 891 
912 37 144 51 494 682 631 231 0 250 40 79 748 311 207 674 951 991 432 305 65 657 756 339 325 404 688 517 12 786 810 45 10 807 54 400 277 939 673 884 96 761 77 845 128 755 675 227 277 425 591 29 976 808 803 511 111 126 277 724 753 432 110 848 318 631 415 116 633 799 230 93 679 629 463 577 839 476 16 325 152 96 670 597 40 828 416 203 904 406 148 176 967 853 639 
120 381 398 815 164 684 821 534 250 0 731 795 344 214 635 571 193 13 472 870 481 457 491 974 594 226 514 815 27 751 864 271 334 368 40 234 18 879 120 994 597 124 776 693 233 992 550 165 875 303 401 836 624 658 667 20 474 130 440 121 525 834 215 508 929 741 800 95 543 298 631 313 682 938 711 803 346 375 681 630 165 3 438 849 549 526 4 655 891 94 915 57 882 383 825 
429 537 244 914 533 509 27 728 40 731 0 968 680 899 180 998 670 310 24 916 477 2 403 175 143 664 333 802 354 155 752 438 604 545 753 22 390 304 68 194 493 178 650 358 984 373 83 12 981 953 271 948 453 566 422 427 864 246 558 960 8 614 769 679 686 737 446 210 873 816 436 481 36 696 72 395 620 42 29 914 481 319 173 874 807 601 948 669 268 363 332 291 867 789 704 
65 376 846 618 287 234 762 337 79 795 968 0 636 281 422 727 585 69 875 62 21 604 166 362 150 838 574 362 347 149 912 148 510 674 859 171 196 56 282 89 41 188 655 543 514 480 431 398 882 880 485 989 345 337 326 248 22 552 505 209 250 513 451 629 898 436 305 465 950 675 558 585 583 629 981 663 628 229 564 152 486 183 625 689 83 936 555 51 282 13 447 924 377 365 404 
662 914 348 59 728 863 95 900 748 344 680 636 0 853 729 881 724 246 136 862 857 941 962 224 750 876 174 622 895 129 370 182 516 129 449 164 794 797 521 587 67 649 107 12 9 694 531 683 837 883 550 123 594 325 960 723 239 167 293 237 692 462 178 824 197 234 32 636 438 813 288 307 773 723 385 321 251 584 391 538 562 233 833 299 250 710 810 484 668 891 509 652 165 574 603 
939 593 168 447 972 895 839 54 311 214 899 281 853 0 79 564 443 225 178 125 586 3 302 965 18 35 846 841 169 860 252 807 762 805 382 528 590 881 131 59 837 506 111 345 608 619 112 964 79 317 116 706 382 303 613 167 671 327 783 919 691 797 522 716 65 185 805 625 888 180 828 31 48 665 456 508 245 239 157 524 135 307 996 637 682 584 684 809 566 268 677 769 745 677 458 
485 42 189 563 188 508 224 101 207 635 180 422 729 79 0 977 313 397 838 77 420 374 437 576 459 792 977 875 148 495 40 400 261 409 772 554 222 676 202 867 636 738 581 956 985 134 269 521 419 559 174 704 92 276 99 867 804 440 213 603 306 285 588 700 747 169 783 50 793 245 674 711 154 427 736 918 828 361 526 25 372 381 657 844 460 23 411 20 444 807 694 238 218 48 789 
169 424 758 805 362 703 324 160 674 571 998 727 881 564 977 0 154 758 224 809 192 448 557 511 905 552 751 306 256 23 229 221 736 278 579 919 808 470 92 849 966 799 91 230 532 926 175 257 54 173 267 354 130 194 862 101 866 325 392 208 96 781 778 270 976 623 772 576 710 557 180 577 409 602 786 843 160 341 646 883 284 447 873 269 493 248 391 699 175 75 871 430 646 706 307 
513 416 461 554 956 376 93 464 951 193 670 585 724 443 313 154 0 640 441 61 685 583 926 585 708 980 509 414 142 28 747 36 149 562 154 777 118 312 942 316 830 755 36 536 980 262 862 101 688 309 982 403 952 286 991 61 850 623 559 523 292 637 758 863 928 836 191 425 275 644 422 730 573 917 493 535 334 690 17 1000 257 457 991 265 81 989 747 215 652 359 62 731 904 649 857 
612 88 264 768 449 966 91 961 991 13 310 69 246 225 397 758 640 0 605 833 479 631 868 683 432 934 167 400 988 642 62 498 758 779 31 849 567 609 670 341 159 334 338 286 612 611 446 578 37 550 376 920 851 14 31 505 11 998 440 132 965 505 713 132 545 238 884 460 840 666 28 922 670 270 108 185 183 615 750 497 590 945 419 993 31 776 860 407 143 456 157 163 217 156 245 
210 664 948 585 756 411 887 301 432 472 24 875 136 178 838 224 441 605 0 571 189 485 213 353 431 701 626 151 482 631 609 283 370 773 404 675 578 402 206 614 885 601 630 165 157 996 466 150 343 33 724 32 446 686 126 253 93 74 168 744 411 743 234 950 852 861 533 502 879 384 332 867 799 945 235 712 340 175 59 810 256 222 367 916 226 41 52 207 601 213 806 263 409 347 579 
24 758 47 336 100 60 646 168 305 870 916 62 862 125 77 809 61 833 571 0 204 999 734 339 69 729 895 390 447 521 740 996 144 260 250 15 268 712 242 594 679 69 950 405 755 997 567 385 375 339 703 226 901 892 934 281 399 589 775 870 768 442 385 746 337 29 752 527 198 981 466 29 742 111 440 517 428 173 722 4 69 971 526 426 206 566 128 400 984 784 267 296 507 817 366 
948 133 2 771 508 228 258 37 65 481 477 21 857 586 420 192 685 479 189 204 0 464 869 848 8 303 958 150 401 981 692 237 346 826 296 529 321 569 866 119 428 676 669 712 557 866 939 860 323 183 347 726 150 205 299 102 737 711 639 868 756 134 632 548 850 623 34 25 695 195 587 651 626 741 475 665 979 470 454 932 59 334 359 278 670 629 611 545 398 486 546 209 340 195 24 
135 411 120 548 272 244 625 80 657 457 2 604 941 3 374 448 583 631 485 999 464 0 816 314 747 159 530 11 233 112 129 326 696 744 756 346 80 220 779 993 173 579 672 298 642 189 366 357 718 778 605 462 708 874 714 17 186 41 919 71 469 120 176 156 190 669 178 21 581 437 205 384 739 970 868 939 634 851 376 566 236 708 319 62 785 338 375 769 643 307 474 658 747 837 313 
313 20 672 251 439 215 287 269 756 491 403 166 962 302 437 557 926 868 213 734 869 816 0 640 996 634 874 908 597 967 721 124 620 914 887 419 934 811 263 596 328 332 347 600 217 9 681 35 524 646 79 320 839 91 179 951 752 405 340 737 114 354 835 111 965 471 283 501 748 236 635 658 75 62 960 176 955 322 450 366 894 13 918 449 354 52 147 404 830 333 800 25 114 574 910 
674 223 541 474 805 524 310 156 339 974 175 362 224 965 576 511 585 683 353 339 848 314 640 0 518 10 243 127 142 381 156 309 655 353 328 799 581 469 905 548 199 110 967 387 207 185 208 613 187 395 974 369 571 778 194 912 875 787 263 729 765 584 553 867 218 346 654 546 499 850 276 668 7 282 852 409 965 899 512 345 56 28 658 531 365 745 913 882 969 145 293 920 243 631 755 
284 870 566 151 435 299 371 602 325 594 143 150 750 18 459 905 708 432 431 69 8 747 996 518 0 943 230 906 382 345 448 481 528 638 320 403 400 763 123 994 151 926 636 424 726 317 80 590 258 151 717 441 28 154 847 419 135 99 258 36 598 963 701 63 602 533 804 184 733 887 797 545 799 215 430 234 812 679 70 535 139 390 311 756 717 630 998 596 507 692 360 738 334 122 925 
331 679 870 669 526 535 309 162 404 226 664 838 876 35 792 552 980 934 701 729 303 159 634 10 943 0 603 217 959 915 453 923 894 33 405 502 609 301 766 171 250 632 413 272 703 756 901 881 333 187 690 232 479 771 61 651 6 970 615 169 547 31 895 74 338 324 593 160 874 909 734 867 446 886 124 534 23 32 630 763 883 144 825 286 441 176 930 980 239 106 22 69 644 607 447 
416 430 950 163 777 819 493 807 688 514 333 574 174 846 977 751 509 167 626 895 958 530 874 243 230 603 0 656 402 875 852 114 768 212 271 667 819 844 279 920 245 573 219 120 895 982 819 448 448 442 565 186 697 653 102 200 645 950 928 578 503 280 207 393 58 470 522 534 108 452 668 594 284 727 818 967 366 896 317 652 173 514 49 976 380 451 157 547 398 779 785 940 17 403 488 
897 741 588 258 683 355 39 984 517 815 802 362 622 841 875 306 414 400 151 390 150 11 908 127 906 217 656 0 861 78 714 332 860 519 58 260 748 573 778 497 451 406 839 524 655 678 166 254 183 307 388 686 750 988 314 106 185 343 1 616 763 352 505 473 60 982 604 629 226 205 601 404 46 949 6 764 30 928 371 109 839 992 143 286 14 494 542 948 314 199 610 565 293 218 689 
779 811 238 733 707 330 672 316 12 27 354 347 895 169 148 256 142 988 482 447 401 233 597 142 382 959 402 861 0 874 327 637 530 591 732 969 548 670 379 918 963 188 979 373 881 487 601 610 456 146 121 774 391 249 834 1 627 287 381 211 149 562 10 46 51 75 644 598 919 369 167 292 761 618 914 653 675 226 494 350 413 352 705 61 88 198 458 152 614 721 977 506 388 558 183 
864 618 868 643 781 457 727 839 786 751 155 149 129 860 495 23 28 642 631 521 981 112 967 381 345 915 875 78 874 0 281 440 559 387 517 675 544 688 3 937 343 563 583 628 291 645 124 746 229 895 817 729 207 781 215 200 14 988 43 745 170 89 423 341 233 249 333 451 775 125 525 88 590 50 364 464 548 63 754 729 589 752 476 980 492 471 680 334 272 895 424 702 576 601 881 
276 290 89 245 510 83 25 966 810 864 752 912 370 252 40 229 747 62 609 740 692 129 721 156 448 453 852 714 327 281 0 613 824 975 506 239 490 345 430 650 627 332 518 274 126 750 223 538 13 797 961 6 697 619 359 323 498 720 417 474 894 241 749 984 547 822 115 224 46 483 979 550 276 262 995 804 254 193 343 283 336 751 684 881 603 67 355 87 659 713 57 396 778 53 953 
939 602 571 28 199 80 110 223 45 271 438 148 182 807 400 221 36 498 283 996 237 326 124 309 481 923 114 332 637 440 613 0 457 895 468 997 376 152 650 772 912 43 75 776 71 825 138 866 680 493 288 370 380 82 49 896 667 961 96 252 961 262 13 31 655 742 931 454 67 721 288 812 682 644 604 919 474 85 86 201 628 891 879 130 706 767 827 621 933 574 159 256 49 206 674 
575 394 535 602 592 614 64 166 10 334 604 510 516 762 261 736 149 758 370 144 346 696 620 655 528 894 768 860 530 559 824 457 0 448 9 940 459 374 224 978 434 397 134 594 384 939 706 610 939 338 759 971 177 395 457 47 738 670 148 292 581 792 900 540 40 592 779 342 948 579 644 74 110 832 862 5 78 910 218 327 113 106 624 212 797 819 816 875 137 805 634 333 965 627 854 
304 710 410 247 675 473 413 36 807 368 545 674 129 805 409 278 562 779 773 260 826 744 914 353 638 33 212 519 591 387 975 895 448 0 627 374 18 304 20 922 348 299 196 486 904 354 893 267 992 366 716 930 668 172 556 952 363 634 472 375 499 91 137 632 916 360 578 567 869 352 580 418 424 222 359 441 680 160 600 117 337 78 344 457 365 713 315 171 193 551 891 992 396 886 658 
737 141 122 209 905 158 367 272 54 40 753 859 449 382 772 579 154 31 404 250 296 756 887 328 320 405 271 58 732 517 506 468 9 627 0 743 845 614 152 694 301 965 675 111 842 494 285 938 640 515 232 396 737 942 386 893 163 262 798 62 377 543 459 178 565 237 151 59 787 860 911 688 517 659 678 467 250 142 582 333 164 645 712 152 348 677 488 929 405 641 336 532 661 648 272 
28 914 136 395 537 190 786 289 400 234 22 171 164 528 554 919 777 849 675 15 529 346 419 799 403 502 667 260 969 675 239 997 940 374 743 0 772 725 747 301 112 67 775 651 12 549 283 688 860 850 346 185 940 840 352 560 462 717 324 934 283 346 919 306 698 931 419 975 72 687 699 897 522 930 913 434 490 130 177 898 14 525 168 687 637 522 706 627 678 521 988 465 527 788 900 
477 915 528 117 314 114 139 837 277 18 390 196 794 590 222 808 118 567 578 268 321 80 934 581 400 609 819 748 548 544 490 376 459 18 845 772 0 653 18 714 480 901 673 733 319 115 208 286 679 458 865 570 518 773 741 766 427 397 488 774 478 317 870 501 829 601 975 105 960 113 866 539 200 293 69 487 667 552 963 338 209 379 865 543 628 500 619 582 651 647 622 243 678 301 402 
483 335 608 111 352 997 658 145 939 879 304 56 797 881 676 470 312 609 402 712 569 220 811 469 763 301 844 573 670 688 345 152 374 304 614 725 653 0 802 747 556 204 382 135 777 269 298 376 634 722 326 760 632 903 620 808 686 228 169 696 206 107 574 898 645 582 44 506 893 223 216 944 842 941 348 533 223 375 830 899 12 104 995 173 355 717 911 77 946 58 58 669 690 563 483 
272 869 591 502 524 998 299 405 673 120 68 282 521 131 202 92 942 670 206 242 866 779 263 905 123 766 279 778 379 3 430 650 224 20 152 747 18 802 0 825 991 567 749 688 396 715 401 798 394 972 472 964 387 26 379 782 81 502 486 373 270 377 397 819 704 547 46 356 430 336 936 30 556 15 166 190 802 354 7 658 474 188 327 843 719 776 769 770 769 883 478 437 209 125 790 
503 690 273 923 323 793 53 525 884 994 194 89 587 59 867 849 316 341 614 594 119 993 596 548 994 171 920 497 918 937 650 772 978 922 694 301 714 747 825 0 575 13 749 929 446 869 882 513 308 882 807 598 493 581 543 628 537 874 116 497 583 100 979 348 499 583 742 220 592 911 95 631 878 274 531 416 858 379 979 662 360 826 534 139 667 328 387 784 906 52 769 418 644 154 392 
597 92 370 38 679 781 256 527 96 597 493 41 67 837 636 966 830 159 885 679 428 173 328 199 151 250 245 451 963 343 627 912 434 348 301 112 480 556 991 575 0 679 509 827 361 260 847 540 860 377 79 947 255 912 286 827 159 709 960 816 730 292 788 405 925 674 195 600 436 872 846 256 875 230 410 688 568 101 862 880 529 458 784 374 903 242 267 83 836 152 324 726 923 945 659 
504 483 615 922 319 603 888 500 761 124 178 188 649 506 738 799 755 334 601 69 676 579 332 110 926 632 573 406 188 563 332 43 397 299 965 67 901 204 567 13 679 0 750 397 732 87 836 809 374 276 94 263 840 944 800 208 945 99 395 332 277 990 165 849 390 635 843 565 302 151 371 862 943 710 237 936 421 395 35 923 306 858 851 68 525 728 68 438 389 597 809 79 75 265 493 
744 552 327 601 641 125 355 975 77 776 650 655 107 111 581 91 36 338 630 950 669 672 347 967 636 413 219 839 979 583 518 75 134 196 675 775 673 382 749 749 509 750 0 472 311 700 664 910 189 761 292 586 189 269 221 875 559 425 972 705 184 964 781 328 396 370 398 36 541 585 4 567 460 254 863 430 485 607 542 165 197 360 159 179 101 615 293 186 187 416 567 693 372 870 147 
404 615 861 336 57 896 673 686 845 693 358 543 12 345 956 230 536 286 165 405 712 298 600 387 424 272 120 524 373 628 274 776 594 486 111 651 733 135 688 929 827 397 472 0 721 305 730 574 48 259 980 422 200 589 598 550 398 875 605 404 773 753 317 228 122 907 226 235 225 685 133 562 1000 952 147 8 170 685 605 417 90 690 969 672 504 951 428 567 503 42 833 729 439 518 261 
190 742 779 772 629 64 936 33 128 233 984 514 9 608 985 532 980 612 157 755 557 642 217 207 726 703 895 655 881 291 126 71 384 904 842 12 319 777 396 446 361 732 311 721 0 706 299 772 804 592 561 968 573 246 413 726 967 425 178 602 319 138 38 917 454 820 647 541 541 683 550 893 990 727 44 444 17 634 192 446 792 164 846 705 558 664 751 598 954 864 485 847 819 942 302 
339 295 253 318 258 761 424 815 755 992 373 480 694 619 134 926 262 611 996 997 866 189 9 185 317 756 982 678 487 645 750 825 939 354 494 549 115 269 715 869 260 87 700 305 706 0 933 782 960 672 817 641 280 544 319 94 714 216 537 660 489 601 720 28 494 538 180 437 685 182 29 629 965 680 598 348 665 320 420 189 568 741 167 22 560 638 703 557 982 574 612 930 942 917 935 
186 231 319 796 578 315 14 767 675 550 83 431 531 112 269 175 862 446 466 567 939 366 681 208 80 901 819 166 601 124 223 138 706 893 285 283 208 298 401 882 847 836 664 730 299 933 0 831 101 432 246 127 681 782 459 2 615 200 996 964 868 885 95 498 449 881 350 162 934 593 664 491 760 554 932 850 682 377 250 300 725 488 841 292 996 551 819 265 30 116 55 158 84 223 567 
904 512 378 721 79 668 86 759 227 165 12 398 683 964 521 257 101 578 150 385 860 357 35 613 590 881 448 254 610 746 538 866 610 267 938 688 286 376 798 513 540 809 910 574 772 782 831 0 491 252 542 723 876 531 403 787 816 399 736 125 611 774 796 779 381 7 190 318 816 326 323 622 915 643 537 330 351 675 560 798 49 973 188 321 638 652 849 812 605 575 899 930 74 942 158 
224 359 980 609 570 688 995 182 277 875 981 882 837 79 419 54 688 37 343 375 323 718 524 187 258 333 448 183 456 229 13 680 939 992 640 860 679 634 394 308 860 374 189 48 804 960 101 491 0 221 192 912 483 557 701 598 724 214 976 791 806 105 433 511 38 127 416 896 525 199 57 902 987 949 57 884 847 934 521 686 158 37 586 14 942 765 914 964 124 382 769 93 158 424 532 
996 444 217 670 161 741 856 770 425 303 953 880 883 317 559 173 309 550 33 339 183 778 646 395 151 187 442 307 146 895 797 493 338 366 515 850 458 722 972 882 377 276 761 259 592 672 432 252 221 0 969 158 126 468 936 254 707 273 515 59 630 627 680 799 652 741 234 16 164 328 995 709 558 850 518 562 21 904 660 109 980 61 559 208 221 591 222 823 982 680 212 772 844 921 497 
816 591 756 593 588 150 95 774 591 401 271 485 550 116 174 267 982 376 724 703 347 605 79 974 717 690 565 388 121 817 961 288 759 716 232 346 865 326 472 807 79 94 292 980 561 817 246 542 192 969 0 948 777 422 688 419 214 340 510 346 378 568 532 525 70 387 941 844 365 306 141 3 8 105 328 846 778 847 282 153 469 943 713 746 195 218 976 211 940 710 165 225 932 110 876 
597 890 573 675 863 289 364 780 29 836 948 989 123 706 704 354 403 920 32 226 726 462 320 369 441 232 186 686 774 729 6 370 971 930 396 185 570 760 964 598 947 263 586 422 968 641 127 723 912 158 948 0 632 114 351 51 812 276 966 658 561 590 64 410 239 102 449 272 571 393 643 553 612 689 883 548 177 755 974 617 216 370 944 292 612 746 525 860 874 867 314 653 849 971 907 
638 971 619 358 411 851 543 448 976 624 453 345 594 382 92 130 952 851 446 901 150 708 839 571 28 479 697 750 391 207 697 380 177 668 737 940 518 632 387 493 255 840 189 200 573 280 681 876 483 126 777 632 0 693 1 270 244 665 433 130 99 99 855 954 841 409 411 36 744 117 551 92 648 171 385 852 654 754 35 26 216 768 229 621 357 280 596 943 624 338 685 782 591 758 809 
834 615 554 861 445 250 610 835 808 658 566 337 325 303 276 194 286 14 686 892 205 874 91 778 154 771 653 988 249 781 619 82 395 172 942 840 773 903 26 581 912 944 269 589 246 544 782 531 557 468 422 114 693 0 218 370 318 744 849 82 843 921 366 987 34 209 575 696 112 893 127 660 434 166 639 373 732 168 83 519 362 308 982 546 548 269 122 966 770 42 316 601 45 36 785 
864 891 198 986 895 185 234 676 803 667 422 326 960 613 99 862 991 31 126 934 299 714 179 194 847 61 102 314 834 215 359 49 457 556 386 352 741 620 379 543 286 800 221 598 413 319 459 403 701 936 688 351 1 218 0 314 38 414 580 387 677 174 968 629 456 799 102 818 70 242 271 572 618 323 735 308 141 653 838 314 623 397 953 822 328 490 437 93 842 364 958 924 444 601 661 
544 848 278 997 513 463 564 871 511 20 427 248 723 167 867 101 61 505 253 281 102 17 951 912 419 651 200 106 1 200 323 896 47 952 893 560 766 808 782 628 827 208 875 550 726 94 2 787 598 254 419 51 270 370 314 0 378 764 690 165 696 61 555 16 443 294 214 571 476 3 348 636 447 385 166 438 817 432 105 560 706 510 540 376 425 261 946 539 130 382 396 519 276 231 85 
40 372 513 497 373 713 171 620 111 474 864 22 239 671 804 866 850 11 93 399 737 186 752 875 135 6 645 185 627 14 498 667 738 363 163 462 427 686 81 537 159 945 559 398 967 714 615 816 724 707 214 812 244 318 38 378 0 65 816 603 390 303 612 61 723 532 520 856 338 801 860 526 880 404 762 906 754 551 64 633 244 803 807 831 341 796 403 946 8 500 689 21 688 642 232 
323 683 914 949 48 764 967 785 126 130 246 552 167 327 440 325 623 998 74 589 711 41 405 787 99 970 950 343 287 988 720 961 670 634 262 717 397 228 502 874 709 99 425 875 425 216 200 399 214 273 340 276 665 744 414 764 65 0 859 316 180 805 527 21 865 620 623 351 529 693 290 517 253 49 904 274 858 549 154 317 147 263 1 150 708 292 945 992 239 494 742 863 812 355 500 
364 106 704 703 177 16 372 810 277 440 558 505 293 783 213 392 559 440 168 775 639 919 340 263 258 615 928 1 381 43 417 96 148 472 798 324 488 169 486 116 960 395 972 605 178 537 996 736 976 515 510 966 433 849 580 690 816 859 0 780 810 764 411 841 502 627 170 551 54 208 300 39 844 686 523 201 846 359 827 20 544 501 34 662 439 755 487 838 796 580 357 435 568 449 773 
42 196 901 811 291 48 282 440 724 121 960 209 237 919 603 208 523 132 744 870 868 71 737 729 36 169 578 616 211 745 474 252 292 375 62 934 774 696 373 497 816 332 705 404 602 660 964 125 791 59 346 658 130 82 387 165 603 316 780 0 538 864 621 106 773 959 163 453 256 521 378 818 992 373 27 558 781 777 909 982 657 154 863 243 780 345 212 449 973 220 665 527 76 199 414 
813 412 606 64 703 980 478 636 753 525 8 250 692 691 306 96 292 965 411 768 756 469 114 765 598 547 503 763 149 170 894 961 581 499 377 283 478 206 270 583 730 277 184 773 319 489 868 611 806 630 378 561 99 843 677 696 390 180 810 538 0 245 949 714 450 869 308 801 304 169 166 604 842 450 267 738 406 963 259 45 735 14 476 129 199 763 976 325 863 740 517 917 387 956 380 
349 704 851 930 202 227 564 32 432 834 614 513 462 797 285 781 637 505 743 442 134 120 354 584 963 31 280 352 562 89 241 262 792 91 543 346 317 107 377 100 292 990 964 753 138 601 885 774 105 627 568 590 99 921 174 61 303 805 764 864 245 0 160 824 400 801 636 127 99 690 278 940 119 947 518 4 452 903 522 655 879 604 717 894 393 821 841 924 454 644 413 830 697 501 77 
4 478 37 95 20 734 763 126 110 215 769 451 178 522 588 778 758 713 234 385 632 176 835 553 701 895 207 505 10 423 749 13 900 137 459 919 870 574 397 979 788 165 781 317 38 720 95 796 433 680 532 64 855 366 968 555 612 527 411 621 949 160 0 488 428 700 94 258 322 593 17 981 25 16 983 828 254 861 994 535 636 44 93 373 485 112 39 422 906 793 175 782 476 756 439 
985 848 648 796 766 518 369 514 848 508 679 629 824 716 700 270 863 132 950 746 548 156 111 867 63 74 393 473 46 341 984 31 540 632 178 306 501 898 819 348 405 849 328 228 917 28 498 779 511 799 525 410 954 987 629 16 61 21 841 106 714 824 488 0 489 812 86 494 251 748 809 30 952 281 129 94 835 224 477 723 199 472 451 692 348 581 792 551 999 545 502 601 352 582 586 
253 807 17 910 307 914 81 7 318 929 686 898 197 65 747 976 928 545 852 337 850 190 965 218 602 338 58 60 51 233 547 655 40 916 565 698 829 645 704 499 925 390 396 122 454 494 449 381 38 652 70 239 841 34 456 443 723 865 502 773 450 400 428 489 0 160 566 693 967 393 209 709 542 521 228 796 131 62 473 123 215 33 412 702 109 885 507 446 999 546 304 174 444 738 735 
315 344 186 496 340 242 994 264 631 741 737 436 234 185 169 623 836 238 861 29 623 669 471 346 533 324 470 982 75 249 822 742 592 360 237 931 601 582 547 583 674 635 370 907 820 538 881 7 127 741 387 102 409 209 799 294 532 620 627 959 869 801 700 812 160 0 596 668 460 804 927 20 894 26 660 295 504 354 575 219 151 688 804 876 185 788 878 350 310 785 510 665 136 404 710 
288 95 112 221 641 46 894 275 415 800 446 305 32 805 783 772 191 884 533 752 34 178 283 654 804 593 522 604 644 333 115 931 779 578 151 419 975 44 46 742 195 843 398 226 647 180 350 190 416 234 941 449 411 575 102 214 520 623 170 163 308 636 94 86 566 596 0 468 674 434 860 926 473 563 393 528 324 353 5 620 212 996 618 378 984 455 849 177 677 65 841 65 230 721 485 
857 892 992 254 633 538 96 30 116 95 210 465 636 625 50 576 425 460 502 527 25 21 501 546 184 160 534 629 598 451 224 454 342 567 59 975 105 506 356 220 600 565 36 235 541 437 162 318 896 16 844 272 36 696 818 571 856 351 551 453 801 127 258 494 693 668 468 0 278 505 74 248 94 813 296 635 150 965 436 460 423 763 276 244 736 385 478 27 649 192 277 416 473 391 488 
149 173 824 720 773 740 755 359 633 543 873 950 438 888 793 710 275 840 879 198 695 581 748 499 733 874 108 226 919 775 46 67 948 869 787 72 960 893 430 592 436 302 541 225 541 685 934 816 525 164 365 571 744 112 70 476 338 529 54 256 304 99 322 251 967 460 674 278 0 27 142 315 735 966 7 179 78 728 757 118 163 143 150 400 539 856 789 426 608 842 920 333 177 966 544 
353 103 870 788 757 762 12 649 799 298 816 675 813 180 245 557 644 666 384 981 195 437 236 850 887 909 452 205 369 125 483 721 579 352 860 687 113 223 336 911 872 151 585 685 683 182 593 326 199 328 306 393 117 893 242 3 801 693 208 521 169 690 593 748 393 804 434 505 27 0 147 307 380 577 558 717 477 59 11 629 38 183 296 220 54 582 969 946 445 300 318 853 438 197 626 
769 768 250 272 704 286 954 237 230 631 436 558 288 828 674 180 422 28 332 466 587 205 635 276 797 734 668 601 167 525 979 288 644 580 911 699 866 216 936 95 846 371 4 133 550 29 664 323 57 995 141 643 551 127 271 348 860 290 300 378 166 278 17 809 209 927 860 74 142 147 0 230 971 438 178 402 359 343 414 474 135 588 162 382 754 64 216 162 554 595 397 186 468 896 879 
521 987 869 876 471 770 905 134 93 313 481 585 307 31 711 577 730 922 867 29 651 384 658 668 545 867 594 404 292 88 550 812 74 418 688 897 539 944 30 631 256 862 567 562 893 629 491 622 902 709 3 553 92 660 572 636 526 517 39 818 604 940 981 30 709 20 926 248 315 307 230 0 962 195 768 866 646 829 618 997 691 952 934 773 442 98 407 508 795 345 595 410 99 262 202 
922 169 797 484 413 777 974 34 679 682 36 583 773 48 154 409 573 670 799 742 626 739 75 7 799 446 284 46 761 590 276 682 110 424 517 522 200 842 556 878 875 943 460 1000 990 965 760 915 987 558 8 612 648 434 618 447 880 253 844 992 842 119 25 952 542 894 473 94 735 380 971 962 0 638 146 653 249 453 45 903 695 41 146 288 578 309 36 735 833 896 127 284 513 462 470 
675 783 961 16 747 720 930 733 629 938 696 629 723 665 427 602 917 270 945 111 741 970 62 282 215 886 727 949 618 50 262 644 832 222 659 930 293 941 15 274 230 710 254 952 727 680 554 643 949 850 105 689 171 166 323 385 404 49 686 373 450 947 16 281 521 26 563 813 966 577 438 195 638 0 41 831 195 302 307 990 683 300 672 560 854 30 508 348 92 10 315 878 192 765 378 
691 147 364 722 52 359 671 901 463 711 72 981 385 456 736 786 493 108 235 440 475 868 960 852 430 124 818 6 914 364 995 604 862 359 678 913 69 348 166 531 410 237 863 147 44 598 932 537 57 518 328 883 385 639 735 166 762 904 523 27 267 518 983 129 228 660 393 296 7 558 178 768 146 41 0 225 167 865 574 766 132 641 254 797 945 400 834 74 298 386 427 490 537 779 814 
266 542 638 197 78 695 67 757 577 803 395 663 321 508 918 843 535 185 712 517 665 939 176 409 234 534 967 764 653 464 804 919 5 441 467 434 487 533 190 416 688 936 430 8 444 348 850 330 884 562 846 548 852 373 308 438 906 274 201 558 738 4 828 94 796 295 528 635 179 717 402 866 653 831 225 0 266 438 588 349 487 556 343 344 135 972 138 332 138 112 963 130 683 755 123 
448 178 75 777 413 988 622 312 839 346 620 628 251 245 828 160 334 183 340 428 979 634 955 965 812 23 366 30 675 548 254 474 78 680 250 490 667 223 802 858 568 421 485 170 17 665 682 351 847 21 778 177 654 732 141 817 754 858 846 781 406 452 254 835 131 504 324 150 78 477 359 646 249 195 167 266 0 621 726 179 251 40 838 933 765 19 563 904 74 936 926 808 133 34 312 
859 848 616 706 868 393 234 873 476 375 42 229 584 239 361 341 690 615 175 173 470 851 322 899 679 32 896 928 226 63 193 85 910 160 142 130 552 375 354 379 101 395 607 685 634 320 377 675 934 904 847 755 754 168 653 432 551 549 359 777 963 903 861 224 62 354 353 965 728 59 343 829 453 302 865 438 621 0 175 65 856 481 94 88 293 302 4 691 679 854 833 1000 973 353 732 
241 113 906 144 959 12 249 479 16 681 29 564 391 157 526 646 17 750 59 722 454 376 450 512 70 630 317 371 494 754 343 86 218 600 582 177 963 830 7 979 862 35 542 605 192 420 250 560 521 660 282 974 35 83 838 105 64 154 827 909 259 522 994 477 473 575 5 436 757 11 414 618 45 307 574 588 726 175 0 498 887 880 531 664 124 624 986 495 95 38 213 411 757 48 632 
500 246 835 133 572 869 567 409 325 630 914 152 538 524 25 883 1000 497 810 4 932 566 366 345 535 763 652 109 350 729 283 201 327 117 333 898 338 899 658 662 880 923 165 417 446 189 300 798 686 109 153 617 26 519 314 560 633 317 20 982 45 655 535 723 123 219 620 460 118 629 474 997 903 990 766 349 179 65 498 0 760 428 775 946 706 784 476 219 549 317 46 252 290 457 843 
216 525 650 184 550 520 849 461 152 165 481 486 562 135 372 284 257 590 256 69 59 236 894 56 139 883 173 839 413 589 336 628 113 337 164 14 209 12 474 360 529 306 197 90 792 568 725 49 158 980 469 216 216 362 623 706 244 147 544 657 735 879 636 199 215 151 212 423 163 38 135 691 695 683 132 487 251 856 887 760 0 541 4 647 513 245 225 513 660 533 44 123 816 273 228 
188 355 327 755 68 950 460 311 96 3 319 183 233 307 381 447 457 945 222 971 334 708 13 28 390 144 514 992 352 752 751 891 106 78 645 525 379 104 188 826 458 858 360 690 164 741 488 973 37 61 943 370 768 308 397 510 803 263 501 154 14 604 44 472 33 688 996 763 143 183 588 952 41 300 641 556 40 481 880 428 541 0 595 761 671 193 314 58 34 747 730 987 40 510 507 
175 797 661 482 545 170 284 807 670 438 173 625 833 996 657 873 991 419 367 526 359 319 918 658 311 825 49 143 705 476 684 879 624 344 712 168 865 995 327 534 784 851 159 969 846 167 841 188 586 559 713 944 229 982 953 540 807 1 34 863 476 717 93 451 412 804 618 276 150 296 162 934 146 672 254 343 838 94 531 775 4 595 0 589 669 529 352 430 422 535 712 256 491 779 101 
718 233 577 670 124 735 22 157 597 849 874 689 299 637 844 269 265 993 916 426 278 62 449 531 756 286 976 286 61 980 881 130 212 457 152 687 543 173 843 139 374 68 179 672 705 22 292 321 14 208 746 292 621 546 822 376 831 150 662 243 129 894 373 692 702 876 378 244 400 220 382 773 288 560 797 344 933 88 664 946 647 761 589 0 222 524 173 808 635 223 80 904 406 382 389 
267 306 763 643 488 912 656 83 40 549 807 83 250 682 460 493 81 31 226 206 670 785 354 365 717 441 380 14 88 492 603 706 797 365 348 637 628 355 719 667 903 525 101 504 558 560 996 638 942 221 195 612 357 548 328 425 341 708 439 780 199 393 485 348 109 185 984 736 539 54 754 442 578 854 945 135 765 293 124 706 513 671 669 222 0 813 787 375 155 141 45 587 85 545 292 
218 997 646 910 704 436 689 254 828 526 601 936 710 584 23 248 989 776 41 566 629 338 52 745 630 176 451 494 198 471 67 767 819 713 677 522 500 717 776 328 242 728 615 951 664 638 551 652 765 591 218 746 280 269 490 261 796 292 755 345 763 821 112 581 885 788 455 385 856 582 64 98 309 30 400 972 19 302 624 784 245 193 529 524 813 0 788 523 263 250 669 531 934 380 761 
18 785 961 310 891 305 424 63 416 4 948 555 810 684 411 391 747 860 52 128 611 375 147 913 998 930 157 542 458 680 355 827 816 315 488 706 619 911 769 387 267 68 293 428 751 703 819 849 914 222 976 525 596 122 437 946 403 945 487 212 976 841 39 792 507 878 849 478 789 969 216 407 36 508 834 138 563 4 986 476 225 314 352 173 787 788 0 346 764 604 476 774 681 613 473 
118 190 84 956 401 60 149 791 203 655 669 51 484 809 20 699 215 407 207 400 545 769 404 882 596 980 547 948 152 334 87 621 875 171 929 627 582 77 770 784 83 438 186 567 598 557 265 812 964 823 211 860 943 966 93 539 946 992 838 449 325 924 422 551 446 350 177 27 426 946 162 508 735 348 74 332 904 691 495 219 513 58 430 808 375 523 346 0 515 640 86 608 772 186 523 
320 514 183 121 190 458 542 92 904 891 268 282 668 566 444 175 652 143 601 984 398 643 830 969 507 239 398 314 614 272 659 933 137 193 405 678 651 946 769 906 836 389 187 503 954 982 30 605 124 982 940 874 624 770 842 130 8 239 796 973 863 454 906 999 999 310 677 649 608 445 554 795 833 92 298 138 74 679 95 549 660 34 422 635 155 263 764 515 0 96 763 393 97 734 613 
854 559 487 716 365 744 66 363 406 94 363 13 891 268 807 75 359 456 213 784 486 307 333 145 692 106 779 199 721 895 713 574 805 551 641 521 647 58 883 52 152 597 416 42 864 574 116 575 382 680 710 867 338 42 364 382 500 494 580 220 740 644 793 545 546 785 65 192 842 300 595 345 896 10 386 112 936 854 38 317 533 747 535 223 141 250 604 640 96 0 832 208 600 413 246 
183 859 835 178 3 731 723 139 148 915 332 447 509 677 694 871 62 157 806 267 546 474 800 293 360 22 785 610 977 424 57 159 634 891 336 988 622 58 478 769 324 809 567 833 485 612 55 899 769 212 165 314 685 316 958 396 689 742 357 665 517 413 175 502 304 510 841 277 920 318 397 595 127 315 427 963 926 833 213 46 44 730 712 80 45 669 476 86 763 832 0 486 199 736 288 
750 279 245 925 133 900 786 973 176 57 291 924 652 769 238 430 731 163 263 296 209 658 25 920 738 69 940 565 506 702 396 256 333 992 532 465 243 669 437 418 726 79 693 729 847 930 158 930 93 772 225 653 782 601 924 519 21 863 435 527 917 830 782 601 174 665 65 416 333 853 186 410 284 878 490 130 808 1000 411 252 123 987 256 904 587 531 774 608 393 208 486 0 483 41 344 
661 390 267 261 563 283 677 330 967 882 867 377 165 745 218 646 904 217 409 507 340 747 114 243 334 644 17 293 388 576 778 49 965 396 661 527 678 690 209 644 923 75 372 439 819 942 84 74 158 844 932 849 591 45 444 276 688 812 568 76 387 697 476 352 444 136 230 473 177 438 468 99 513 192 537 683 133 973 757 290 816 40 491 406 85 934 681 772 97 600 199 483 0 265 674 
648 674 834 91 162 64 563 338 853 383 789 365 574 677 48 706 649 156 347 817 195 837 574 631 122 607 403 218 558 601 53 206 627 886 648 788 301 563 125 154 945 265 870 518 942 917 223 942 424 921 110 971 758 36 601 231 642 355 449 199 956 501 756 582 738 404 721 391 966 197 896 262 462 765 779 755 34 353 48 457 273 510 779 382 545 380 613 186 734 413 736 41 265 0 78 
492 974 354 247 694 744 212 891 639 825 704 404 603 458 789 307 857 245 579 366 24 313 910 755 925 447 488 689 183 881 953 674 854 658 272 900 402 483 790 392 659 493 147 261 302 935 567 158 532 497 876 907 809 785 661 85 232 500 773 414 380 77 439 586 735 710 485 488 544 626 879 202 470 378 814 123 312 732 632 843 228 507 101 389 292 761 473 523 613 246 288 344 674 78 0 
14
69 33
42 90
92 37
7 48
95 36
45 48
70 11
74 82
81 73
83 26
46 74
49 79
58 8
21 65
