50
0 5 18 17 5 86 90 81 62 88 73 48 87 8 57 78 17 54 88 61 43 11 52 21 84 75 72 70 44 31 25 56 31 86 83 58 55 86 2 89 66 58 88 10 94 97 19 36 16 10 
5 0 20 56 66 27 60 29 65 91 74 88 26 35 41 15 90 91 68 85 76 58 80 97 7 41 56 68 28 24 75 73 51 43 43 17 63 71 29 67 56 30 84 20 49 16 33 41 88 83 
18 20 0 58 63 93 83 1 60 7 14 47 96 27 73 15 68 26 57 89 27 4 92 83 77 41 85 4 14 95 66 41 77 66 77 79 77 52 57 82 18 84 68 43 57 11 61 67 57 44 
17 56 58 0 97 11 11 33 19 51 55 45 93 47 54 69 9 75 13 44 24 62 77 54 65 37 15 1 4 74 48 21 4 60 67 4 38 71 16 91 79 77 96 4 96 4 48 14 69 18 
5 66 63 97 0 45 75 68 35 40 84 1 76 15 79 22 63 12 6 29 47 17 99 86 1 25 99 39 97 3 70 72 75 80 53 55 79 77 45 83 83 47 88 100 84 28 42 55 81 58 
86 27 93 11 45 0 75 15 31 92 40 12 35 42 78 1 74 78 48 1 67 52 29 99 62 18 26 27 33 8 39 10 38 32 35 11 16 78 74 75 95 30 79 27 42 81 43 16 52 65 
90 60 83 11 75 75 0 46 35 29 81 56 37 15 92 47 87 21 30 9 34 33 30 17 91 89 41 56 7 77 50 12 67 59 46 65 32 56 84 42 89 12 25 48 8 50 10 100 86 67 
81 29 1 33 68 15 46 0 90 32 16 19 56 48 4 68 40 32 48 90 30 79 18 86 2 8 92 24 50 99 29 74 100 59 39 83 90 65 16 26 47 64 74 47 43 30 93 28 7 29 
62 65 60 19 35 31 35 90 0 55 69 46 19 41 74 67 65 44 65 92 12 13 26 48 82 24 66 94 71 92 68 90 27 80 81 16 86 18 38 14 24 65 19 45 82 42 44 95 1 70 
88 91 7 51 40 92 29 32 55 0 81 87 43 2 37 40 42 61 82 13 83 61 24 68 40 65 78 7 86 36 1 31 97 87 10 87 7 15 67 25 98 71 77 90 20 33 94 74 62 48 
73 74 14 55 84 40 81 16 69 81 0 54 28 46 32 35 65 66 72 10 89 93 28 17 84 25 16 1 5 100 21 26 77 95 29 43 75 17 50 40 77 63 79 18 50 74 46 49 14 5 
48 88 47 45 1 12 56 19 46 87 54 0 92 85 60 14 53 10 41 52 80 7 36 40 36 25 83 34 94 63 55 10 37 64 6 12 34 18 17 14 86 59 66 27 72 67 58 88 14 98 
87 26 96 93 76 35 37 56 19 43 28 92 0 3 73 80 73 92 59 7 43 36 27 44 25 27 18 98 79 73 100 37 85 91 23 71 37 68 93 76 20 82 17 64 15 57 81 11 31 64 
8 35 27 47 15 42 15 48 41 2 46 85 3 0 87 36 25 53 31 49 74 71 42 15 34 67 76 67 11 5 83 77 53 74 8 76 41 20 52 26 17 57 4 93 83 6 24 36 75 1 
57 41 73 54 79 78 92 4 74 37 32 60 73 87 0 60 25 21 94 19 68 83 52 20 52 26 59 63 95 56 79 92 80 14 44 86 59 13 92 59 46 52 94 18 89 53 39 55 76 94 
78 15 15 69 22 1 47 68 67 40 35 14 80 36 60 0 60 8 49 63 38 82 78 25 62 60 82 65 64 51 56 15 99 80 33 96 100 32 88 65 36 59 29 51 24 11 46 68 36 68 
17 90 68 9 63 74 87 40 65 42 65 53 73 25 25 60 0 95 8 62 54 89 74 32 34 6 52 1 60 15 90 85 89 39 82 31 49 35 31 77 18 77 85 83 8 94 88 45 28 58 
54 91 26 75 12 78 21 32 44 61 66 10 92 53 21 8 95 0 68 77 68 16 82 98 71 61 83 80 13 2 29 34 13 58 23 15 2 28 14 10 84 87 93 34 61 78 65 2 9 5 
88 68 57 13 6 48 30 48 65 82 72 41 59 31 94 49 8 68 0 63 46 63 43 100 78 47 60 92 27 14 23 95 45 74 26 26 4 27 1 78 8 89 96 12 19 58 27 85 55 52 
61 85 89 44 29 1 9 90 92 13 10 52 7 49 19 63 62 77 63 0 43 1 86 11 25 82 70 59 77 75 44 7 95 79 56 12 95 51 52 11 99 1 19 60 94 30 63 1 35 67 
43 76 27 24 47 67 34 30 12 83 89 80 43 74 68 38 54 68 46 43 0 98 75 33 66 47 60 14 65 66 94 77 89 42 30 8 65 75 87 70 95 53 42 89 3 11 98 42 56 54 
11 58 4 62 17 52 33 79 13 61 93 7 36 71 83 82 89 16 63 1 98 0 1 78 44 50 72 95 58 92 49 40 84 23 31 92 64 44 45 89 60 48 72 61 9 52 86 44 76 46 
52 80 92 77 99 29 30 18 26 24 28 36 27 42 52 78 74 82 43 86 75 1 0 52 44 43 28 93 68 3 9 55 49 56 82 52 64 28 90 61 43 41 82 56 84 2 22 66 70 28 
21 97 83 54 86 99 17 86 48 68 17 40 44 15 20 25 32 98 100 11 33 78 52 0 90 80 72 25 24 31 38 37 78 6 42 47 43 71 100 17 94 26 75 91 93 33 28 26 50 16 
84 7 77 65 1 62 91 2 82 40 84 36 25 34 52 62 34 71 78 25 66 44 44 90 0 20 18 17 23 2 51 77 13 27 66 63 16 13 52 2 78 77 24 96 26 54 23 98 19 1 
75 41 41 37 25 18 89 8 24 65 25 25 27 67 26 60 6 61 47 82 47 50 43 80 20 0 9 4 15 70 91 5 53 12 89 61 96 69 14 38 21 60 92 82 73 15 22 76 6 2 
72 56 85 15 99 26 41 92 66 78 16 83 18 76 59 82 52 83 60 70 60 72 28 72 18 9 0 96 68 6 91 80 57 36 40 69 66 74 35 72 84 81 36 18 80 88 94 56 30 57 
70 68 4 1 39 27 56 24 94 7 1 34 98 67 63 65 1 80 92 59 14 95 93 25 17 4 96 0 48 76 20 19 31 7 20 79 78 45 9 30 30 100 39 57 87 26 38 61 25 83 
44 28 14 4 97 33 7 50 71 86 5 94 79 11 95 64 60 13 27 77 65 58 68 24 23 15 68 48 0 84 48 76 29 47 58 53 97 39 60 60 72 68 17 26 3 30 88 18 77 51 
31 24 95 74 3 8 77 99 92 36 100 63 73 5 56 51 15 2 14 75 66 92 3 31 2 70 6 76 84 0 66 27 83 3 71 33 18 13 98 1 67 83 62 20 37 14 16 61 65 85 
25 75 66 48 70 39 50 29 68 1 21 55 100 83 79 56 90 29 23 44 94 49 9 38 51 91 91 20 48 66 0 85 67 18 17 23 90 55 48 45 8 98 77 96 26 13 5 63 97 91 
56 73 41 21 72 10 12 74 90 31 26 10 37 77 92 15 85 34 95 7 77 40 55 37 77 5 80 19 76 27 85 0 11 32 92 10 51 24 61 100 89 25 56 35 48 26 58 6 44 13 
31 51 77 4 75 38 67 100 27 97 77 37 85 53 80 99 89 13 45 95 89 84 49 78 13 53 57 31 29 83 67 11 0 97 65 49 33 84 26 19 22 12 97 91 37 81 48 2 4 19 
86 43 66 60 80 32 59 59 80 87 95 64 91 74 14 80 39 58 74 79 42 23 56 6 27 12 36 7 47 3 18 32 97 0 93 1 19 58 4 26 77 81 97 39 82 75 18 81 6 86 
83 43 77 67 53 35 46 39 81 10 29 6 23 8 44 33 82 23 26 56 30 31 82 42 66 89 40 20 58 71 17 92 65 93 0 13 40 47 29 90 20 1 51 90 43 82 57 19 12 30 
58 17 79 4 55 11 65 83 16 87 43 12 71 76 86 96 31 15 26 12 8 92 52 47 63 61 69 79 53 33 23 10 49 1 13 0 11 12 22 1 56 10 36 90 20 8 89 8 85 28 
55 63 77 38 79 16 32 90 86 7 75 34 37 41 59 100 49 2 4 95 65 64 64 43 16 96 66 78 97 18 90 51 33 19 40 11 0 87 29 52 24 62 75 65 23 8 60 48 9 51 
86 71 52 71 77 78 56 65 18 15 17 18 68 20 13 32 35 28 27 51 75 44 28 71 13 69 74 45 39 13 55 24 84 58 47 12 87 0 64 32 8 64 75 38 2 31 66 70 98 48 
2 29 57 16 45 74 84 16 38 67 50 17 93 52 92 88 31 14 1 52 87 45 90 100 52 14 35 9 60 98 48 61 26 4 29 22 29 64 0 79 2 74 10 36 14 38 33 36 43 8 
89 67 82 91 83 75 42 26 14 25 40 14 76 26 59 65 77 10 78 11 70 89 61 17 2 38 72 30 60 1 45 100 19 26 90 1 52 32 79 0 47 26 93 62 4 49 3 42 10 20 
66 56 18 79 83 95 89 47 24 98 77 86 20 17 46 36 18 84 8 99 95 60 43 94 78 21 84 30 72 67 8 89 22 77 20 56 24 8 2 47 0 87 3 79 21 15 59 44 11 95 
58 30 84 77 47 30 12 64 65 71 63 59 82 57 52 59 77 87 89 1 53 48 41 26 77 60 81 100 68 83 98 25 12 81 1 10 62 64 74 26 87 0 88 5 15 63 31 84 56 12 
88 84 68 96 88 79 25 74 19 77 79 66 17 4 94 29 85 93 96 19 42 72 82 75 24 92 36 39 17 62 77 56 97 97 51 36 75 75 10 93 3 88 0 88 75 67 12 81 23 70 
10 20 43 4 100 27 48 47 45 90 18 27 64 93 18 51 83 34 12 60 89 61 56 91 96 82 18 57 26 20 96 35 91 39 90 90 65 38 36 62 79 5 88 0 88 23 91 6 41 59 
94 49 57 96 84 42 8 43 82 20 50 72 15 83 89 24 8 61 19 94 3 9 84 93 26 73 80 87 3 37 26 48 37 82 43 20 23 2 14 4 21 15 75 88 0 68 54 72 30 65 
97 16 11 4 28 81 50 30 42 33 74 67 57 6 53 11 94 78 58 30 11 52 2 33 54 15 88 26 30 14 13 26 81 75 82 8 8 31 38 49 15 63 67 23 68 0 3 35 50 63 
19 33 61 48 42 43 10 93 44 94 46 58 81 24 39 46 88 65 27 63 98 86 22 28 23 22 94 38 88 16 5 58 48 18 57 89 60 66 33 3 59 31 12 91 54 3 0 73 77 78 
36 41 67 14 55 16 100 28 95 74 49 88 11 36 55 68 45 2 85 1 42 44 66 26 98 76 56 61 18 61 63 6 2 81 19 8 48 70 36 42 44 84 81 6 72 35 73 0 9 22 
16 88 57 69 81 52 86 7 1 62 14 14 31 75 76 36 28 9 55 35 56 76 70 50 19 6 30 25 77 65 97 44 4 6 12 85 9 98 43 10 11 56 23 41 30 50 77 9 0 19 
10 83 44 18 58 65 67 29 70 48 5 98 64 1 94 68 58 5 52 67 54 46 28 16 1 2 57 83 51 85 91 13 19 86 30 28 51 48 8 20 95 12 70 59 65 63 78 22 19 0 
13
31 40
23 26
17 40
26 18
46 10
21 32
3 33
2 38
14 30
38 13
39 10
9 1
29 17
