96
0 794 221 622 663 112 953 641 913 135 667 149 853 606 801 305 219 879 288 577 601 831 556 839 949 621 161 676 841 172 817 651 937 440 901 838 191 322 274 299 507 257 73 718 715 6 387 31 723 327 155 622 896 654 910 647 107 481 525 841 776 117 168 872 191 687 913 830 369 656 591 484 804 785 545 76 237 526 607 192 388 580 720 440 453 881 935 640 419 241 142 828 133 52 67 277 
794 0 189 451 108 93 27 953 509 694 404 432 564 665 21 282 640 351 140 154 713 727 371 32 884 524 988 906 987 652 927 214 326 690 62 975 348 200 364 183 32 91 586 76 937 997 812 88 214 620 584 221 359 879 157 135 763 988 759 664 940 80 498 840 215 681 552 249 20 451 551 93 576 938 902 207 927 876 215 569 768 363 82 997 615 306 170 313 380 938 686 850 447 37 231 369 
221 189 0 239 929 178 849 553 708 991 493 29 479 888 793 622 230 839 863 576 707 875 302 533 585 270 765 872 495 650 7 188 821 607 373 695 626 805 201 838 963 69 125 339 38 705 285 406 59 432 324 23 361 248 6 971 509 689 68 107 614 241 80 590 413 248 414 776 421 355 415 643 606 476 865 778 68 518 807 619 894 876 283 811 614 636 75 435 264 455 129 918 978 387 735 673 
622 451 239 0 877 14 232 522 58 63 516 122 195 107 122 558 239 789 639 160 521 996 559 370 830 132 189 432 375 364 468 657 945 149 533 217 488 421 208 259 765 765 410 663 305 50 857 916 352 139 613 403 726 905 522 395 147 534 899 250 949 35 275 857 614 891 128 780 127 866 469 582 834 157 691 251 991 77 778 92 113 360 318 701 540 354 920 850 93 916 303 467 74 650 852 454 
663 108 929 877 0 809 10 627 81 570 635 697 978 646 450 888 784 238 179 617 335 598 764 464 782 977 308 938 14 638 576 33 358 976 760 986 645 474 173 799 107 349 553 894 389 934 299 250 257 599 959 961 116 937 605 79 775 484 141 577 179 742 734 896 833 670 653 836 352 359 935 153 913 994 832 73 711 377 186 784 939 991 579 392 750 7 696 322 191 994 701 799 452 758 865 19 
112 93 178 14 809 0 115 496 897 102 502 890 400 866 578 639 351 477 576 879 976 819 885 266 579 359 567 32 400 144 370 115 935 633 818 927 725 693 513 935 574 176 159 740 523 643 145 117 568 307 269 20 619 696 390 914 135 870 19 14 430 411 6 574 830 120 509 749 701 927 939 101 626 127 242 342 433 626 336 571 354 479 574 385 617 795 320 894 330 237 161 825 735 419 975 370 
953 27 849 232 10 115 0 974 680 507 982 182 296 560 327 797 688 937 667 1000 157 299 179 75 757 207 161 771 599 91 457 378 675 699 380 51 682 555 814 583 92 392 364 124 962 170 312 482 161 918 666 632 924 857 951 717 192 694 612 78 723 779 145 339 440 182 341 416 144 552 404 22 789 390 350 600 212 484 409 147 214 630 54 241 260 885 32 321 36 938 197 704 838 267 742 195 
641 953 553 522 627 496 974 0 532 99 627 754 484 531 13 994 361 584 231 599 174 35 34 721 737 278 183 702 445 651 719 841 551 446 659 298 389 968 633 101 567 126 775 677 292 530 88 773 320 182 901 282 11 671 535 962 784 95 210 37 994 186 452 404 476 576 598 171 790 126 717 868 255 4 232 610 14 488 255 226 980 735 919 934 300 394 24 22 945 520 998 302 680 533 452 941 
913 509 708 58 81 897 680 532 0 467 454 970 499 366 56 636 29 464 695 561 827 105 820 847 417 242 836 221 689 895 460 185 119 848 233 946 99 489 862 934 941 546 414 291 286 822 617 506 140 745 20 69 43 814 631 767 248 559 856 412 611 656 469 379 88 815 980 42 68 2 444 407 292 451 162 292 822 333 682 305 863 892 348 636 754 667 253 213 237 282 638 27 423 820 356 921 
135 694 991 63 570 102 507 99 467 0 534 78 762 344 521 15 52 951 568 792 144 781 397 982 141 791 293 78 630 689 459 190 216 548 482 748 275 583 142 315 1000 945 212 184 271 83 276 964 129 969 129 850 849 571 33 548 206 352 809 277 926 868 22 843 565 296 516 60 946 979 536 180 597 966 964 467 241 421 570 831 586 696 976 434 330 630 632 422 744 147 414 737 726 325 61 689 
667 404 493 516 635 502 982 627 454 534 0 433 150 560 990 906 768 841 623 657 499 47 217 444 621 107 511 620 215 447 965 299 849 64 313 843 889 457 960 578 712 655 26 683 770 678 492 477 598 409 821 557 17 651 694 555 188 832 501 460 846 240 37 948 472 493 335 32 512 99 7 775 355 483 27 624 208 863 35 498 434 528 746 177 57 435 789 334 610 197 516 411 157 791 488 166 
149 432 29 122 697 890 182 754 970 78 433 0 254 488 455 167 550 630 269 813 466 58 547 148 787 23 547 381 742 584 500 149 619 751 667 393 783 313 265 907 987 143 571 138 794 685 344 656 822 144 404 962 87 291 824 493 790 735 738 20 556 178 171 1 472 376 396 259 482 835 673 97 899 99 200 57 402 288 638 964 941 901 641 283 21 216 228 439 936 623 81 459 834 100 680 849 
853 564 479 195 978 400 296 484 499 762 150 254 0 40 169 380 41 683 637 871 73 845 624 540 956 369 499 612 202 318 905 689 904 303 698 23 143 607 746 724 509 99 757 615 136 561 737 687 287 474 884 222 994 646 371 336 134 553 804 331 406 155 428 126 13 962 969 756 125 818 627 735 980 883 42 198 48 619 942 75 715 415 16 11 913 775 23 529 241 837 585 681 499 10 523 233 
606 665 888 107 646 866 560 531 366 344 560 488 40 0 473 601 575 441 488 945 652 105 212 559 238 216 788 808 645 13 900 555 404 435 193 593 797 109 973 611 907 986 631 27 982 703 782 750 520 687 67 767 397 357 790 186 660 705 702 691 508 849 129 972 867 793 9 88 155 58 105 418 297 16 774 640 628 821 799 828 206 405 422 107 720 527 787 639 912 612 751 289 989 30 296 591 
801 21 793 122 450 578 327 13 56 521 990 455 169 473 0 78 718 59 500 304 41 578 496 385 213 111 788 25 362 325 818 49 19 864 96 148 28 998 951 328 108 616 946 927 706 170 94 479 59 616 407 178 182 883 711 521 294 510 971 480 168 105 73 48 553 947 527 787 151 48 990 439 768 236 697 674 352 261 149 602 482 624 327 348 161 411 776 244 637 653 36 551 945 599 546 248 
305 282 622 558 888 639 797 994 636 15 906 167 380 601 78 0 865 901 988 86 584 532 794 719 676 137 641 123 935 872 917 858 762 881 276 685 490 329 648 461 275 35 466 239 684 491 137 57 179 191 423 558 452 43 566 657 828 607 630 122 215 301 938 346 31 928 925 284 742 981 953 573 7 530 897 553 132 866 796 132 223 32 885 550 40 285 302 894 949 971 334 770 150 265 744 454 
219 640 230 239 784 351 688 361 29 52 768 550 41 575 718 865 0 80 326 935 621 80 862 592 85 708 247 354 256 657 225 824 227 77 751 517 473 976 381 16 777 955 402 452 693 638 444 762 530 375 803 288 796 985 260 151 31 764 989 77 213 329 224 571 658 937 700 696 558 198 848 654 157 466 693 289 307 604 721 782 265 184 937 592 235 26 682 922 184 702 245 40 783 399 628 563 
879 351 839 789 238 477 937 584 464 951 841 630 683 441 59 901 80 0 640 483 271 734 530 556 194 731 163 875 169 38 41 625 643 227 756 909 673 403 477 909 19 223 110 133 938 118 202 760 702 792 360 14 260 838 412 581 705 427 108 993 963 246 303 396 949 363 844 25 408 508 368 648 602 161 714 646 892 193 737 24 579 1 885 883 108 5 584 416 780 667 116 692 876 747 700 453 
288 140 863 639 179 576 667 231 695 568 623 269 637 488 500 988 326 640 0 13 936 705 899 115 471 923 361 262 959 806 926 898 11 207 311 246 300 252 973 793 202 904 432 306 587 136 885 359 987 165 620 911 191 130 684 672 366 795 513 236 146 11 46 964 197 503 959 923 60 373 192 853 674 767 175 540 218 144 353 485 191 547 212 26 52 137 904 745 748 458 665 41 14 318 688 502 
577 154 576 160 617 879 1000 599 561 792 657 813 871 945 304 86 935 483 13 0 219 906 643 160 584 663 814 141 378 913 614 749 327 309 572 348 686 13 409 695 530 497 552 552 120 861 811 278 141 278 808 358 616 814 381 587 738 835 138 740 993 419 978 796 847 313 833 256 284 256 680 758 344 191 319 115 509 337 229 544 831 428 729 684 330 987 43 853 416 454 264 907 229 967 800 462 
601 713 707 521 335 976 157 174 827 144 499 466 73 652 41 584 621 271 936 219 0 230 928 102 733 969 625 515 874 206 846 238 233 36 409 325 722 687 682 158 597 899 61 764 597 456 360 692 460 481 494 221 539 160 756 363 300 637 852 847 751 533 303 399 610 187 552 439 380 458 45 941 118 604 34 873 505 425 484 271 377 363 206 511 37 372 721 797 608 262 22 645 21 829 323 64 
831 727 875 996 598 819 299 35 105 781 47 58 845 105 578 532 80 734 705 906 230 0 956 90 29 135 497 508 834 116 190 95 458 822 562 294 516 903 70 196 802 158 6 310 180 790 567 158 628 459 913 40 486 655 798 477 424 163 159 458 313 713 686 266 881 726 712 408 324 441 737 576 621 395 167 673 612 460 238 542 898 528 692 479 527 299 354 209 530 835 891 510 701 189 896 273 
556 371 302 559 764 885 179 34 820 397 217 547 624 212 496 794 862 530 899 643 928 956 0 723 968 338 521 655 992 642 172 938 264 302 832 811 54 57 386 770 979 545 496 127 562 473 171 810 524 24 782 599 397 636 857 85 453 288 713 268 865 964 796 519 56 444 112 588 181 588 654 492 342 768 479 810 601 99 157 720 559 724 325 375 720 482 278 438 531 648 616 505 621 730 543 460 
839 32 533 370 464 266 75 721 847 982 444 148 540 559 385 719 592 556 115 160 102 90 723 0 803 405 356 875 366 431 961 409 993 900 417 214 924 175 405 767 122 606 79 157 797 964 38 64 428 945 389 831 39 231 982 711 46 551 742 838 737 132 267 669 296 391 250 350 896 645 285 558 55 465 167 539 531 466 228 24 763 440 895 952 760 671 824 365 889 537 910 431 241 760 526 919 
949 884 585 830 782 579 757 737 417 141 621 787 956 238 213 676 85 194 471 584 733 29 968 803 0 680 420 321 700 949 831 408 865 908 49 50 686 974 582 871 937 375 345 514 512 53 131 573 584 702 998 405 252 714 955 893 414 248 343 882 936 280 457 25 403 720 824 971 879 709 890 293 842 601 865 544 912 179 432 871 491 563 445 36 220 107 31 869 393 220 625 67 363 472 191 373 
621 524 270 132 977 359 207 278 242 791 107 23 369 216 111 137 708 731 923 663 969 135 338 405 680 0 183 280 499 633 602 120 735 8 112 865 284 29 333 912 618 710 789 213 479 727 705 616 87 943 229 259 707 261 318 995 839 478 924 953 4 894 245 487 382 146 847 716 919 562 867 918 731 459 650 426 896 712 277 345 765 786 130 991 954 745 41 227 380 891 841 451 93 402 257 907 
161 988 765 189 308 567 161 183 836 293 511 547 499 788 788 641 247 163 361 814 625 497 521 356 420 183 0 724 21 797 262 363 355 488 538 16 651 854 328 928 608 419 625 913 25 110 799 927 52 400 321 847 448 97 397 94 729 764 146 893 560 371 476 766 772 639 772 947 139 738 90 319 917 425 502 875 910 611 479 921 459 844 927 90 514 361 29 217 770 373 779 15 251 690 999 411 
676 906 872 432 938 32 771 702 221 78 620 381 612 808 25 123 354 875 262 141 515 508 655 875 321 280 724 0 927 649 816 21 237 281 405 851 45 745 250 754 870 165 74 196 486 290 724 683 227 464 50 896 953 33 592 41 767 108 462 48 793 851 303 438 572 360 498 172 676 948 220 289 437 173 625 666 584 212 925 414 797 132 148 633 661 315 271 445 545 791 756 337 451 767 339 883 
841 987 495 375 14 400 599 445 689 630 215 742 202 645 362 935 256 169 959 378 874 834 992 366 700 499 21 927 0 484 398 287 374 122 54 170 489 626 51 227 543 615 207 359 579 751 922 159 399 568 219 72 382 429 592 12 702 120 685 333 96 735 193 647 44 106 726 193 923 954 382 976 238 168 634 927 19 281 208 569 698 187 326 416 58 105 407 926 48 424 452 935 660 787 80 821 
172 652 650 364 638 144 91 651 895 689 447 584 318 13 325 872 657 38 806 913 206 116 642 431 949 633 797 649 484 0 262 760 115 357 451 879 72 372 76 249 325 151 68 232 936 401 471 571 153 33 276 574 767 578 323 627 497 23 797 872 276 402 771 337 646 473 798 291 886 790 444 978 925 425 3 260 402 203 58 109 596 136 303 135 336 480 340 279 617 812 169 472 90 278 18 46 
817 927 7 468 576 370 457 719 460 459 965 500 905 900 818 917 225 41 926 614 846 190 172 961 831 602 262 816 398 262 0 282 870 943 802 376 620 513 610 450 903 599 100 904 597 311 19 886 927 756 893 6 363 242 884 693 830 30 410 358 49 868 549 400 611 211 983 490 200 212 927 281 814 707 929 944 826 482 627 318 301 167 701 351 713 451 557 760 207 280 304 130 603 813 505 300 
651 214 188 657 33 115 378 841 185 190 299 149 689 555 49 858 824 625 898 749 238 95 938 409 408 120 363 21 287 760 282 0 310 561 954 8 679 947 324 525 49 223 632 428 646 109 661 541 473 247 373 693 629 83 853 658 160 952 562 173 223 203 360 518 234 792 639 375 291 609 324 811 41 305 178 354 607 158 815 113 437 119 397 855 862 337 693 917 466 16 945 114 144 838 498 449 
937 326 821 945 358 935 675 551 119 216 849 619 904 404 19 762 227 643 11 327 233 458 264 993 865 735 355 237 374 115 870 310 0 46 864 206 420 923 791 783 356 593 653 308 872 397 282 10 366 4 211 146 126 808 832 113 612 362 907 888 567 833 620 528 213 505 349 892 906 240 994 422 500 362 256 819 328 431 272 677 364 498 384 131 302 785 509 591 996 101 206 673 888 314 248 414 
440 690 607 149 976 633 699 446 848 548 64 751 303 435 864 881 77 227 207 309 36 822 302 900 908 8 488 281 122 357 943 561 46 0 526 70 246 317 810 639 866 19 224 242 987 367 303 643 337 539 217 29 75 841 242 15 690 70 477 817 663 108 628 341 375 459 748 266 621 566 693 923 771 534 146 721 246 352 786 937 546 42 983 161 326 86 983 195 470 734 432 47 933 551 591 973 
901 62 373 533 760 818 380 659 233 482 313 667 698 193 96 276 751 756 311 572 409 562 832 417 49 112 538 405 54 451 802 954 864 526 0 576 519 719 883 135 814 987 41 90 302 158 517 808 825 737 337 96 354 987 375 404 659 486 460 775 171 237 986 727 847 34 118 506 770 826 144 393 226 461 869 604 950 586 944 556 550 478 66 908 402 690 612 118 911 283 599 580 569 487 349 903 
838 975 695 217 986 927 51 298 946 748 843 393 23 593 148 685 517 909 246 348 325 294 811 214 50 865 16 851 170 879 376 8 206 70 576 0 416 397 315 582 814 942 205 201 612 683 933 612 623 602 170 107 593 97 436 191 386 197 47 464 745 927 705 424 45 526 1 727 609 951 928 926 764 707 440 243 38 807 809 812 302 840 963 522 404 143 556 264 187 94 906 471 691 423 112 432 
191 348 626 488 645 725 682 389 99 275 889 783 143 797 28 490 473 673 300 686 722 516 54 924 686 284 651 45 489 72 620 679 420 246 519 416 0 361 322 574 791 546 734 333 509 361 447 759 904 198 485 400 46 888 631 929 177 291 847 182 92 871 985 266 204 930 257 366 673 845 632 23 396 660 739 62 30 977 473 507 252 873 908 546 295 233 655 440 799 323 592 871 667 321 566 694 
322 200 805 421 474 693 555 968 489 583 457 313 607 109 998 329 976 403 252 13 687 903 57 175 974 29 854 745 626 372 513 947 923 317 719 397 361 0 697 717 905 730 757 566 264 327 180 642 337 654 2 79 629 196 677 121 850 531 72 852 245 367 131 65 638 215 458 921 913 377 547 766 367 202 570 555 161 69 352 702 115 107 119 500 13 927 643 438 946 221 796 284 407 106 90 449 
274 364 201 208 173 513 814 633 862 142 960 265 746 973 951 648 381 477 973 409 682 70 386 405 582 333 328 250 51 76 610 324 791 810 883 315 322 697 0 34 380 419 331 877 903 564 20 384 294 135 70 388 955 119 970 505 521 644 609 852 90 112 156 827 872 101 950 897 398 76 645 794 370 63 671 852 404 646 63 389 634 926 233 455 55 537 579 286 131 966 903 124 371 955 916 724 
299 183 838 259 799 935 583 101 934 315 578 907 724 611 328 461 16 909 793 695 158 196 770 767 871 912 928 754 227 249 450 525 783 639 135 582 574 717 34 0 83 92 147 975 146 182 416 617 395 942 856 469 88 702 614 695 424 850 703 593 55 878 453 644 292 744 236 407 92 198 427 782 40 462 252 354 852 309 155 163 114 764 256 181 400 899 907 652 388 604 230 898 442 141 273 615 
507 32 963 765 107 574 92 567 941 1000 712 987 509 907 108 275 777 19 202 530 597 802 979 122 937 618 608 870 543 325 903 49 356 866 814 814 791 905 380 83 0 27 968 101 886 761 807 605 465 623 130 928 477 118 61 20 55 234 232 128 171 586 504 907 554 862 973 332 210 708 434 297 963 167 534 373 401 841 273 885 700 154 94 933 695 556 626 211 41 719 561 20 132 430 503 489 
257 91 69 765 349 176 392 126 546 945 655 143 99 986 616 35 955 223 904 497 899 158 545 606 375 710 419 165 615 151 599 223 593 19 987 942 546 730 419 92 27 0 356 559 25 242 512 212 892 895 242 296 323 769 664 59 60 827 461 311 287 703 545 774 696 594 285 928 909 526 3 568 724 545 697 476 963 508 449 886 67 453 331 984 111 971 368 971 92 162 770 886 527 745 403 241 
73 586 125 410 553 159 364 775 414 212 26 571 757 631 946 466 402 110 432 552 61 6 496 79 345 789 625 74 207 68 100 632 653 224 41 205 734 757 331 147 968 356 0 112 940 218 759 624 568 85 259 782 174 992 437 187 565 936 792 613 610 55 623 997 763 471 983 17 573 384 99 230 290 560 452 762 605 949 144 127 54 16 248 816 773 114 486 442 675 226 662 708 275 592 952 463 
718 76 339 663 894 740 124 677 291 184 683 138 615 27 927 239 452 133 306 552 764 310 127 157 514 213 913 196 359 232 904 428 308 242 90 201 333 566 877 975 101 559 112 0 22 321 543 644 103 448 366 501 823 763 431 707 189 786 35 458 576 92 932 384 918 175 942 87 335 525 60 31 942 49 927 570 800 459 215 311 766 921 461 944 607 330 649 739 281 555 145 700 982 791 377 722 
715 937 38 305 389 523 962 292 286 271 770 794 136 982 706 684 693 938 587 120 597 180 562 797 512 479 25 486 579 936 597 646 872 987 302 612 509 264 903 146 886 25 940 22 0 296 645 961 411 581 308 414 719 125 805 596 719 531 162 353 795 903 25 97 562 386 645 16 416 584 107 338 373 561 822 115 590 328 248 714 624 209 752 442 183 850 506 609 355 125 873 175 868 774 698 831 
6 997 705 50 934 643 170 530 822 83 678 685 561 703 170 491 638 118 136 861 456 790 473 964 53 727 110 290 751 401 311 109 397 367 158 683 361 327 564 182 761 242 218 321 296 0 204 102 626 701 17 311 708 227 147 707 859 798 763 444 129 511 695 44 667 417 862 803 75 431 440 668 57 147 500 787 956 561 292 728 536 992 574 515 933 524 262 686 311 230 697 610 571 191 849 710 
387 812 285 857 299 145 312 88 617 276 492 344 737 782 94 137 444 202 885 811 360 567 171 38 131 705 799 724 922 471 19 661 282 303 517 933 447 180 20 416 807 512 759 543 645 204 0 700 634 638 140 58 626 157 349 364 368 744 664 932 790 744 221 82 949 102 218 370 428 505 364 604 300 931 823 474 932 676 10 442 989 952 345 845 998 615 302 985 582 877 831 822 131 407 120 175 
31 88 406 916 250 117 482 773 506 964 477 656 687 750 479 57 762 760 359 278 692 158 810 64 573 616 927 683 159 571 886 541 10 643 808 612 759 642 384 617 605 212 624 644 961 102 700 0 292 955 462 702 867 462 417 746 102 647 502 429 359 231 248 667 219 675 344 63 973 133 307 991 881 378 515 755 248 284 968 847 889 744 41 33 769 227 539 531 890 826 117 214 2 524 677 746 
723 214 59 352 257 568 161 320 140 129 598 822 287 520 59 179 530 702 987 141 460 628 524 428 584 87 52 227 399 153 927 473 366 337 825 623 904 337 294 395 465 892 568 103 411 626 634 292 0 492 728 676 319 416 911 639 915 224 222 789 91 756 349 791 615 780 705 828 482 290 807 667 659 660 565 432 200 753 381 103 114 344 458 749 40 528 845 453 443 896 813 302 447 289 900 514 
327 620 432 139 599 307 918 182 745 969 409 144 474 687 616 191 375 792 165 278 481 459 24 945 702 943 400 464 568 33 756 247 4 539 737 602 198 654 135 942 623 895 85 448 581 701 638 955 492 0 111 968 817 286 32 35 734 539 176 167 288 754 266 45 145 957 176 644 488 878 908 456 325 49 350 366 501 820 715 279 531 850 908 870 50 103 205 729 681 335 847 862 496 724 807 676 
155 584 324 613 959 269 666 901 20 129 821 404 884 67 407 423 803 360 620 808 494 913 782 389 998 229 321 50 219 276 893 373 211 217 337 170 485 2 70 856 130 242 259 366 308 17 140 462 728 111 0 411 482 275 797 332 191 833 992 521 351 649 225 814 417 339 177 318 608 740 338 100 225 920 185 869 756 620 548 390 71 172 769 68 450 213 581 735 657 631 380 472 230 490 829 207 
622 221 23 403 961 20 632 282 69 850 557 962 222 767 178 558 288 14 911 358 221 40 599 831 405 259 847 896 72 574 6 693 146 29 96 107 400 79 388 469 928 296 782 501 414 311 58 702 676 968 411 0 858 927 666 1 214 860 73 635 194 289 652 190 576 966 608 266 213 99 203 608 128 263 599 304 56 530 216 726 842 707 15 611 429 899 917 250 50 157 834 946 819 117 575 578 
896 359 361 726 116 619 924 11 43 849 17 87 994 397 182 452 796 260 191 616 539 486 397 39 252 707 448 953 382 767 363 629 126 75 354 593 46 629 955 88 477 323 174 823 719 708 626 867 319 817 482 858 0 293 181 863 509 53 686 624 600 819 951 310 377 682 239 404 163 318 644 384 297 795 516 38 112 631 952 820 428 378 952 349 928 402 559 290 210 169 89 724 196 265 54 300 
654 879 248 905 937 696 857 671 814 571 651 291 646 357 883 43 985 838 130 814 160 655 636 231 714 261 97 33 429 578 242 83 808 841 987 97 888 196 119 702 118 769 992 763 125 227 157 462 416 286 275 927 293 0 653 769 643 120 704 140 216 965 372 685 472 782 640 257 140 327 991 591 566 687 15 30 708 70 56 461 629 247 94 794 169 46 211 172 187 630 348 976 203 219 723 18 
910 157 6 522 605 390 951 535 631 33 694 824 371 790 711 566 260 412 684 381 756 798 857 982 955 318 397 592 592 323 884 853 832 242 375 436 631 677 970 614 61 664 437 431 805 147 349 417 911 32 797 666 181 653 0 64 259 762 166 824 930 772 270 858 872 708 209 967 461 744 839 517 534 79 765 842 938 995 443 749 604 498 262 563 188 921 740 966 938 45 95 729 60 229 100 848 
647 135 971 395 79 914 717 962 767 548 555 493 336 186 521 657 151 581 672 587 363 477 85 711 893 995 94 41 12 627 693 658 113 15 404 191 929 121 505 695 20 59 187 707 596 707 364 746 639 35 332 1 863 769 64 0 923 652 28 506 887 98 760 687 779 402 62 374 41 378 885 28 138 396 380 581 23 810 383 42 919 292 396 736 148 860 941 158 603 740 65 790 910 736 596 673 
107 763 509 147 775 135 192 784 248 206 188 790 134 660 294 828 31 705 366 738 300 424 453 46 414 839 729 767 702 497 830 160 612 690 659 386 177 850 521 424 55 60 565 189 719 859 368 102 915 734 191 214 509 643 259 923 0 597 980 92 571 210 617 171 205 927 486 973 59 888 209 861 648 498 664 807 956 781 685 158 393 384 223 784 122 790 251 398 566 521 540 426 647 620 979 276 
481 988 689 534 484 870 694 95 559 352 832 735 553 705 510 607 764 427 795 835 637 163 288 551 248 478 764 108 120 23 30 952 362 70 486 197 291 531 644 850 234 827 936 786 531 798 744 647 224 539 833 860 53 120 762 652 597 0 311 716 490 494 98 975 643 347 980 265 599 481 929 835 450 503 266 69 847 605 921 21 62 341 188 652 701 634 120 182 708 418 225 743 662 270 98 258 
525 759 68 899 141 19 612 210 856 809 501 738 804 702 971 630 989 108 513 138 852 159 713 742 343 924 146 462 685 797 410 562 907 477 460 47 847 72 609 703 232 461 792 35 162 763 664 502 222 176 992 73 686 704 166 28 980 311 0 905 32 948 62 124 351 113 912 898 69 326 104 316 926 920 356 598 607 21 660 455 67 775 543 721 808 526 211 603 499 530 821 478 713 502 287 555 
841 664 107 250 577 14 78 37 412 277 460 20 331 691 480 122 77 993 236 740 847 458 268 838 882 953 893 48 333 872 358 173 888 817 775 464 182 852 852 593 128 311 613 458 353 444 932 429 789 167 521 635 624 140 824 506 92 716 905 0 666 296 161 170 249 384 212 517 981 193 942 836 237 665 298 733 974 413 892 78 442 923 900 551 532 246 657 675 966 296 991 713 306 758 58 449 
776 940 614 949 179 430 723 994 611 926 846 556 406 508 168 215 213 963 146 993 751 313 865 737 936 4 560 793 96 276 49 223 567 663 171 745 92 245 90 55 171 287 610 576 795 129 790 359 91 288 351 194 600 216 930 887 571 490 32 666 0 247 220 663 640 171 129 555 836 622 724 164 726 927 620 680 248 159 331 129 9 476 842 786 388 113 459 812 676 581 393 566 103 547 115 656 
117 80 241 35 742 411 779 186 656 868 240 178 155 849 105 301 329 246 11 419 533 713 964 132 280 894 371 851 735 402 868 203 833 108 237 927 871 367 112 878 586 703 55 92 903 511 744 231 756 754 649 289 819 965 772 98 210 494 948 296 247 0 962 875 961 675 246 387 268 889 383 948 91 627 636 541 784 855 286 772 720 941 244 71 872 329 119 714 705 810 124 608 315 666 791 855 
168 498 80 275 734 6 145 452 469 22 37 171 428 129 73 938 224 303 46 978 303 686 796 267 457 245 476 303 193 771 549 360 620 628 986 705 985 131 156 453 504 545 623 932 25 695 221 248 349 266 225 652 951 372 270 760 617 98 62 161 220 962 0 687 482 528 850 891 623 154 618 646 629 969 827 87 580 571 58 190 878 41 648 405 393 582 701 591 783 664 288 826 801 595 556 897 
872 840 590 857 896 574 339 404 379 843 948 1 126 972 48 346 571 396 964 796 399 266 519 669 25 487 766 438 647 337 400 518 528 341 727 424 266 65 827 644 907 774 997 384 97 44 82 667 791 45 814 190 310 685 858 687 171 975 124 170 663 875 687 0 852 27 478 446 93 214 717 586 225 640 876 850 927 589 954 157 724 325 226 268 690 249 320 402 671 681 598 590 990 212 363 69 
191 215 413 614 833 830 440 476 88 565 472 472 13 867 553 31 658 949 197 847 610 881 56 296 403 382 772 572 44 646 611 234 213 375 847 45 204 638 872 292 554 696 763 918 562 667 949 219 615 145 417 576 377 472 872 779 205 643 351 249 640 961 482 852 0 485 993 4 240 806 75 870 862 160 781 261 381 206 423 708 265 335 578 231 550 766 102 908 527 895 908 654 599 569 734 179 
687 681 248 891 670 120 182 576 815 296 493 376 962 793 947 928 937 363 503 313 187 726 444 391 720 146 639 360 106 473 211 792 505 459 34 526 930 215 101 744 862 594 471 175 386 417 102 675 780 957 339 966 682 782 708 402 927 347 113 384 171 675 528 27 485 0 967 748 392 979 761 390 855 782 695 42 881 508 2 745 779 870 65 664 146 623 312 709 693 946 886 406 370 434 256 151 
913 552 414 128 653 509 341 598 980 516 335 396 969 9 527 925 700 844 959 833 552 712 112 250 824 847 772 498 726 798 983 639 349 748 118 1 257 458 950 236 973 285 983 942 645 862 218 344 705 176 177 608 239 640 209 62 486 980 912 212 129 246 850 478 993 967 0 525 701 516 645 863 340 699 667 93 317 747 763 968 26 516 540 789 93 392 875 666 209 126 503 413 680 634 826 853 
830 249 776 780 836 749 416 171 42 60 32 259 756 88 787 284 696 25 923 256 439 408 588 350 971 716 947 172 193 291 490 375 892 266 506 727 366 921 897 407 332 928 17 87 16 803 370 63 828 644 318 266 404 257 967 374 973 265 898 517 555 387 891 446 4 748 525 0 912 2 58 244 609 820 872 675 411 534 896 566 516 207 486 128 844 998 756 347 677 217 851 877 266 889 651 872 
369 20 421 127 352 701 144 790 68 946 512 482 125 155 151 742 558 408 60 284 380 324 181 896 879 919 139 676 923 886 200 291 906 621 770 609 673 913 398 92 210 909 573 335 416 75 428 973 482 488 608 213 163 140 461 41 59 599 69 981 836 268 623 93 240 392 701 912 0 708 660 507 221 335 265 949 41 929 705 799 245 976 184 163 159 549 306 146 990 518 33 689 776 539 698 599 
656 451 355 866 359 927 552 126 2 979 99 835 818 58 48 981 198 508 373 256 458 441 588 645 709 562 738 948 954 790 212 609 240 566 826 951 845 377 76 198 708 526 384 525 584 431 505 133 290 878 740 99 318 327 744 378 888 481 326 193 622 889 154 214 806 979 516 2 708 0 641 656 710 761 337 296 720 393 825 356 11 441 124 595 147 928 454 303 691 443 758 888 402 588 741 576 
591 551 415 469 935 939 404 717 444 536 7 673 627 105 990 953 848 368 192 680 45 737 654 285 890 867 90 220 382 444 927 324 994 693 144 928 632 547 645 427 434 3 99 60 107 440 364 307 807 908 338 203 644 991 839 885 209 929 104 942 724 383 618 717 75 761 645 58 660 641 0 377 648 633 123 380 614 194 402 729 630 322 93 661 243 896 14 350 64 172 432 126 59 381 923 486 
484 93 643 582 153 101 22 868 407 180 775 97 735 418 439 573 654 648 853 758 941 576 492 558 293 918 319 289 976 978 281 811 422 923 393 926 23 766 794 782 297 568 230 31 338 668 604 991 667 456 100 608 384 591 517 28 861 835 316 836 164 948 646 586 870 390 863 244 507 656 377 0 183 502 150 673 794 769 978 35 945 481 629 96 853 456 932 709 30 236 593 60 907 320 200 88 
804 576 606 834 913 626 789 255 292 597 355 899 980 297 768 7 157 602 674 344 118 621 342 55 842 731 917 437 238 925 814 41 500 771 226 764 396 367 370 40 963 724 290 942 373 57 300 881 659 325 225 128 297 566 534 138 648 450 926 237 726 91 629 225 862 855 340 609 221 710 648 183 0 305 386 771 682 900 626 242 77 245 454 930 610 250 173 273 782 604 527 774 929 684 495 169 
785 938 476 157 994 127 390 4 451 966 483 99 883 16 236 530 466 161 767 191 604 395 768 465 601 459 425 173 168 425 707 305 362 534 461 707 660 202 63 462 167 545 560 49 561 147 931 378 660 49 920 263 795 687 79 396 498 503 920 665 927 627 969 640 160 782 699 820 335 761 633 502 305 0 926 141 570 142 545 855 35 690 340 476 367 9 500 792 90 750 93 833 685 325 226 300 
545 902 865 691 832 242 350 232 162 964 27 200 42 774 697 897 693 714 175 319 34 167 479 167 865 650 502 625 634 3 929 178 256 146 869 440 739 570 671 252 534 697 452 927 822 500 823 515 565 350 185 599 516 15 765 380 664 266 356 298 620 636 827 876 781 695 667 872 265 337 123 150 386 926 0 243 593 580 544 345 62 401 90 39 811 138 932 447 663 143 90 111 240 463 928 161 
76 207 778 251 73 342 600 610 292 467 624 57 198 640 674 553 289 646 540 115 873 673 810 539 544 426 875 666 927 260 944 354 819 721 604 243 62 555 852 354 373 476 762 570 115 787 474 755 432 366 869 304 38 30 842 581 807 69 598 733 680 541 87 850 261 42 93 675 949 296 380 673 771 141 243 0 271 580 225 307 53 453 206 371 144 99 30 881 136 81 399 300 148 457 193 999 
237 927 68 991 711 433 212 14 822 241 208 402 48 628 352 132 307 892 218 509 505 612 601 531 912 896 910 584 19 402 826 607 328 246 950 38 30 161 404 852 401 963 605 800 590 956 932 248 200 501 756 56 112 708 938 23 956 847 607 974 248 784 580 927 381 881 317 411 41 720 614 794 682 570 593 271 0 703 189 934 570 681 265 342 300 884 113 829 753 979 790 442 256 515 74 361 
526 876 518 77 377 626 484 488 333 421 863 288 619 821 261 866 604 193 144 337 425 460 99 466 179 712 611 212 281 203 482 158 431 352 586 807 977 69 646 309 841 508 949 459 328 561 676 284 753 820 620 530 631 70 995 810 781 605 21 413 159 855 571 589 206 508 747 534 929 393 194 769 900 142 580 580 703 0 553 138 50 352 786 883 808 104 233 783 596 19 272 932 370 869 48 335 
607 215 807 778 186 336 409 255 682 570 35 638 942 799 149 796 721 737 353 229 484 238 157 228 432 277 479 925 208 58 627 815 272 786 944 809 473 352 63 155 273 449 144 215 248 292 10 968 381 715 548 216 952 56 443 383 685 921 660 892 331 286 58 954 423 2 763 896 705 825 402 978 626 545 544 225 189 553 0 153 293 197 246 755 912 677 568 763 377 906 868 865 149 332 869 744 
192 569 619 92 784 571 147 226 305 831 498 964 75 828 602 132 782 24 485 544 271 542 720 24 871 345 921 414 569 109 318 113 677 937 556 812 507 702 389 163 885 886 127 311 714 728 442 847 103 279 390 726 820 461 749 42 158 21 455 78 129 772 190 157 708 745 968 566 799 356 729 35 242 855 345 307 934 138 153 0 683 24 74 90 339 764 309 281 195 227 602 95 702 155 973 875 
388 768 894 113 939 354 214 980 863 586 434 941 715 206 482 223 265 579 191 831 377 898 559 763 491 765 459 797 698 596 301 437 364 546 550 302 252 115 634 114 700 67 54 766 624 536 989 889 114 531 71 842 428 629 604 919 393 62 67 442 9 720 878 724 265 779 26 516 245 11 630 945 77 35 62 53 570 50 293 683 0 554 694 753 857 206 790 512 276 353 118 146 217 945 206 362 
580 363 876 360 991 479 630 735 892 696 528 901 415 405 624 32 184 1 547 428 363 528 724 440 563 786 844 132 187 136 167 119 498 42 478 840 873 107 926 764 154 453 16 921 209 992 952 744 344 850 172 707 378 247 498 292 384 341 775 923 476 941 41 325 335 870 516 207 976 441 322 481 245 690 401 453 681 352 197 24 554 0 366 822 361 241 501 498 34 889 247 336 730 173 49 302 
720 82 283 318 579 574 54 919 348 976 746 641 16 422 327 885 937 885 212 729 206 692 325 895 445 130 927 148 326 303 701 397 384 983 66 963 908 119 233 256 94 331 248 461 752 574 345 41 458 908 769 15 952 94 262 396 223 188 543 900 842 244 648 226 578 65 540 486 184 124 93 629 454 340 90 206 265 786 246 74 694 366 0 700 119 14 225 530 244 735 787 393 872 624 547 452 
440 997 811 701 392 385 241 934 636 434 177 283 11 107 348 550 592 883 26 684 511 479 375 952 36 991 90 633 416 135 351 855 131 161 908 522 546 500 455 181 933 984 816 944 442 515 845 33 749 870 68 611 349 794 563 736 784 652 721 551 786 71 405 268 231 664 789 128 163 595 661 96 930 476 39 371 342 883 755 90 753 822 700 0 137 959 700 153 485 873 206 869 764 209 260 662 
453 615 614 540 750 617 260 300 754 330 57 21 913 720 161 40 235 108 52 330 37 527 720 760 220 954 514 661 58 336 713 862 302 326 402 404 295 13 55 400 695 111 773 607 183 933 998 769 40 50 450 429 928 169 188 148 122 701 808 532 388 872 393 690 550 146 93 844 159 147 243 853 610 367 811 144 300 808 912 339 857 361 119 137 0 286 711 669 572 518 946 311 932 391 771 319 
881 306 636 354 7 795 885 394 667 630 435 216 775 527 411 285 26 5 137 987 372 299 482 671 107 745 361 315 105 480 451 337 785 86 690 143 233 927 537 899 556 971 114 330 850 524 615 227 528 103 213 899 402 46 921 860 790 634 526 246 113 329 582 249 766 623 392 998 549 928 896 456 250 9 138 99 884 104 677 764 206 241 14 959 286 0 316 847 182 780 233 121 931 852 999 299 
935 170 75 920 696 320 32 24 253 632 789 228 23 787 776 302 682 584 904 43 721 354 278 824 31 41 29 271 407 340 557 693 509 983 612 556 655 643 579 907 626 368 486 649 506 262 302 539 845 205 581 917 559 211 740 941 251 120 211 657 459 119 701 320 102 312 875 756 306 454 14 932 173 500 932 30 113 233 568 309 790 501 225 700 711 316 0 310 439 612 270 10 673 296 855 686 
640 313 435 850 322 894 321 22 213 422 334 439 529 639 244 894 922 416 745 853 797 209 438 365 869 227 217 445 926 279 760 917 591 195 118 264 440 438 286 652 211 971 442 739 609 686 985 531 453 729 735 250 290 172 966 158 398 182 603 675 812 714 591 402 908 709 666 347 146 303 350 709 273 792 447 881 829 783 763 281 512 498 530 153 669 847 310 0 138 390 485 89 579 363 749 947 
419 380 264 93 191 330 36 945 237 744 610 936 241 912 637 949 184 780 748 416 608 530 531 889 393 380 770 545 48 617 207 466 996 470 911 187 799 946 131 388 41 92 675 281 355 311 582 890 443 681 657 50 210 187 938 603 566 708 499 966 676 705 783 671 527 693 209 677 990 691 64 30 782 90 663 136 753 596 377 195 276 34 244 485 572 182 439 138 0 197 457 215 944 121 448 908 
241 938 455 916 994 237 938 520 282 147 197 623 837 612 653 971 702 667 458 454 262 835 648 537 220 891 373 791 424 812 280 16 101 734 283 94 323 221 966 604 719 162 226 555 125 230 877 826 896 335 631 157 169 630 45 740 521 418 530 296 581 810 664 681 895 946 126 217 518 443 172 236 604 750 143 81 979 19 906 227 353 889 735 873 518 780 612 390 197 0 442 488 385 149 141 592 
142 686 129 303 701 161 197 998 638 414 516 81 585 751 36 334 245 116 665 264 22 891 616 910 625 841 779 756 452 169 304 945 206 432 599 906 592 796 903 230 561 770 662 145 873 697 831 117 813 847 380 834 89 348 95 65 540 225 821 991 393 124 288 598 908 886 503 851 33 758 432 593 527 93 90 399 790 272 868 602 118 247 787 206 946 233 270 485 457 442 0 153 236 472 159 395 
828 850 918 467 799 825 704 302 27 737 411 459 681 289 551 770 40 692 41 907 645 510 505 431 67 451 15 337 935 472 130 114 673 47 580 471 871 284 124 898 20 886 708 700 175 610 822 214 302 862 472 946 724 976 729 790 426 743 478 713 566 608 826 590 654 406 413 877 689 888 126 60 774 833 111 300 442 932 865 95 146 336 393 869 311 121 10 89 215 488 153 0 46 668 563 563 
133 447 978 74 452 735 838 680 423 726 157 834 499 989 945 150 783 876 14 229 21 701 621 241 363 93 251 451 660 90 603 144 888 933 569 691 667 407 371 442 132 527 275 982 868 571 131 2 447 496 230 819 196 203 60 910 647 662 713 306 103 315 801 990 599 370 680 266 776 402 59 907 929 685 240 148 256 370 149 702 217 730 872 764 932 931 673 579 944 385 236 46 0 167 284 798 
52 37 387 650 758 419 267 533 820 325 791 100 10 30 599 265 399 747 318 967 829 189 730 760 472 402 690 767 787 278 813 838 314 551 487 423 321 106 955 141 430 745 592 791 774 191 407 524 289 724 490 117 265 219 229 736 620 270 502 758 547 666 595 212 569 434 634 889 539 588 381 320 684 325 463 457 515 869 332 155 945 173 624 209 391 852 296 363 121 149 472 668 167 0 66 643 
67 231 735 852 865 975 742 452 356 61 488 680 523 296 546 744 628 700 688 800 323 896 543 526 191 257 999 339 80 18 505 498 248 591 349 112 566 90 916 273 503 403 952 377 698 849 120 677 900 807 829 575 54 723 100 596 979 98 287 58 115 791 556 363 734 256 826 651 698 741 923 200 495 226 928 193 74 48 869 973 206 49 547 260 771 999 855 749 448 141 159 563 284 66 0 632 
277 369 673 454 19 370 195 941 921 689 166 849 233 591 248 454 563 453 502 462 64 273 460 919 373 907 411 883 821 46 300 449 414 973 903 432 694 449 724 615 489 241 463 722 831 710 175 746 514 676 207 578 300 18 848 673 276 258 555 449 656 855 897 69 179 151 853 872 599 576 486 88 169 300 161 999 361 335 744 875 362 302 452 662 319 299 686 947 908 592 395 563 798 643 632 0 
46
16 90
68 48
56 27
93 71
51 57
23 58
49 29
49 59
23 39
62 52
37 80
25 79
12 24
57 94
22 76
29 5
69 96
20 92
91 81
67 45
41 57
70 89
86 87
20 12
93 49
31 33
1 23
80 12
14 8
9 3
83 6
8 55
69 27
19 63
75 85
76 19
45 17
76 2
7 63
77 67
15 11
4 15
33 51
90 15
58 67
17 45
