9957 6173
1 1488
2 2978
4 9024
5 6742
6 4733
6 5975
7 2123
8 2315
8 6117
8 6235
8 7179
9 1835
11 9338
12 2189
12 7882
15 3516
15 6268
16 6440
17 7587
18 3922
19 3807
20 1853
20 5803
21 5176
22 5287
24 1534
24 8685
28 7459
31 3442
31 8596
32 2310
32 9555
33 4964
34 6187
36 7721
36 8038
37 6342
38 7878
40 5995
41 8950
45 9092
46 9398
48 8182
49 9771
50 7936
51 2718
51 3292
51 5076
51 8592
52 5165
52 7152
52 7734
53 5244
54 6283
56 4511
58 676
58 9530
59 330
59 1816
60 1859
61 1336
61 1630
61 8116
61 9264
62 2024
62 5549
63 2525
63 9045
64 9170
65 1294
66 9138
67 4824
68 2398
68 3113
68 8782
69 2998
70 80
70 4520
70 8335
72 3589
72 7226
75 1300
75 7715
77 342
78 2192
78 3666
80 2306
80 3644
80 8055
80 9183
81 3441
81 5211
84 7630
86 3089
87 3798
87 4035
89 6104
89 7235
90 199
90 4588
91 4303
91 9099
93 761
93 9811
94 4310
96 3333
96 7953
97 3652
97 7903
98 2340
98 7390
98 9494
99 2953
99 9879
100 8926
101 3622
101 9103
104 2788
104 4091
105 9434
106 1356
107 876
108 8672
109 2196
112 3747
112 7531
113 7685
113 8507
114 5924
116 1628
116 4149
117 901
118 9622
119 1914
120 2091
120 7656
121 1831
122 3522
122 4324
123 3275
123 9112
125 4041
125 4316
126 9750
127 6572
127 8160
129 4401
129 6676
131 8428
132 3393
133 426
133 5842
135 410
135 9508
135 9850
137 1970
137 2875
137 4744
137 7516
138 5724
138 7276
138 9092
138 9099
139 5068
139 8450
143 1317
143 7389
143 8050
144 8346
144 9171
145 3224
146 9042
148 5916
148 6721
150 2934
150 6676
151 6446
151 9700
153 2942
153 8486
154 4006
154 8228
156 8642
156 9872
157 5594
159 8013
160 3831
160 4401
160 5372
165 4246
165 8068
166 5388
167 890
167 2714
168 948
169 5398
170 2779
172 1524
172 1875
173 3747
173 7469
174 2232
174 9729
175 3054
175 6908
176 8865
177 3589
179 6152
179 6489
179 8751
180 5219
181 1259
181 3315
181 3382
183 4863
184 1369
184 1920
185 8202
186 877
186 2299
186 8163
189 8782
190 8809
191 1371
191 1983
192 1840
195 5800
196 374
196 7440
196 8687
197 7554
200 7707
202 1884
202 2934
203 883
203 7216
203 7349
204 5029
205 2774
205 6794
206 9162
208 9409
208 9956
212 857
215 2287
215 5399
215 5559
216 9209
221 766
221 4101
222 8143
223 6167
226 2021
230 4083
231 4898
234 596
236 1659
236 1966
236 1999
236 6863
236 7363
239 8560
239 8904
241 4626
241 4792
241 9203
242 4986
243 4079
244 4485
244 4545
244 8404
245 6746
245 8059
246 3462
247 5308
249 1011
249 3610
250 6342
250 6848
251 3073
251 8762
252 4991
254 7526
256 1319
256 2383
256 9664
257 4499
258 1034
258 7496
258 8365
259 534
260 2851
264 5449
266 2475
266 4614
266 9355
267 2421
268 8938
269 7072
269 7411
270 3692
271 3232
272 3426
273 8273
274 9652
275 470
275 6471
276 7245
277 1873
278 2501
279 3433
280 3382
280 6811
280 8089
281 4115
281 7837
281 8046
282 2162
283 4794
283 5114
284 2163
284 4999
285 1341
285 2238
285 2722
285 3219
285 6132
288 3545
288 6622
289 5169
291 3209
292 4396
292 9802
293 3855
293 9734
294 1274
294 3185
294 4123
294 5071
294 8494
295 1021
297 9685
298 3966
298 9202
299 366
299 7030
300 1501
301 2919
301 4165
301 7677
302 5391
303 3950
303 9557
304 9895
306 6286
306 8410
307 3804
307 9525
308 2314
310 9059
311 8607
313 9364
313 9415
316 2493
319 5539
320 1651
320 7795
325 2295
325 6197
326 7007
327 2061
328 4652
329 2396
329 6889
329 8752
331 6899
333 677
333 6180
336 7540
338 1401
338 2220
339 1005
339 8676
341 6761
341 7664
342 8576
343 2638
345 6482
345 8617
346 6235
349 2938
351 3006
351 6261
351 6367
351 8454
353 7645
354 1754
355 1513
355 5932
355 5952
356 1765
357 567
357 8728
357 8797
361 5995
363 6850
363 9068
364 9510
365 3708
365 7607
366 4405
366 5681
366 9146
367 4196
369 7994
370 1161
371 4250
372 499
373 774
374 2097
375 8160
379 3597
380 5005
380 5400
380 7480
382 2311
384 2898
384 5384
384 5656
384 9138
386 2678
386 4739
388 3094
388 9216
390 1925
390 5797
391 1544
394 3258
394 7283
395 5595
395 5785
396 4526
396 9583
399 9076
400 5739
400 6396
400 8566
402 3457
402 4644
404 5647
404 6818
407 5786
408 521
408 564
409 6430
410 6756
410 7504
411 2525
413 1754
413 2489
413 6565
414 1361
414 4338
415 3046
417 1921
418 783
419 4194
419 4791
420 2472
420 3527
420 4367
420 5125
420 7342
422 3520
422 8282
424 4774
425 863
425 1672
425 6518
426 1098
428 7709
429 8568
430 839
430 1398
430 8297
431 1987
431 2806
431 3661
431 3840
432 7175
432 9918
434 6304
436 4368
436 7268
436 8061
437 7498
439 5454
441 5774
442 9345
443 7740
444 1670
444 6600
448 8952
449 7386
450 5692
452 5492
455 5210
456 6023
457 6854
458 7426
459 2166
459 7941
462 5643
462 7530
464 3844
465 2016
465 2914
465 8403
466 2727
466 7985
467 1143
469 801
469 5215
469 8047
472 8925
475 7086
476 8079
476 8614
477 1730
478 4663
478 6272
479 2075
480 8201
483 3905
483 4826
484 6641
484 7861
485 1316
485 8220
486 1762
487 785
487 805
488 1982
488 4094
488 6965
488 8810
490 7105
491 1802
491 3099
492 8829
492 9335
493 3980
494 7625
497 7443
499 781
499 1211
499 6745
500 1428
500 6581
500 6970
503 6050
504 2417
504 3797
504 3854
504 4056
504 8558
505 4132
505 6822
507 6430
508 3469
509 1560
509 3460
509 5404
510 5144
514 7006
516 5153
517 1875
517 5018
518 2057
518 4455
518 7272
519 1057
519 3078
519 5262
522 6074
522 8284
523 2212
523 5500
523 8420
524 1456
524 4903
524 6400
525 7148
526 6483
527 2684
528 9003
530 3915
531 6476
531 8093
533 8509
534 6356
534 8832
535 2999
535 8533
537 2952
537 6778
539 4602
539 5760
539 9604
542 2088
543 737
544 1016
544 3643
544 4821
546 7816
547 3352
548 2958
549 701
549 8457
550 2058
550 4224
550 6409
551 1302
553 3568
553 8570
553 9088
554 1698
554 5029
554 8078
555 9094
555 9646
557 1766
557 2952
558 7572
561 2441
561 3073
562 3164
563 1604
564 9332
565 8779
566 1981
568 7054
568 9916
571 1401
572 1909
572 5800
573 1484
573 2946
573 3250
574 3409
575 2906
575 8351
576 7258
576 7990
578 6209
579 5276
579 8916
580 6535
581 3129
581 7700
582 7241
583 858
583 3383
583 7799
586 8289
587 3081
588 7927
589 1585
589 3411
592 9625
593 7690
594 1225
595 982
595 2326
596 4006
596 5416
599 1071
599 7668
599 8127
600 9032
601 2371
602 6452
602 9562
603 9355
604 5079
605 3533
605 5611
605 7427
606 6694
606 9093
606 9116
606 9486
608 6153
609 4371
610 9951
612 1278
612 7968
613 2943
613 8727
613 8934
613 9082
614 8295
614 9044
614 9681
615 4376
616 3106
616 3777
619 4447
620 8373
623 3066
623 6641
624 5671
624 9300
625 3196
625 7169
625 9792
626 9401
627 768
627 8769
627 8860
628 4436
628 4533
629 5476
630 7784
631 1897
631 5041
637 8348
638 1809
640 2708
640 7482
641 3089
641 5513
643 8216
643 9324
644 980
644 3791
646 8158
648 2199
649 3008
649 5212
651 2267
652 3834
652 5304
652 7640
653 829
653 3813
653 5251
654 2466
655 3804
657 6734
657 8935
657 9234
658 1256
658 2367
659 7899
660 8453
661 6728
662 1943
662 5837
662 8712
662 8954
663 6148
665 1484
665 6409
666 9579
667 6682
671 7133
674 6663
677 3133
677 4015
677 8411
677 8944
678 4347
679 9578
680 3916
681 2224
681 3991
681 8329
682 2108
682 8718
683 1765
683 4958
683 9796
686 1229
686 6511
686 7416
686 9166
687 7640
687 8089
688 2977
689 7818
690 1397
690 6191
691 3877
693 1731
693 6075
696 842
697 2490
697 7948
698 1569
698 6758
699 3701
700 2598
700 8353
701 758
701 2148
701 4996
701 6150
702 2893
703 6812
704 5149
706 5046
707 6723
707 8030
709 8451
710 3279
710 6052
711 4333
713 8672
714 8300
714 8727
715 6356
716 9387
717 1931
717 5402
718 1107
718 4844
718 7888
719 4089
721 3494
721 8223
721 9504
722 5117
722 5129
723 5970
724 8176
725 9676
726 896
726 8377
727 3524
727 7995
728 2481
728 4210
728 8326
729 3194
729 8030
730 7393
731 3763
732 1447
732 6616
733 7758
734 9816
735 7126
735 9554
737 3281
738 5601
739 7839
739 8796
744 9944
745 8500
746 6453
747 2463
748 7137
749 1827
749 7499
750 1925
751 4988
752 7770
752 9284
754 1973
754 4285
755 7357
756 5401
756 7780
757 1028
758 8493
760 1046
760 5807
760 7701
760 8665
761 4961
763 7225
768 4593
769 9270
770 1864
774 4622
776 2167
776 3817
781 3376
782 4404
784 2444
785 5823
785 9537
786 2350
786 7716
786 7782
788 1242
788 6212
789 4804
791 1935
791 3962
791 7386
791 8464
792 1389
792 2878
792 3511
794 8949
795 5089
796 8346
797 2234
798 9949
800 1115
802 4400
802 8482
803 5633
804 6053
804 9939
807 1523
807 4904
808 1590
808 2044
808 4078
809 7893
809 9544
811 7608
812 3805
813 3452
816 3493
817 3663
817 8098
818 1174
818 6608
818 8762
819 1245
820 4541
820 5879
820 9175
822 3572
822 5210
823 5767
823 8151
824 8980
825 2762
825 5856
828 8034
829 4032
830 924
830 4365
830 8847
831 3432
831 6104
831 9239
832 6733
833 1433
834 1117
835 3187
835 6094
835 9539
836 1281
836 3853
836 7155
837 1455
837 2612
838 7494
840 4488
840 5211
841 9259
842 4463
845 8583
846 5204
846 6070
846 6301
846 7195
846 7258
847 3152
848 9131
849 2407
850 5335
850 5702
850 9619
852 3687
853 1069
855 2462
855 3986
858 1705
858 6930
860 2962
860 9371
862 3831
862 3850
862 8864
864 1894
864 5313
865 1779
866 4538
866 9283
868 7310
870 3632
870 7509
871 5456
872 4576
872 4580
874 5598
874 7603
874 7987
875 4296
877 8659
879 2666
881 2434
881 6929
882 5392
883 3730
883 5309
883 7052
884 3617
884 8579
886 7347
886 8624
887 1638
887 5132
889 1161
889 2336
889 5848
890 2805
890 5064
890 6157
891 7515
895 6456
896 5698
897 6491
898 4498
901 7195
901 7528
901 8501
902 3629
903 4330
903 7974
907 1920
907 1989
907 6783
907 7632
908 8153
908 8221
909 2919
910 2070
911 7882
914 9845
917 1980
918 9166
919 7148
919 9414
921 1217
921 2393
922 2858
923 2051
924 2894
926 3928
926 5511
926 9105
927 5198
928 5011
930 973
930 3318
930 5515
930 6518
931 2262
935 7303
935 8531
936 6604
936 9001
936 9741
938 2405
938 5871
939 3517
940 7758
941 5333
942 7247
942 8496
943 7551
944 9617
946 3837
946 5496
948 7149
949 3656
949 4675
950 2620
953 2286
953 3569
953 4720
954 1798
956 8911
959 1826
960 1560
961 1206
961 1938
961 2531
961 9104
962 9283
963 9049
963 9857
967 6400
967 7076
969 4765
970 1611
972 4560
974 2165
974 3242
974 7441
975 2756
975 3127
976 3552
978 1396
979 2666
979 3268
979 4314
980 7624
982 1550
982 5859
982 7821
983 6190
984 4213
984 9746
984 9811
985 1616
985 2578
985 8406
986 2815
986 9762
987 4720
988 3252
990 1314
991 4242
991 9336
992 2545
992 4655
992 6628
993 6374
994 2456
994 4535
995 5936
996 8910
997 4405
997 4431
997 7947
998 1008
1002 4740
1003 5801
1004 5219
1004 7379
1004 9376
1005 1917
1006 3871
1007 5444
1009 4950
1010 4407
1011 6235
1012 2420
1015 9087
1016 1236
1016 2232
1017 2945
1017 7471
1018 2945
1018 5432
1019 3305
1020 2686
1020 3104
1021 9254
1022 6912
1022 9172
1023 7689
1023 8490
1024 5106
1025 4873
1025 6232
1026 1304
1028 9403
1029 1224
1031 2235
1031 9555
1032 4187
1032 4741
1039 1657
1039 8738
1041 1428
1041 7184
1044 7817
1046 5021
1047 6143
1050 8625
1050 9320
1050 9433
1054 1214
1054 4601
1055 3393
1055 4491
1055 6600
1056 5622
1057 2610
1057 5328
1058 1491
1059 1730
1059 4747
1059 9604
1062 3677
1063 3327
1063 4673
1065 1401
1065 2921
1065 7754
1066 2552
1066 7367
1068 8035
1068 9227
1069 2236
1069 9500
1070 6371
1070 8578
1071 5557
1073 1307
1074 2216
1074 4031
1075 5356
1075 5866
1076 6640
1076 8839
1081 8428
1081 9218
1082 5918
1083 7909
1085 5267
1086 2603
1086 3785
1088 1093
1090 5861
1090 7218
1094 7235
1095 3673
1096 4615
1099 4599
1101 5639
1101 8972
1102 8558
1103 7231
1103 7713
1103 8946
1104 9579
1105 3833
1105 9528
1106 6992
1107 2387
1109 2154
1109 2711
1109 3614
1109 7158
1110 5136
1110 8708
1111 1216
1111 3892
1111 6456
1112 3966
1112 9776
1113 2636
1115 1849
1116 4899
1116 5532
1117 4917
1118 4017
1118 8222
1120 6084
1121 3224
1121 8024
1122 3492
1122 7340
1123 1738
1123 3276
1124 5601
1125 6731
1127 5868
1128 2817
1129 5352
1129 7099
1131 5778
1133 4317
1135 8623
1136 3695
1137 8456
1137 9449
1138 6730
1138 7137
1140 3594
1140 7299
1140 7744
1142 7896
1143 7129
1144 5479
1147 5795
1147 8335
1148 5708
1148 6037
1149 3511
1150 1387
1151 2816
1151 5697
1151 6451
1152 6852
1154 1267
1154 8948
1155 2048
1157 9087
1161 1387
1161 6973
1162 5177
1162 8507
1163 1412
1163 7853
1164 7020
1165 4162
1167 7370
1169 2343
1169 4287
1169 4591
1169 5233
1169 5499
1169 8147
1170 7208
1170 7570
1171 9070
1173 1874
1173 3554
1174 1977
1175 4965
1177 5196
1178 2148
1178 9260
1180 9287
1181 3887
1185 1886
1185 5446
1185 7885
1186 1209
1188 2859
1190 2886
1190 3260
1193 2882
1194 9614
1195 4516
1195 4981
1195 9115
1196 7598
1197 1721
1197 8928
1198 5142
1199 3874
1199 7909
1201 4999
1202 2577
1204 3935
1204 6665
1205 1410
1206 2199
1206 7026
1207 7193
1208 8756
1210 4945
1211 9608
1212 2120
1214 1830
1215 5070
1215 8815
1217 1274
1218 8552
1220 7504
1220 8306
1221 3995
1221 6453
1221 6533
1221 6643
1222 1936
1222 2235
1226 6822
1226 7425
1231 3888
1231 9772
1233 3306
1233 4576
1234 3227
1235 1729
1235 4210
1235 4469
1235 5180
1237 1410
1237 7069
1237 7842
1237 8051
1238 6049
1239 3782
1240 3404
1242 2021
1243 8307
1243 9596
1244 3002
1244 4038
1245 1705
1245 5111
1250 9133
1252 9811
1252 9935
1254 4212
1255 2222
1256 6751
1256 6935
1256 7195
1256 9077
1257 2047
1259 1798
1259 4629
1259 4954
1259 7152
1260 3284
1260 6662
1262 1504
1263 7022
1264 5646
1265 7004
1266 1483
1266 7616
1266 8513
1267 1311
1267 3123
1268 4711
1269 2519
1270 4718
1271 1903
1271 5562
1271 8539
1272 4031
1274 5686
1274 6492
1276 6451
1276 7117
1277 2096
1278 3872
1278 8942
1279 3745
1279 8974
1280 2212
1281 2116
1281 7701
1282 8769
1285 7747
1288 5533
1289 6162
1289 9034
1290 2243
1290 3059
1291 2319
1291 4567
1292 1899
1292 2629
1292 9075
1293 1438
1293 1659
1293 5159
1293 5857
1293 7836
1294 7517
1294 8129
1295 1518
1295 6385
1296 9344
1302 5939
1302 8203
1303 3989
1303 4344
1303 6227
1305 9709
1306 2902
1308 2386
1308 5844
1308 5966
1309 2594
1310 3695
1310 5395
1310 6557
1311 2854
1311 6537
1312 1575
1312 1580
1313 2070
1313 5658
1314 4554
1316 3468
1316 9372
1318 3630
1318 3907
1318 5188
1320 5982
1321 7467
1321 7514
1324 1799
1324 4959
1325 3940
1325 3997
1325 4623
1328 1501
1328 7038
1330 1563
1330 9556
1330 9653
1331 7860
1331 8753
1332 6653
1333 3680
1333 6002
1333 9129
1334 3285
1335 6349
1336 3797
1337 4060
1337 4327
1340 3903
1342 8519
1343 2550
1343 3131
1344 1487
1345 7209
1347 4086
1347 7130
1347 8177
1348 5782
1348 5960
1349 7159
1352 4507
1355 5910
1358 6072
1360 8798
1360 9640
1361 8350
1361 8938
1363 3886
1363 4308
1366 2499
1366 3977
1366 5621
1366 6808
1372 2855
1373 5789
1374 3506
1374 3520
1374 5354
1374 7255
1378 4108
1380 1781
1381 4057
1381 8579
1382 3838
1382 6202
1383 1636
1383 5927
1385 3514
1385 9237
1386 2424
1387 5585
1388 3600
1388 7112
1388 8450
1388 8849
1389 2101
1390 2279
1390 7137
1391 7150
1391 9745
1392 5188
1392 8630
1395 3717
1397 8342
1399 2438
1401 6351
1402 5088
1403 8790
1404 4623
1404 8511
1405 2085
1406 5998
1406 9030
1407 4721
1407 8711
1407 9186
1409 2202
1409 8007
1411 5163
1411 7327
1411 9692
1413 4289
1413 9652
1414 2913
1414 7167
1416 1833
1416 7083
1417 8506
1417 9949
1418 5170
1418 7380
1418 9538
1419 1448
1419 6486
1419 7921
1419 9242
1421 4442
1422 2329
1423 6179
1426 6847
1426 8284
1428 4312
1428 5174
1429 2253
1429 8672
1430 1607
1430 5645
1433 8980
1434 1576
1434 2553
1437 3170
1438 2779
1438 5162
1438 7753
1438 8645
1439 5642
1439 8994
1440 2434
1440 3017
1441 1778
1441 2557
1442 5445
1443 1630
1443 6626
1443 8333
1444 6575
1444 6741
1444 6888
1444 7250
1446 9621
1447 5825
1447 6014
1448 4367
1449 9819
1450 2290
1451 5689
1452 1905
1452 2620
1452 9096
1453 4392
1454 6570
1455 4279
1457 8966
1457 9546
1458 5338
1460 3425
1461 9708
1462 5632
1465 2520
1465 3016
1467 6483
1467 6628
1468 1659
1468 7416
1470 7426
1471 2264
1471 7290
1472 5666
1473 7919
1474 3905
1475 3229
1475 8975
1476 7875
1476 8298
1477 2052
1478 1695
1479 1481
1480 3703
1480 8829
1481 9506
1482 7795
1485 3458
1488 7361
1489 2123
1490 3520
1490 5448
1490 7299
1490 9196
1493 2464
1493 5547
1493 8803
1496 3800
1496 5743
1498 7568
1499 8871
1504 8229
1506 7843
1507 5926
1510 7198
1513 3977
1513 8935
1514 5477
1514 5762
1516 7724
1517 8272
1518 3993
1519 1593
1523 9386
1526 4694
1529 5097
1531 7461
1532 2102
1532 7819
1532 8189
1533 8203
1535 2687
1536 2375
1537 9320
1538 7039
1538 8085
1539 6233
1539 7931
1539 8835
1540 4278
1541 3633
1542 2308
1543 9109
1544 2089
1544 7890
1545 6998
1547 3008
1548 6840
1553 8670
1554 9535
1555 2179
1555 4897
1560 8879
1562 6690
1562 7830
1563 9884
1565 2036
1565 2252
1565 3084
1569 2136
1570 7219
1571 3844
1571 4255
1571 5068
1573 3408
1573 4508
1573 7154
1574 9018
1575 6143
1575 9248
1577 2053
1577 8052
1577 8327
1578 3031
1579 4762
1582 6324
1588 1922
1590 1637
1592 7587
1592 8053
1594 7864
1594 9075
1595 5341
1595 5986
1597 4042
1598 2144
1599 9260
1599 9451
1600 3998
1601 5782
1602 3749
1603 2297
1603 6595
1606 4774
1607 4527
1607 8087
1607 9776
1607 9886
1609 2978
1609 7329
1610 3347
1611 9501
1612 3606
1617 8880
1618 9829
1619 3264
1619 6059
1621 3179
1622 4604
1623 6721
1626 9583
1628 8125
1630 2042
1631 5191
1633 1985
1633 5096
1634 2239
1634 4450
1635 2785
1635 6008
1636 3537
1638 4699
1638 5871
1638 9494
1639 6053
1639 7163
1640 2283
1640 2622
1640 4277
1640 6436
1641 6670
1642 2225
1643 3073
1643 7713
1645 5229
1646 9061
1647 2434
1648 3862
1649 2615
1652 4084
1657 5435
1657 9501
1658 4775
1658 5055
1658 8078
1663 8634
1664 3213
1664 6767
1664 9698
1665 9050
1666 4393
1666 5239
1666 6088
1667 6574
1669 5316
1669 8845
1671 6274
1674 6591
1674 6815
1675 9510
1676 3756
1676 5163
1678 2127
1679 7799
1679 9591
1680 9283
1680 9477
1682 2844
1682 2856
1682 4607
1683 8059
1684 4566
1684 7783
1685 4900
1685 9676
1687 6680
1688 6627
1690 4073
1690 5875
1690 7009
1691 9633
1692 2551
1693 2277
1694 3148
1694 9739
1696 5675
1698 5993
1698 6811
1699 2001
1701 4898
1701 9668
1703 4464
1703 6950
1704 9860
1705 5054
1706 6373
1706 8026
1706 9206
1706 9747
1707 2732
1708 8444
1709 2350
1709 5852
1709 7475
1709 9481
1710 8207
1713 8183
1716 4679
1716 8782
1717 6711
1717 9904
1718 2376
1718 9647
1719 8991
1724 8855
1725 3378
1727 8393
1728 6346
1728 7183
1728 9386
1730 9192
1731 7791
1731 8439
1734 4532
1734 6846
1735 1816
1735 8751
1737 2589
1737 5297
1737 6007
1737 6629
1738 2517
1738 5465
1739 2722
1742 8402
1743 7746
1745 2949
1745 7288
1749 9572
1754 3207
1755 5660
1756 3013
1757 2021
1758 4342
1760 7248
1761 7910
1762 2334
1762 4346
1762 8646
1763 3499
1765 2541
1765 4652
1766 3127
1768 3366
1768 6416
1769 6404
1770 2245
1770 3842
1770 4175
1771 9124
1773 6439
1774 5341
1774 6249
1775 6707
1776 4242
1779 8078
1779 8394
1783 7285
1784 2753
1784 5681
1785 9374
1787 3311
1787 7932
1787 9425
1789 8299
1790 6632
1792 8850
1793 4790
1793 8795
1794 3880
1795 7710
1797 5466
1797 9240
1798 3819
1798 5666
1800 3882
1801 5033
1804 2831
1804 3830
1804 6162
1804 6533
1804 8066
1806 9738
1807 2675
1807 3431
1808 2849
1809 5892
1809 9747
1811 7845
1811 9933
1813 9083
1814 7322
1815 8448
1816 4226
1816 7311
1816 7314
1817 4236
1820 9919
1824 7395
1825 3784
1825 6817
1827 5693
1829 2103
1829 3435
1834 3351
1835 2218
1836 5731
1836 7734
1840 2154
1840 4270
1840 4384
1841 4342
1843 8721
1844 4794
1844 9101
1845 6529
1846 5789
1846 8631
1847 8472
1850 3895
1850 8460
1850 8891
1853 2896
1855 5685
1856 5456
1856 5602
1856 8765
1856 9216
1858 3924
1859 5762
1859 6556
1859 7104
1859 9444
1862 9423
1863 2871
1863 3328
1864 5131
1864 6268
1864 6583
1864 7373
1866 8099
1867 8801
1867 8950
1868 5652
1868 6709
1868 9816
1869 2753
1871 2127
1872 5214
1873 6992
1874 7199
1876 3271
1876 7185
1878 4534
1878 8965
1880 6671
1881 5151
1881 6615
1881 9353
1882 3504
1885 4219
1885 9723
1886 6185
1886 8788
1887 3196
1888 6886
1889 5802
1889 9393
1892 7340
1893 2882
1897 8199
1898 2704
1898 8314
1899 6214
1900 6929
1900 7647
1901 2695
1902 6736
1905 2979
1906 3265
1906 4173
1906 9931
1909 2376
1909 3278
1909 7678
1911 4093
1911 7811
1912 9741
1915 2857
1915 5466
1915 8229
1916 9585
1921 7171
1922 6042
1922 6560
1922 9731
1922 9878
1925 6426
1926 2448
1927 7635
1927 9066
1928 9540
1929 4378
1929 4800
1929 5655
1929 6473
1930 9264
1931 4723
1931 6554
1931 6677
1931 8766
1932 6479
1932 7190
1933 7914
1936 9450
1939 2455
1939 2639
1939 7085
1939 9240
1940 5575
1942 9918
1944 7458
1945 9669
1946 9091
1947 4129
1948 3983
1949 4703
1952 9639
1954 4684
1955 2803
1956 2379
1961 9585
1962 4274
1964 2357
1964 8443
1964 9045
1965 2439
1968 6282
1969 5528
1970 2259
1971 7500
1971 7872
1973 3620
1973 4134
1975 4273
1975 4336
1975 9593
1977 6463
1979 5492
1980 3434
1980 4209
1982 4586
1983 3995
1983 9494
1985 9651
1987 2308
1988 3043
1988 4059
1989 5206
1989 7805
1990 3932
1990 5874
1990 6434
1991 3393
1992 3301
1993 6273
1995 3798
1995 6255
1997 5477
1997 5871
1997 7743
1998 4768
1998 9077
1998 9557
1999 4519
1999 5348
2002 5603
2003 4057
2003 4702
2005 6946
2005 7062
2007 3493
2007 4770
2010 2323
2012 8103
2014 7790
2015 2979
2017 6755
2019 2325
2021 5365
2022 4107
2022 7070
2023 2448
2023 2905
2024 9618
2025 5285
2026 9049
2026 9076
2027 6917
2028 6464
2031 2272
2031 7620
2033 8373
2033 9140
2037 3228
2038 2290
2038 6586
2039 5287
2039 5775
2039 8326
2040 7939
2042 5163
2042 9304
2043 7210
2045 8424
2046 3138
2046 6925
2047 4548
2049 5223
2049 8947
2050 7804
2054 8130
2054 9179
2055 7430
2056 9096
2059 2062
2059 6023
2060 6063
2060 9672
2061 6715
2061 8144
2062 6818
2063 3380
2063 5184
2064 3527
2065 2167
2066 7622
2066 8685
2069 6652
2069 7701
2071 6393
2072 4421
2075 3463
2075 9935
2075 9948
2076 2137
2077 2699
2077 7432
2078 9266
2079 4013
2079 4374
2080 4006
2080 9319
2081 5165
2081 7691
2083 6108
2084 7656
2086 5651
2086 7506
2088 5717
2088 7803
2088 9519
2089 3573
2090 6921
2090 9382
2091 2570
2093 8129
2095 2779
2095 6681
2097 8186
2099 5168
2099 7742
2101 2285
2103 7072
2103 9667
2105 5329
2106 3571
2107 2478
2107 6933
2107 9905
2109 2829
2110 3157
2110 5764
2110 8191
2114 8508
2116 2777
2117 8825
2117 9211
2118 2288
2118 6834
2119 9336
2120 2929
2120 5291
2120 7641
2122 2402
2124 7624
2126 6019
2127 3262
2127 7701
2127 8913
2127 9097
2128 8246
2129 4892
2129 9793
2130 6289
2132 3344
2135 2847
2136 7223
2137 2708
2138 5991
2139 5733
2139 5963
2140 5809
2141 6531
2141 7271
2142 3631
2142 9888
2144 2345
2145 2371
2145 3958
2145 5790
2145 8080
2145 9724
2146 3184
2146 4642
2147 6632
2148 2688
2149 3250
2149 6555
2149 7103
2149 8728
2150 7965
2150 9914
2152 9288
2152 9702
2153 6428
2155 3030
2155 7949
2156 3057
2157 7422
2158 6819
2158 7233
2160 5519
2161 4719
2161 5771
2161 8434
2164 4972
2164 6653
2164 8313
2165 6302
2167 8818
2168 7731
2169 4706
2169 7355
2169 8938
2170 7146
2172 4730
2172 7432
2174 3949
2178 4098
2178 5256
2178 5791
2178 6669
2179 9653
2182 8551
2184 7127
2186 5155
2186 8718
2188 3758
2191 5747
2191 5935
2191 5942
2192 9204
2193 2360
2193 4866
2193 8734
2194 6941
2195 5105
2195 8928
2196 3363
2197 8483
2198 4237
2200 6223
2200 8045
2201 3706
2202 5392
2203 8703
2204 8273
2207 7129
2208 4193
2208 6446
2212 2465
2214 5389
2215 2776
2215 2844
2215 9276
2216 9486
2220 4504
2220 7746
2221 3768
2221 4283
2221 4699
2221 7308
2223 4551
2224 3986
2225 4061
2226 5395
2228 8493
2229 2544
2229 5527
2230 5643
2232 7405
2232 9174
2234 7735
2236 2510
2237 2890
2239 7229
2240 4921
2243 3427
2244 3573
2244 4345
2246 5428
2247 2451
2247 5529
2247 6627
2249 3058
2249 5231
2250 2753
2251 6218
2253 3438
2256 4841
2256 6652
2257 3149
2257 4904
2258 6455
2259 5048
2259 8121
2260 4766
2260 6182
2261 8992
2262 8051
2263 5455
2264 7152
2265 6505
2265 6845
2267 6414
2268 7421
2273 8242
2275 6675
2275 6927
2275 9360
2277 5152
2277 9874
2278 9455
2281 6581
2282 5885
2283 5829
2284 6369
2286 5810
2289 7431
2289 8614
2290 4201
2291 5327
2292 8257
2293 3455
2293 9598
2294 4461
2295 5071
2295 6922
2297 9378
2298 3677
2300 5593
2302 7776
2304 5028
2304 6195
2304 8470
2305 9179
2306 6743
2307 2874
2307 5345
2307 9664
2310 3085
2313 5827
2313 6266
2314 2845
2315 8782
2316 3786
2317 8287
2318 6396
2320 3370
2320 3384
2320 7513
2321 5203
2323 6500
2324 2744
2324 4036
2326 5480
2326 9211
2327 2574
2329 5599
2331 5126
2332 8084
2333 3799
2334 4459
2336 2708
2336 9130
2337 5416
2337 6665
2338 9515
2342 5149
2342 7205
2343 4512
2343 4836
2344 7131
2345 5873
2346 2621
2346 2965
2346 6139
2347 3399
2348 4372
2348 6600
2349 3409
2350 9650
2351 6721
2353 7499
2353 9932
2354 7497
2356 3527
2356 9407
2358 5234
2358 7777
2360 8320
2361 4807
2362 2426
2362 8669
2362 9305
2365 4408
2365 4489
2365 6914
2365 8653
2365 8989
2366 6761
2366 7793
2366 9398
2368 4433
2370 4040
2370 5710
2371 2750
2372 2492
2373 7023
2375 4690
2379 5493
2379 6260
2379 8155
2380 7627
2381 7961
2382 6965
2382 7825
2382 8495
2383 5708
2384 4097
2384 5669
2384 9558
2385 8182
2386 4255
2388 3088
2388 7799
2388 9344
2393 6377
2393 6835
2395 2493
2395 4578
2396 6874
2396 8433
2397 3743
2398 5419
2399 6075
2400 7354
2400 7887
2401 9690
2404 5443
2404 6901
2405 9104
2405 9128
2406 4874
2406 7460
2407 7746
2409 8968
2410 3317
2412 2417
2413 3200
2413 4864
2414 6359
2414 7036
2414 7523
2416 5105
2416 5787
2417 2484
2418 5814
2418 9857
2419 4712
2420 3756
2424 6174
2426 3835
2427 2656
2428 4206
2430 4035
2430 9953
2431 2878
2431 3919
2431 7640
2432 4729
2432 6121
2432 8275
2435 9691
2437 6080
2437 7351
2439 7476
2441 3641
2442 8300
2443 2836
2443 8681
2444 3532
2444 3551
2448 3615
2449 2883
2449 7173
2450 3594
2450 6992
2450 9260
2454 5847
2455 2571
2458 4586
2459 4423
2459 6055
2459 9072
2464 3151
2464 5674
2464 9504
2465 5656
2467 6149
2470 8981
2471 7639
2472 3510
2476 8898
2482 5981
2483 3239
2483 4234
2483 5714
2484 3638
2484 4087
2485 5570
2486 2591
2486 3203
2487 3062
2488 3619
2490 3426
2491 2933
2494 4544
2494 6208
2494 7300
2497 3836
2498 9891
2499 9781
2501 4250
2501 8261
2502 8697
2503 8868
2504 3873
2505 4534
2505 9565
2506 4251
2506 8955
2507 8723
2508 6877
2511 3410
2513 8352
2515 6989
2515 9631
2516 5248
2517 2847
2517 4917
2518 6774
2518 9653
2519 4122
2520 4429
2520 7314
2520 8923
2521 5591
2522 5488
2525 5253
2525 8830
2525 9314
2526 3601
2528 2958
2529 5271
2530 3583
2531 9497
2532 3302
2532 5329
2534 8735
2535 6519
2536 3591
2536 4729
2536 6045
2536 9432
2539 4587
2541 6679
2542 2961
2542 5646
2543 5002
2543 6626
2545 9168
2545 9555
2546 5877
2547 5057
2547 8935
2549 4438
2549 9439
2554 3664
2555 6527
2556 2798
2557 2740
2557 2876
2557 8238
2557 9399
2558 7027
2561 3040
2561 5474
2564 3113
2564 6292
2564 7206
2565 7449
2566 7007
2567 6936
2568 3808
2568 8314
2570 6403
2570 6499
2571 9566
2572 2825
2572 3990
2572 4057
2572 5963
2573 4149
2573 4176
2574 3310
2575 4786
2575 6819
2576 9765
2578 3266
2579 8652
2579 8863
2587 4988
2587 7967
2587 9812
2588 6692
2591 4021
2592 8039
2592 8968
2592 9538
2593 3668
2593 4013
2593 4985
2594 6384
2594 6740
2595 5742
2598 3217
2598 3323
2598 3758
2601 4591
2602 3533
2602 3542
2602 8309
2603 9271
2606 4008
2607 5295
2608 3094
2608 5259
2608 9490
2609 4412
2609 6394
2609 8942
2611 3697
2611 5955
2612 3170
2612 4575
2613 8546
2613 9153
2615 4139
2616 5418
2617 6058
2617 7048
2618 8132
2619 5375
2619 7254
2623 3639
2623 3711
2625 6570
2625 7884
2628 3893
2629 4126
2630 8052
2632 4546
2632 8736
2635 7734
2636 5050
2636 6761
2637 6580
2640 6922
2640 8956
2642 3398
2642 9907
2643 5262
2643 7529
2644 6433
2645 9185
2647 5112
2647 6735
2648 3484
2648 3991
2648 6164
2648 6715
2648 8548
2649 3212
2650 9810
2652 8721
2652 9012
2653 8216
2653 9002
2654 9129
2657 4693
2658 8675
2659 6627
2662 4149
2664 9421
2666 5708
2666 9200
2667 4231
2667 5577
2667 7575
2668 5641
2670 5461
2672 3345
2672 4947
2675 4085
2676 3761
2676 7585
2676 8931
2679 3092
2679 4285
2682 6005
2682 6892
2683 7851
2684 3422
2684 4222
2684 9617
2685 2824
2685 3581
2685 4238
2686 5185
2687 4843
2690 2983
2691 7600
2693 2899
2694 7291
2695 5247
2695 5752
2695 9586
2697 3791
2699 6295
2704 6757
2705 5616
2706 4244
2708 4083
2712 4413
2713 4565
2714 4845
2714 6564
2715 4448
2715 8598
2716 4392
2717 3594
2717 3717
2719 8279
2721 6980
2722 9854
2723 4140
2726 3482
2727 6517
2728 9246
2729 5248
2730 4113
2730 4510
2731 3755
2732 4004
2732 9231
2734 4657
2734 4989
2735 5875
2735 8834
2737 2757
2737 7528
2737 8998
2737 9199
2740 8019
2741 8512
2748 7359
2749 4676
2749 5511
2749 8754
2750 2831
2751 3061
2751 5195
2751 9937
2752 8519
2754 3428
2756 8574
2756 8912
2757 4726
2757 5366
2757 6269
2757 9948
2758 4112
2759 5288
2760 7092
2760 7282
2761 7621
2762 7079
2763 3266
2764 3428
2765 5062
2765 8259
2766 3715
2766 8233
2769 2840
2769 4211
2769 6093
2769 9739
2771 4657
2772 6526
2772 7162
2772 8698
2775 9421
2776 7643
2777 9682
2779 5570
2780 3283
2781 5680
2781 9649
2782 7765
2784 4022
2785 2806
2785 7429
2787 3653
2787 8245
2789 2874
2790 7857
2793 5108
2793 5740
2795 5332
2797 4709
2800 3329
2800 7880
2803 4318
2805 2959
2805 3872
2806 8569
2809 8175
2810 5236
2811 6687
2812 4616
2813 8203
2814 9687
2815 3507
2816 9015
2817 4560
2819 3125
2820 6666
2822 5905
2825 8249
2826 3877
2826 4295
2826 4575
2826 8953
2827 5542
2828 6964
2829 6273
2829 7130
2829 7310
2831 9147
2833 3325
2833 5728
2834 5377
2834 7387
2835 9798
2836 5757
2836 9203
2837 8297
2837 8387
2840 3137
2840 3584
2840 9793
2841 9941
2843 5264
2845 3205
2845 5779
2845 7555
2845 7638
2848 5221
2848 5507
2850 5283
2850 6812
2853 4945
2853 7513
2854 3940
2858 4252
2859 6083
2859 8400
2861 6255
2862 3939
2862 4852
2862 6702
2863 3424
2863 7975
2864 3912
2868 5330
2869 5846
2870 7722
2871 3718
2871 9396
2874 9207
2875 4933
2877 6112
2878 4817
2878 5717
2879 6066
2879 6136
2880 8173
2881 3118
2881 7415
2882 4525
2882 5085
2885 6277
2885 7567
2885 7702
2886 4357
2886 9406
2887 9512
2888 9025
2891 3714
2891 5593
2891 7987
2892 3149
2892 8243
2893 5021
2893 8526
2893 8757
2893 8815
2894 4904
2895 3408
2895 9451
2896 3899
2896 9034
2900 4548
2901 5415
2906 3584
2907 3276
2909 5801
2910 8492
2910 8772
2912 6718
2913 3219
2914 7299
2915 8351
2916 7295
2916 8177
2917 5983
2918 5512
2918 6563
2920 2978
2924 5648
2925 5286
2927 7751
2928 7514
2928 9631
2929 7182
2931 4314
2932 9331
2934 5557
2936 3100
2937 4408
2937 5571
2937 8892
2939 4834
2939 9184
2943 5485
2943 6136
2947 9480
2949 8220
2950 2979
2953 4013
2953 7503
2955 7712
2955 8289
2956 6835
2958 4886
2958 7971
2959 7344
2959 9879
2960 3789
2961 7453
2962 7150
2964 3592
2964 5483
2964 7180
2965 4884
2967 6460
2970 4797
2972 8362
2974 5575
2975 3434
2975 7357
2982 8865
2984 6782
2986 9055
2987 6047
2987 9507
2988 4638
2988 6260
2990 4430
2992 8917
2996 9509
3000 3750
3006 5304
3006 5790
3009 4995
3010 3456
3010 4954
3010 8872
3013 4795
3013 7071
3016 6899
3018 3028
3019 4066
3020 6949
3021 9771
3022 3317
3022 3804
3023 7069
3023 8534
3026 5590
3027 8102
3029 8779
3031 6773
3032 6542
3033 3556
3038 4304
3039 7309
3043 7278
3047 7065
3047 8692
3048 3620
3049 3385
3054 6340
3054 8821
3055 3138
3055 6727
3056 3291
3056 5002
3056 6274
3056 7585
3057 6764
3061 4150
3062 3188
3062 5438
3062 7662
3064 5514
3064 7302
3067 5102
3067 6418
3068 4598
3069 6072
3069 6823
3071 5892
3072 9922
3073 3812
3079 9236
3080 3086
3083 3934
3083 6626
3084 5628
3085 4494
3085 5142
3086 6675
3086 8547
3087 4071
3087 9285
3089 3873
3097 6433
3098 4327
3099 4987
3099 8508
3100 3582
3100 5227
3100 7293
3104 5004
3104 6341
3105 5028
3109 3847
3109 5364
3109 9162
3111 3341
3112 5769
3112 6168
3113 5162
3113 7217
3114 7987
3117 6090
3117 6963
3118 3862
3119 7652
3119 9419
3120 6627
3121 4409
3122 9210
3127 3182
3127 6264
3128 6545
3128 8341
3129 4816
3133 8418
3135 6498
3136 6277
3140 4255
3142 3554
3142 6063
3144 7310
3144 9156
3145 3227
3149 5050
3150 5795
3154 9766
3156 4543
3158 3774
3159 9431
3161 5607
3162 8726
3163 3603
3163 7271
3164 9384
3165 7624
3165 8675
3168 9563
3170 7516
3170 9636
3171 3780
3175 5074
3175 7721
3176 6056
3177 5300
3178 9395
3181 4217
3185 5368
3186 4911
3186 9298
3191 4510
3193 9301
3194 8881
3195 4242
3196 3287
3198 7811
3199 6503
3199 8537
3200 9030
3200 9193
3201 8945
3202 4139
3202 8568
3206 4488
3208 3911
3208 6992
3213 8075
3215 6826
3216 5465
3216 9298
3218 3476
3218 4959
3218 5191
3219 4984
3220 6999
3221 6984
3221 8657
3223 3242
3224 6113
3226 4059
3226 5313
3229 6626
3230 4960
3232 7940
3232 8443
3233 5409
3235 5203
3235 7164
3236 9697
3238 5416
3238 7295
3240 3514
3240 3573
3240 9378
3242 7284
3244 3994
3244 4639
3245 8658
3245 9149
3248 3543
3248 6670
3250 4348
3251 4720
3251 9670
3252 6698
3256 9301
3256 9860
3257 9929
3259 5634
3261 4390
3261 8343
3262 7386
3268 6332
3269 7080
3269 8046
3272 9526
3273 5748
3274 8857
3275 4107
3275 6167
3275 8944
3276 8892
3277 4139
3277 7082
3277 7359
3278 7514
3279 4241
3281 4539
3281 6041
3281 9770
3283 9480
3284 3998
3285 7120
3286 6945
3287 7379
3287 7427
3288 4390
3288 6078
3288 6121
3289 3578
3289 5534
3289 6067
3290 6018
3290 8214
3293 7091
3293 8762
3293 9101
3294 4704
3294 6551
3294 6729
3294 9696
3295 8109
3297 4905
3299 4855
3301 9546
3303 5099
3303 5317
3304 6160
3306 3881
3306 6981
3306 7672
3311 5167
3311 8073
3315 9921
3318 5017
3319 5152
3319 6463
3319 9753
3320 3637
3320 4027
3320 5327
3322 3677
3322 3736
3323 4528
3323 7769
3324 5235
3324 6283
3324 7436
3325 7059
3328 4094
3331 5187
3332 4636
3332 7686
3333 6849
3333 7930
3335 8320
3337 3792
3337 5714
3339 9389
3339 9719
3342 9462
3343 4805
3343 6068
3347 4602
3348 4439
3349 3759
3349 4989
3350 4797
3350 9150
3351 3799
3352 3359
3352 7087
3353 5204
3354 5010
3354 5803
3354 8897
3356 3959
3357 9564
3358 3810
3359 8855
3360 7311
3362 3608
3362 6818
3363 6012
3363 9062
3365 9231
3365 9682
3366 4261
3366 5949
3371 7936
3372 6690
3372 7622
3373 8753
3373 9818
3375 5212
3375 5333
3377 4613
3377 8068
3378 6530
3379 3877
3379 7511
3381 8398
3381 8632
3382 5249
3384 6754
3387 7716
3388 7910
3392 6126
3393 3861
3393 9292
3393 9385
3396 8067
3397 4575
3397 7999
3398 4811
3403 4008
3405 7338
3405 7904
3406 4380
3408 7890
3408 9239
3409 7992
3412 4408
3412 9858
3414 9837
3415 5664
3418 7106
3422 3573
3422 4785
3422 6125
3423 3499
3424 7587
3425 5649
3431 4842
3431 8194
3432 5192
3432 7623
3433 3512
3435 7100
3438 4135
3438 4309
3438 7913
3440 7729
3441 4845
3441 5593
3441 5599
3443 9433
3448 3661
3449 5436
3449 9738
3450 5655
3450 6847
3450 9693
3451 6366
3452 5251
3456 3685
3456 6388
3456 7769
3456 9819
3457 5535
3457 8880
3458 9268
3459 5800
3466 5348
3466 8378
3468 5047
3468 5661
3468 9086
3469 6214
3469 6732
3472 9687
3473 7044
3475 7321
3476 7250
3478 7054
3480 8469
3481 4577
3481 6979
3482 4371
3483 4157
3483 4403
3483 9214
3485 5867
3486 5581
3487 4069
3487 6176
3487 6285
3487 7603
3489 6835
3492 8278
3495 7674
3497 3587
3497 4223
3497 9373
3498 5808
3498 9396
3499 3728
3499 9625
3502 4404
3503 5286
3503 9525
3506 6623
3506 7455
3508 8363
3513 9709
3514 8562
3515 4772
3515 5970
3518 6950
3518 8892
3520 3617
3520 6502
3521 5630
3521 7184
3521 7867
3523 5361
3523 6406
3525 9913
3526 3806
3527 7902
3528 5365
3528 8912
3530 4802
3535 4606
3535 6357
3535 8662
3536 9618
3537 6535
3540 5782
3544 8937
3544 9882
3545 3987
3545 8216
3546 9107
3547 4290
3547 7237
3547 8858
3548 6458
3551 6516
3551 6842
3551 7039
3556 3914
3556 4106
3556 5017
3557 6156
3558 5019
3558 6363
3559 6153
3559 8933
3560 4912
3560 8965
3562 8074
3564 4337
3564 6439
3565 6238
3565 6285
3566 3862
3566 4080
3567 5591
3568 7524
3569 7470
3570 9604
3573 3652
3573 6135
3574 6770
3575 6394
3575 7902
3576 7972
3578 3916
3582 5735
3583 4036
3586 6568
3586 9784
3588 9143
3590 5088
3590 8341
3591 7034
3592 5440
3594 6107
3598 6011
3603 9372
3607 3768
3607 4900
3608 6493
3610 4530
3610 8422
3613 4261
3614 6000
3621 8878
3621 9772
3622 8766
3623 8817
3625 5564
3625 9134
3626 9485
3627 9932
3628 4555
3631 4705
3633 4806
3634 8644
3634 8936
3635 3761
3635 5515
3638 4738
3639 5046
3640 6037
3643 4380
3644 4419
3646 8090
3648 6499
3651 4951
3651 9864
3652 8401
3653 4987
3654 4165
3654 4790
3654 6904
3656 4845
3658 4348
3658 6548
3661 7337
3664 7130
3664 8641
3666 7133
3666 9002
3669 7137
3670 4305
3670 5586
3670 5732
3670 8599
3671 4084
3671 6609
3674 8699
3678 5037
3678 8588
3684 5664
3684 7795
3686 6332
3686 8310
3688 7327
3688 7719
3690 5653
3690 8872
3692 5765
3693 4617
3694 9907
3695 9843
3696 6972
3699 6498
3701 6838
3702 8909
3705 5576
3706 5286
3706 5382
3706 5715
3707 4623
3708 4785
3708 9450
3708 9638
3709 4106
3710 6225
3710 9623
3714 9453
3716 6504
3717 5826
3721 9674
3721 9725
3723 9626
3724 5882
3726 4758
3727 7712
3728 9786
3730 6491
3730 8115
3731 8291
3732 7643
3732 8282
3734 6433
3734 9730
3737 7010
3737 7141
3738 4149
3738 8011
3739 4690
3739 6183
3740 6127
3742 4215
3743 4044
3744 4481
3744 7867
3745 4487
3750 8592
3754 3878
3757 7615
3760 3867
3760 3897
3760 6167
3760 9344
3761 8558
3764 6867
3764 8360
3766 3794
3767 4919
3769 4870
3769 5124
3771 8304
3771 9804
3771 9887
3774 4441
3779 6108
3779 7001
3779 8940
3780 5451
3781 9000
3781 9301
3782 5485
3783 4768
3783 6659
3785 6631
3787 7502
3788 4419
3790 8714
3793 8400
3794 5229
3794 5591
3794 9818
3808 5709
3808 9025
3809 3880
3810 4172
3811 7040
3811 8916
3812 9778
3813 5737
3816 6897
3821 9422
3822 7128
3827 4363
3827 7434
3829 6630
3829 8708
3830 8939
3831 4217
3831 9754
3832 4393
3832 6133
3833 7105
3834 7251
3836 5770
3837 7180
3837 9227
3843 6424
3843 8648
3845 7637
3849 4019
3850 5527
3852 5261
3852 6251
3854 8315
3856 6277
3857 6934
3859 8738
3861 4988
3862 3919
3872 6512
3872 8279
3874 9947
3875 5991
3876 8300
3878 5630
3880 6469
3884 4256
3884 9516
3887 5151
3887 9764
3889 8044
3893 5211
3894 9188
3894 9202
3897 4456
3898 8464
3900 8138
3902 3984
3902 4248
3903 7564
3904 9090
3908 7953
3909 8078
3912 4192
3914 6725
3916 6820
3918 8852
3921 6314
3921 7764
3923 6455
3923 9851
3924 6073
3925 8483
3925 9665
3926 5537
3926 6289
3927 6385
3927 8390
3928 5367
3929 4394
3929 5105
3929 5740
3931 8072
3932 5118
3932 7616
3934 4839
3937 9293
3940 6583
3941 7901
3941 8467
3941 8919
3944 8399
3945 5077
3945 5143
3947 4576
3947 7655
3948 8978
3949 6794
3950 5794
3950 6188
3951 4001
3952 6605
3956 5003
3958 7422
3959 8662
3960 4004
3960 5105
3960 6804
3961 4538
3961 7793
3962 6384
3968 5349
3970 7315
3972 9109
3975 5232
3975 5910
3978 6850
3978 7726
3981 7781
3984 7015
3984 9615
3985 7524
3986 7295
3987 6017
3987 9191
3988 4139
3988 6879
3988 8361
3989 8634
3990 9599
3992 6995
3993 4506
3995 8714
3996 4834
3999 4102
3999 4612
3999 8854
4000 4297
4000 9248
4000 9514
4001 4006
4001 6168
4004 4801
4004 7445
4004 7921
4005 5230
4005 9377
4006 7243
4007 5064
4007 7040
4008 5523
4009 5237
4009 6001
4009 8908
4013 6286
4013 9901
4014 8112
4019 6926
4019 7048
4020 4612
4021 6970
4025 5832
4026 4091
4026 7254
4027 4299
4027 6863
4030 7417
4031 5357
4032 6211
4032 6449
4034 5944
4035 4689
4035 8087
4036 9746
4038 6618
4038 9077
4040 9841
4041 8640
4042 4545
4044 4765
4044 7181
4045 8612
4046 4079
4046 8960
4047 4867
4048 9936
4051 4971
4052 8837
4054 5064
4055 6631
4055 6743
4056 9600
4058 4599
4058 6750
4060 6467
4062 5584
4062 5810
4065 9928
4066 7541
4068 4580
4069 4241
4069 8933
4073 9219
4074 4766
4076 6164
4076 9923
4078 6085
4078 7221
4078 9843
4080 5292
4081 4190
4083 9841
4086 4189
4086 7237
4089 7166
4090 5335
4090 9401
4091 9884
4095 6094
4095 7331
4095 7967
4096 6748
4098 4698
4098 5969
4100 8012
4101 6328
4103 6067
4110 5594
4111 4971
4111 6288
4112 7619
4113 5287
4114 8604
4116 8822
4122 9791
4123 5186
4124 5772
4125 9374
4127 4682
4127 8736
4128 6370
4128 7825
4128 8103
4128 8154
4130 7051
4131 6706
4133 4167
4133 5105
4138 7008
4140 5343
4141 7117
4142 4504
4144 4944
4149 6045
4151 5642
4155 6306
4156 7915
4158 8370
4159 6836
4160 5143
4160 9036
4162 8904
4163 5477
4165 8677
4166 5637
4167 6407
4169 6489
4171 8653
4172 5453
4175 6559
4178 4471
4182 8258
4186 9812
4189 5185
4190 6833
4192 5629
4192 6148
4193 4229
4194 5710
4194 8918
4195 7613
4196 5931
4197 4960
4203 4405
4203 4655
4203 6574
4205 7752
4206 9012
4208 9809
4209 5260
4209 9182
4211 9024
4212 6432
4213 9761
4214 9400
4214 9949
4216 8710
4220 4764
4221 5547
4222 4782
4223 5144
4224 7594
4225 4593
4226 5253
4226 5812
4226 5914
4227 4332
4227 6140
4227 8944
4232 4665
4232 6961
4235 5056
4235 7101
4235 9774
4236 6370
4237 5869
4239 5909
4242 4948
4243 7546
4243 7781
4244 4667
4244 7502
4245 5196
4245 6606
4246 7779
4247 6917
4249 8473
4250 7377
4252 9441
4256 6058
4256 7573
4260 6029
4260 6849
4261 5940
4262 5419
4262 6053
4262 9743
4264 5186
4264 6987
4264 8635
4265 7974
4266 9360
4268 4319
4268 4961
4268 5695
4271 6914
4272 5913
4272 7720
4274 8540
4277 6955
4278 6680
4279 9909
4281 9870
4284 5537
4284 7849
4285 7139
4289 6031
4291 5661
4292 5852
4293 9103
4294 6070
4295 7058
4295 9889
4298 8058
4303 6135
4305 8819
4306 5715
4306 8122
4307 5356
4307 5604
4309 7399
4309 9943
4311 8457
4313 8346
4316 8845
4316 9271
4320 5505
4321 5105
4322 6815
4326 5372
4326 8016
4328 9239
4330 6440
4331 4822
4332 6701
4333 6632
4334 9221
4335 7997
4335 8534
4337 5452
4340 8836
4346 4860
4347 5407
4349 4408
4350 7461
4353 6435
4353 7862
4356 4435
4356 8061
4358 6756
4360 8397
4361 8946
4362 7444
4363 5789
4369 4716
4369 6987
4372 6709
4373 8068
4374 4449
4374 7797
4376 8321
4377 6177
4379 5097
4379 5630
4379 6264
4383 7750
4385 6073
4387 7050
4388 5843
4388 7718
4388 8756
4389 5883
4390 9180
4391 8397
4395 9657
4400 8183
4401 5809
4402 4409
4404 9565
4406 7626
4406 9036
4408 6195
4409 4833
4411 5236
4411 7345
4413 7077
4414 5596
4419 6825
4423 9511
4424 9849
4425 6986
4429 5959
4431 4614
4432 5446
4432 6902
4435 5230
4435 7876
4438 7301
4438 7394
4438 9783
4441 9298
4442 7399
4443 5224
4443 6584
4444 8661
4444 9631
4448 8506
4448 9182
4450 5103
4454 4779
4454 8028
4454 8198
4458 7245
4458 8855
4461 9769
4462 6138
4463 6818
4466 5354
4467 8483
4468 8453
4472 8703
4474 7334
4475 6943
4475 8134
4478 4697
4481 5468
4483 5156
4483 6171
4483 7718
4486 9338
4488 8008
4490 4990
4493 6717
4496 5329
4497 8214
4500 9048
4502 6293
4503 9317
4504 7304
4504 9203
4508 8176
4510 5642
4511 8495
4512 5607
4517 9495
4519 4768
4520 6853
4520 9362
4521 8859
4522 5214
4522 7761
4523 4981
4523 6832
4523 9488
4524 7512
4531 4816
4533 4551
4533 7313
4534 4764
4535 7517
4536 6634
4542 6836
4542 9829
4544 6028
4546 5449
4546 5782
4548 5471
4550 7299
4551 6853
4554 8576
4554 9064
4555 9383
4556 9885
4559 6493
4562 7654
4563 8514
4569 5498
4569 8461
4571 7581
4573 7215
4574 9922
4575 7393
4576 9937
4578 6470
4580 8194
4581 6696
4581 8106
4582 8511
4582 9067
4588 8432
4589 4825
4589 7968
4590 5805
4590 7845
4590 9430
4592 5250
4592 6616
4594 6230
4595 9124
4595 9172
4596 5015
4596 5660
4598 7792
4599 5885
4602 8185
4605 6811
4607 8290
4607 9571
4611 7233
4612 7077
4613 7449
4613 9047
4617 9024
4619 9683
4621 6070
4621 9953
4626 8313
4627 5607
4628 5655
4629 9744
4630 8186
4631 7617
4636 7505
4637 4781
4643 6481
4643 7288
4643 9066
4644 6497
4645 6786
4646 5159
4646 5336
4648 4975
4649 8135
4654 8230
4654 9597
4654 9785
4656 7093
4656 7965
4656 8222
4659 5776
4659 6997
4660 8126
4661 5909
4667 4733
4668 9476
4671 9710
4672 6405
4672 8174
4674 6336
4674 7398
4676 6411
4677 6869
4678 7293
4681 9456
4682 4692
4682 6982
4683 9773
4686 5363
4687 7216
4687 9593
4691 8835
4694 5486
4700 8869
4701 9209
4702 7327
4702 8967
4703 7684
4705 4906
4706 6284
4708 7072
4712 4758
4712 5465
4712 8434
4712 8578
4716 9833
4718 5731
4719 7500
4720 5365
4720 8523
4721 7327
4724 7934
4727 6454
4727 7243
4730 9068
4733 5880
4733 6271
4736 9786
4737 6578
4737 7897
4738 9433
4739 7918
4739 9775
4740 5589
4740 6442
4742 6096
4744 6739
4744 9853
4749 7515
4750 4889
4750 7935
4750 8796
4751 5424
4752 6957
4752 9678
4754 7715
4755 5914
4755 9360
4757 5032
4757 6027
4757 6052
4760 4934
4765 9746
4766 7550
4769 6305
4769 9675
4771 6258
4774 6454
4774 8549
4775 8107
4777 8075
4778 5536
4779 4933
4780 7901
4783 7206
4784 8482
4785 5479
4785 9950
4786 6456
4786 9330
4786 9949
4787 6588
4788 5855
4789 6611
4794 9099
4795 8312
4797 6881
4799 8054
4800 9939
4804 8536
4805 8929
4808 8766
4809 6279
4809 8297
4810 5467
4815 9083
4817 8842
4818 7261
4818 9316
4821 8747
4823 7461
4824 5217
4825 7560
4834 6568
4837 5284
4837 8032
4838 5383
4840 6897
4842 7998
4842 8379
4845 7216
4846 6472
4846 6897
4849 8740
4850 8087
4851 7956
4855 8964
4855 9374
4856 8158
4860 9429
4862 5195
4864 5829
4864 8345
4866 5015
4866 7535
4867 6686
4869 8010
4874 8534
4878 8886
4881 5619
4882 5267
4882 6583
4882 8508
4884 5130
4885 8439
4888 6558
4888 8195
4888 8435
4894 7105
4894 8261
4895 6614
4896 6892
4897 6799
4898 7724
4900 6103
4900 9905
4902 8657
4903 7859
4907 7573
4910 5741
4910 9088
4911 7624
4912 7898
4913 5743
4913 6477
4915 6068
4915 9526
4916 7512
4919 4994
4921 6067
4922 5557
4923 6379
4924 9870
4927 8500
4927 9629
4928 5344
4928 8596
4932 6401
4933 6358
4934 8283
4936 8475
4936 8993
4937 5167
4937 6970
4938 5792
4939 8369
4944 6827
4944 9353
4946 7226
4947 8288
4949 7406
4949 9449
4951 6740
4954 9407
4958 9299
4959 6166
4959 8302
4960 7216
4962 9430
4963 5066
4968 6399
4969 5283
4969 7498
4969 7692
4969 8021
4969 9788
4970 6222
4970 7234
4973 8533
4974 9841
4975 6702
4976 9444
4977 7672
4977 9080
4978 6082
4979 8124
4980 5527
4980 8563
4982 6122
4984 9424
4986 8204
4988 7737
4988 7875
4988 8481
4989 7630
4991 7373
4993 9206
4997 6623
5000 5487
5003 7318
5004 6578
5007 5086
5007 6918
5008 7389
5008 7737
5010 7778
5013 6920
5013 9793
5016 9433
5019 6422
5023 8179
5024 9622
5026 6278
5027 5219
5027 9485
5027 9795
5030 9488
5030 9908
5031 7346
5033 8454
5034 5232
5034 5850
5034 9176
5036 5406
5036 7023
5036 9760
5038 7897
5039 6462
5040 8720
5041 7469
5046 8552
5053 5877
5053 6232
5053 7048
5055 5124
5055 8071
5059 6958
5061 7625
5063 6296
5064 5399
5064 5897
5065 6647
5065 9398
5067 5800
5067 8824
5069 8979
5073 8004
5075 6699
5076 8496
5077 7546
5078 6131
5085 6224
5088 5938
5094 7150
5097 5181
5098 8474
5103 6177
5103 8019
5104 5510
5104 6155
5104 7636
5106 8829
5107 7312
5110 7051
5110 7056
5114 8859
5118 8927
5120 5173
5120 8584
5125 6329
5129 8807
5130 6280
5134 9904
5136 5367
5137 7094
5137 8999
5137 9722
5138 7824
5141 5401
5143 6622
5145 6131
5146 5675
5151 6864
5152 8762
5155 8068
5158 7621
5159 8740
5163 9537
5164 8428
5166 8168
5168 6889
5169 6175
5170 5638
5171 5270
5174 6119
5175 5659
5175 7734
5176 7010
5181 5659
5181 7426
5186 8478
5188 8292
5192 7434
5192 8673
5193 7520
5194 8906
5195 9854
5197 7508
5200 8965
5201 9425
5202 7168
5203 5617
5203 8460
5203 8580
5205 6465
5207 5551
5207 7475
5207 7658
5209 6159
5212 7021
5214 7771
5217 9704
5218 6548
5219 5754
5221 9289
5224 6675
5226 7574
5227 9469
5227 9789
5228 7052
5228 8918
5229 5476
5230 8023
5231 5390
5238 6653
5242 5374
5244 7710
5246 8930
5248 6878
5255 9139
5255 9251
5257 8603
5257 9666
5258 6607
5259 6416
5261 7904
5261 8878
5263 7901
5263 8691
5263 9055
5267 7989
5267 8655
5267 9680
5268 6851
5268 7971
5269 9829
5270 9240
5271 9332
5272 9806
5281 6790
5281 9518
5286 6047
5286 6334
5286 8887
5288 6444
5289 6671
5292 6982
5293 8098
5295 8047
5297 5678
5298 7094
5298 7758
5299 6338
5300 6694
5300 8534
5305 6033
5305 8158
5307 8552
5308 9929
5316 8641
5316 9563
5318 8793
5320 5878
5320 8188
5321 9778
5322 7873
5323 6612
5323 7419
5325 5685
5328 6041
5332 5792
5332 6624
5333 8912
5335 7536
5336 7747
5338 5740
5340 9127
5345 8492
5349 6543
5349 8712
5351 6499
5352 7704
5352 9051
5352 9432
5357 5532
5359 8966
5365 9050
5366 7791
5371 7403
5372 5445
5373 6001
5373 9542
5374 6265
5381 8456
5394 6238
5398 6586
5399 6124
5399 7190
5400 5523
5401 9354
5403 9368
5403 9796
5405 9677
5405 9684
5406 8290
5408 8245
5409 5789
5409 9100
5412 8555
5412 8584
5413 6332
5414 9844
5415 9765
5416 5558
5418 7684
5418 8818
5420 9667
5421 7322
5422 9181
5424 5651
5424 9603
5428 8041
5429 8754
5430 7257
5431 9084
5435 7116
5438 6486
5440 8542
5442 9466
5443 7597
5444 8084
5446 9383
5449 9900
5451 8544
5451 9880
5453 7100
5453 9437
5454 7632
5458 8801
5460 7370
5460 7873
5462 6323
5464 7483
5466 7907
5466 8351
5473 9422
5473 9682
5474 9271
5476 5943
5477 6146
5477 9463
5478 6175
5478 9663
5480 9090
5483 6392
5485 6802
5486 6073
5487 5735
5489 8708
5492 6433
5493 6525
5494 7732
5496 8538
5498 7054
5498 9559
5501 8884
5502 6204
5503 6532
5503 9102
5504 7783
5505 9579
5517 6731
5523 5730
5524 8048
5525 8407
5530 6672
5530 7166
5530 7536
5533 8052
5535 6968
5537 6081
5538 9698
5539 7752
5539 9186
5540 6681
5546 7199
5546 7470
5552 7998
5559 7844
5561 5799
5567 7661
5568 6685
5568 7620
5570 8420
5579 7400
5579 9469
5581 7282
5581 8954
5582 8992
5586 9826
5589 6980
5594 8467
5596 8420
5598 8783
5599 7045
5600 9137
5600 9792
5604 6207
5606 6405
5610 5727
5612 6243
5612 7286
5615 6541
5616 9144
5617 6298
5618 8333
5619 8153
5621 9123
5622 9641
5623 7120
5623 7628
5623 9878
5624 7337
5625 7310
5631 9505
5635 7777
5638 9741
5640 9115
5643 9809
5644 6225
5647 8090
5647 8984
5647 9817
5649 6156
5651 9476
5652 6427
5652 7712
5653 8720
5653 9220
5654 6996
5654 9919
5658 6415
5661 9847
5663 9492
5671 6700
5672 8906
5673 7999
5674 9024
5675 6083
5675 8078
5675 9383
5680 8239
5681 9908
5682 7855
5682 8380
5683 9837
5684 8893
5685 7526
5685 8837
5687 6206
5689 5883
5690 6453
5692 6604
5698 6668
5698 8387
5699 6992
5700 6501
5703 8365
5704 9623
5705 8133
5705 8522
5707 5946
5709 6274
5711 8671
5713 6742
5714 7358
5718 8861
5720 8760
5722 5812
5724 8960
5728 8278
5729 8367
5730 7432
5730 8926
5731 6054
5733 7294
5733 8742
5735 6921
5735 9769
5736 6677
5737 7326
5739 9920
5741 8203
5742 6055
5742 8665
5742 9376
5744 7857
5744 9698
5745 7935
5745 8473
5746 8851
5747 7203
5748 6616
5750 7959
5752 6813
5753 6094
5753 8580
5756 8808
5760 9262
5761 9628
5762 7085
5763 6375
5764 7062
5765 7680
5767 6313
5769 9539
5771 7135
5772 8293
5772 9608
5776 7976
5778 8058
5779 6668
5780 6134
5789 9347
5792 8408
5792 9597
5795 6099
5799 8928
5800 9464
5801 6725
5803 7299
5807 8623
5807 9635
5814 6259
5817 9733
5818 6398
5822 7789
5822 8659
5825 9927
5826 6502
5828 7076
5830 9163
5833 8218
5837 9818
5840 6532
5840 7916
5840 8492
5841 7861
5842 6206
5842 7397
5842 9147
5845 6534
5846 9715
5851 9750
5853 8802
5854 7972
5855 7283
5855 9580
5858 7871
5859 6619
5859 8345
5860 6820
5860 7218
5860 8902
5860 9526
5861 8012
5864 6617
5866 8998
5870 8352
5871 7878
5872 6100
5876 6646
5877 6205
5878 8573
5881 7574
5882 6054
5882 7687
5882 9886
5883 9423
5883 9499
5883 9537
5889 8272
5894 7510
5897 9279
5898 7876
5898 8364
5899 8834
5900 6884
5900 9918
5907 8379
5910 9166
5915 7484
5916 7804
5916 9281
5917 7526
5918 7399
5918 8536
5920 9370
5922 7806
5926 8205
5929 8097
5929 8629
5931 6148
5932 6440
5932 7078
5932 7691
5934 6511
5936 9438
5938 6563
5941 7798
5943 6852
5947 9275
5948 9356
5951 6293
5951 6807
5952 7410
5953 8358
5954 8662
5960 7556
5961 6112
5961 7198
5963 8323
5965 8115
5972 9850
5973 9651
5974 8231
5977 7073
5978 6050
5992 7879
5993 8327
5998 7693
5999 6453
6000 9100
6001 6987
6003 9573
6008 6164
6009 7156
6010 9920
6011 6267
6012 9872
6013 6220
6014 9125
6017 9847
6018 8259
6019 7232
6027 7840
6029 6292
6029 6504
6029 9102
6030 6228
6034 9181
6035 7350
6037 9040
6039 9282
6043 8415
6044 6706
6044 9149
6048 8069
6051 8258
6052 9152
6053 8609
6071 7462
6073 9178
6076 7168
6080 6636
6082 6550
6083 6843
6083 9660
6084 6946
6085 7385
6087 6526
6089 8610
6091 9214
6091 9377
6095 7933
6098 8426
6098 9620
6099 8817
6099 9889
6100 9270
6101 7717
6101 8677
6104 7491
6107 6574
6108 6707
6109 7489
6110 6182
6112 6688
6116 8933
6118 8123
6122 6883
6124 9197
6127 9167
6129 7568
6130 9134
6132 7120
6135 7206
6136 7349
6136 7470
6137 6403
6145 7107
6145 7353
6147 8435
6148 6458
6149 7377
6151 9729
6160 9013
6161 6517
6163 8589
6165 9524
6168 9760
6169 7121
6170 7475
6174 7883
6176 6509
6176 8829
6179 7901
6179 8205
6179 9202
6180 9288
6181 7691
6181 9730
6191 8925
6192 7294
6196 7102
6196 8496
6197 7692
6198 6417
6200 7239
6202 7056
6203 6300
6205 8206
6208 6936
6213 6622
6214 8411
6214 9649
6216 9236
6219 6338
6222 8918
6227 9044
6228 9267
6234 8703
6237 7033
6238 7722
6243 8300
6252 7476
6255 7628
6261 8361
6261 9493
6261 9527
6264 6381
6265 8520
6266 7800
6270 7259
6279 9288
6280 6964
6283 6454
6285 7765
6285 8463
6288 8755
6288 8890
6290 7564
6291 6800
6294 8869
6300 6313
6300 7319
6304 7982
6304 9184
6305 9138
6306 6992
6308 8978
6313 6719
6313 7840
6313 9216
6315 8326
6316 7215
6319 9648
6320 7213
6321 9238
6323 6798
6323 8404
6326 9208
6328 9311
6333 6844
6333 7592
6340 9883
6341 8424
6341 8853
6345 6823
6346 7183
6346 9029
6349 9801
6349 9845
6351 8954
6351 9375
6353 6785
6353 7089
6354 7472
6355 6735
6355 8929
6356 9084
6357 9356
6361 9605
6364 7093
6365 9412
6369 7386
6370 8823
6370 9762
6372 8137
6372 9915
6373 7282
6373 8963
6377 6925
6381 7428
6385 9639
6388 7963
6388 9107
6389 8933
6391 8619
6392 8536
6399 8510
6403 8460
6405 8529
6408 9810
6411 7667
6411 8843
6413 6648
6415 9024
6416 7813
6418 6981
6419 6498
6423 6931
6424 8515
6426 7677
6427 7088
6427 9758
6428 7124
6428 7353
6437 9663
6438 7617
6439 6517
6439 7501
6439 8390
6442 9774
6443 7098
6446 8117
6447 6892
6453 9560
6454 8263
6454 9686
6459 9212
6461 6531
6461 6649
6467 9450
6469 8445
6471 9246
6472 6536
6472 8384
6477 9845
6478 9391
6479 7230
6480 7491
6480 8229
6480 9550
6482 9345
6483 7142
6483 9839
6484 6935
6484 7743
6484 9687
6485 8750
6491 7294
6493 9548
6494 8876
6496 9381
6499 8768
6504 8779
6505 9167
6507 7667
6509 9590
6513 7031
6517 9187
6521 9324
6527 9091
6528 8748
6531 7727
6537 8700
6537 9851
6539 9318
6540 8428
6540 9281
6543 9523
6544 7687
6545 9901
6549 6818
6550 7852
6560 7956
6564 8255
6569 7563
6572 6767
6572 7899
6577 9032
6579 6801
6580 7542
6581 7107
6582 9793
6584 9333
6584 9554
6584 9887
6586 8975
6587 9171
6589 7568
6591 7634
6594 6920
6594 9763
6600 7368
6601 6965
6602 9075
6603 8440
6606 9383
6607 6718
6609 9124
6612 7326
6612 9273
6613 8862
6614 6951
6614 7572
6615 6875
6616 6805
6616 7310
6617 8032
6624 7974
6626 7321
6628 8205
6629 8347
6630 9536
6630 9587
6630 9935
6636 8276
6639 8312
6640 9836
6643 7465
6644 8091
6644 8293
6645 7845
6654 8304
6654 9894
6656 6699
6657 7209
6662 9004
6668 8382
6668 9673
6672 9434
6674 8605
6675 6756
6675 8834
6676 8104
6678 7607
6679 9605
6680 7923
6681 7397
6683 7377
6687 7374
6688 9783
6695 7764
6695 9557
6698 7497
6700 9582
6703 8656
6707 7120
6711 9845
6712 9497
6723 7389
6726 9715
6728 8531
6734 9784
6740 9136
6742 7762
6746 8783
6747 7114
6752 8681
6758 7208
6758 8818
6765 8462
6772 7254
6772 8719
6774 6977
6777 8256
6778 7835
6779 7736
6780 9291
6782 7111
6783 7923
6786 7826
6787 9511
6794 7136
6794 9542
6803 9460
6803 9514
6809 7399
6810 9463
6811 7353
6812 7373
6813 7812
6815 9540
6817 7565
6818 9564
6822 9328
6824 7946
6829 7811
6829 8611
6829 9043
6833 7588
6835 7344
6836 8337
6840 8294
6844 6992
6844 9153
6845 9493
6846 8204
6851 7318
6856 7383
6857 7962
6857 9497
6858 8953
6867 7369
6869 8077
6875 7036
6879 8977
6880 8081
6881 9338
6892 9557
6898 7067
6898 8103
6898 8546
6903 9464
6905 8942
6906 6917
6908 9347
6909 7299
6915 7507
6917 8997
6932 6967
6932 8029
6932 8900
6935 9499
6936 8153
6937 8095
6938 9750
6940 8719
6941 8494
6941 8975
6943 9654
6945 7633
6946 7469
6946 9089
6947 9491
6951 8551
6955 8060
6957 9240
6962 8926
6964 7099
6965 9659
6969 8336
6975 8194
6977 8844
6977 9751
6979 8448
6980 8834
6980 9820
6987 9881
6988 7816
6989 8282
6991 8032
6996 9410
6998 8207
7000 7438
7001 8992
7002 8022
7003 7048
7003 9877
7008 7938
7010 9739
7011 8913
7013 9280
7016 7364
7016 9213
7021 7512
7023 9687
7025 8628
7034 7823
7040 8927
7042 7660
7042 7935
7043 8355
7048 8640
7052 8129
7058 7473
7058 7492
7058 8856
7059 7747
7062 8986
7071 9696
7072 8602
7076 7486
7077 8547
7081 8179
7081 8411
7082 7215
7082 9804
7083 7831
7086 9234
7091 9133
7098 7634
7099 7385
7102 8805
7105 8188
7105 9952
7109 7801
7113 9841
7121 9648
7122 8307
7123 9084
7124 7922
7124 8090
7128 7621
7128 7984
7131 8738
7133 7706
7134 8462
7134 9581
7136 9848
7140 7600
7142 8012
7142 9024
7146 7412
7149 7706
7149 7706
7149 8785
7149 9495
7160 8177
7161 9769
7162 8771
7163 8745
7172 8090
7173 7666
7175 8513
7175 9259
7177 8045
7178 9914
7179 9384
7180 9222
7181 8909
7185 7210
7185 7497
7190 8477
7191 8385
7196 7230
7196 9935
7206 8036
7207 7933
7208 8951
7209 9943
7212 8386
7216 9499
7220 9004
7221 8564
7222 7223
7222 9037
7224 8981
7234 8270
7239 8172
7239 9284
7243 9593
7247 7322
7253 8434
7256 7827
7257 8962
7258 7789
7262 8201
7266 9266
7272 7359
7280 8131
7288 8498
7293 8841
7294 9398
7295 7347
7295 9422
7299 8027
7299 8658
7299 8868
7300 7448
7300 8922
7302 7684
7302 8280
7304 7602
7304 8618
7307 7472
7307 9072
7308 7859
7308 8481
7309 9852
7312 9776
7313 8242
7315 8318
7319 8930
7320 9832
7325 9323
7328 9217
7335 7611
7336 8496
7340 8512
7340 9875
7342 9088
7342 9568
7347 8670
7347 8984
7351 7780
7351 9031
7352 7683
7359 8408
7360 8861
7363 8880
7370 9425
7378 9003
7386 8643
7393 8578
7396 8835
7399 8535
7401 8679
7404 7839
7404 9800
7410 7436
7410 7515
7417 8628
7420 9911
7422 8948
7425 8243
7425 8818
7431 7628
7431 9833
7436 7463
7436 8119
7438 9327
7440 8133
7443 8401
7449 9411
7450 8385
7456 9188
7457 7793
7457 8860
7457 9783
7458 9333
7459 9432
7467 8774
7468 9062
7469 9907
7470 7715
7476 8000
7478 8267
7483 8748
7483 9296
7484 7488
7484 8598
7489 7918
7490 8385
7493 8606
7494 8669
7496 7968
7496 8931
7500 8305
7507 8339
7512 8224
7521 9473
7522 9561
7527 7817
7527 8867
7528 9867
7537 9732
7542 8525
7545 8087
7547 9184
7548 9406
7557 8099
7558 8961
7559 9791
7571 8832
7584 9562
7590 8626
7594 8731
7595 7647
7595 8925
7602 9158
7604 9735
7607 8044
7614 7916
7627 8083
7627 9207
7629 8442
7633 8307
7634 8567
7636 9035
7642 7906
7648 8208
7648 8275
7648 9721
7654 9075
7658 9040
7660 9079
7661 7723
7664 8469
7664 9030
7667 9056
7667 9868
7669 8031
7670 8799
7674 9495
7678 8006
7682 7720
7689 8101
7690 9897
7696 8074
7698 9949
7701 8833
7703 8292
7704 7725
7704 8392
7706 8706
7706 9287
7707 9552
7707 9887
7712 8653
7713 8488
7715 8469
7715 9862
7716 8338
7717 9302
7718 9695
7721 7856
7723 9747
7729 9383
7731 8550
7734 8373
7736 9165
7740 9024
7745 9024
7749 9552
7750 9022
7752 8229
7761 9389
7762 9757
7767 9795
7771 9494
7778 8215
7778 9364
7783 9100
7788 8410
7796 8298
7802 9095
7805 9759
7806 8223
7806 9013
7808 9767
7822 9386
7825 9941
7841 9776
7842 8278
7848 9117
7850 7993
7859 8022
7865 9688
7868 9350
7869 8904
7870 9253
7872 9379
7873 9344
7880 9355
7882 7915
7884 8389
7885 7909
7892 9325
7895 9662
7896 9014
7896 9857
7902 9819
7903 7942
7904 9564
7905 9766
7920 8632
7923 9340
7931 8456
7934 8845
7934 8883
7936 9856
7938 8818
7942 8189
7942 8936
7947 9530
7954 8539
7955 8045
7967 9622
7976 8931
7982 9859
7986 9667
7989 9061
7990 9203
7996 9301
7998 9228
8003 9130
8006 9013
8009 8940
8018 8931
8026 9096
8029 9520
8030 8936
8030 9254
8031 8102
8035 8989
8036 9621
8052 8170
8052 8444
8057 8082
8071 9217
8073 9440
8077 8415
8078 9341
8079 8247
8085 8874
8089 9672
8094 9583
8106 8559
8115 8534
8115 9499
8115 9764
8116 8618
8116 8697
8121 9377
8122 8219
8122 9031
8125 8258
8126 8246
8126 8426
8136 8323
8141 8749
8142 8736
8144 9029
8147 8680
8148 9280
8149 9838
8151 9575
8154 8424
8161 9787
8162 8775
8163 9379
8164 8369
8165 8788
8167 9104
8170 9005
8170 9036
8171 8249
8178 8932
8179 8348
8205 8926
8205 9299
8207 9169
8211 9214
8230 8640
8237 9664
8246 9035
8247 9204
8253 8681
8256 8353
8257 8531
8275 9755
8278 9868
8280 9294
8281 8512
8285 8498
8285 8849
8290 9525
8291 8708
8292 8483
8292 8488
8298 9342
8300 9199
8302 8891
8308 9659
8309 8812
8322 9018
8327 9513
8328 9755
8329 9722
8330 9325
8337 8544
8357 9912
8361 8646
8373 9506
8374 8568
8378 8964
8382 9351
8382 9862
8401 8786
8410 9520
8411 9051
8412 9024
8417 8482
8419 8495
8432 9864
8433 8551
8437 9052
8439 9942
8448 8646
8456 8509
8462 8576
8463 9032
8464 9905
8488 9424
8488 9502
8489 8527
8501 9190
8508 8831
8512 9521
8524 9271
8530 8701
8534 8893
8536 9477
8543 9334
8544 8923
8551 9731
8553 9751
8555 8865
8557 8640
8557 9837
8563 9086
8566 9480
8567 9456
8587 9050
8587 9079
8589 9188
8590 9197
8599 8808
8600 8613
8601 9280
8613 9592
8618 9883
8633 9682
8635 9576
8636 8690
8654 8761
8672 9905
8675 9056
8675 9526
8683 9850
8687 9391
8693 8847
8699 9446
8702 9863
8707 9569
8715 8858
8721 9113
8728 9028
8728 9936
8729 9503
8732 8878
8732 9618
8739 8987
8748 9019
8750 9747
8752 9060
8753 9735
8762 8931
8765 9575
8769 9137
8778 9176
8795 8837
8801 9224
8806 8820
8808 9655
8808 9839
8813 9547
8819 9397
8831 9624
8844 9273
8845 8996
8853 9882
8855 9640
8885 8910
8886 9023
8895 9245
8897 9000
8905 9124
8908 9269
8913 9814
8921 9489
8923 9631
8933 8975
8936 9720
8946 9160
8962 9285
8964 9797
8967 9431
8974 9111
8976 9433
8984 9371
8986 9673
8987 9937
8993 9467
9004 9053
9013 9398
9018 9173
9029 9246
9044 9634
9074 9931
9103 9163
9120 9918
9121 9556
9121 9893
9125 9210
9125 9776
9166 9301
9174 9767
9175 9642
9177 9558
9183 9753
9207 9396
9235 9679
9240 9841
9240 9847
9248 9505
9286 9626
9286 9838
9302 9488
9312 9851
9342 9385
9353 9894
9383 9612
9387 9748
9392 9519
9396 9908
9398 9716
9418 9668
9426 9728
9431 9855
9438 9623
9453 9522
9456 9469
9458 9941
9465 9915
9466 9480
9470 9576
9475 9596
9476 9594
9504 9876
9515 9876
9531 9843
9537 9671
9553 9865
9570 9734
9588 9657
9590 9798
9593 9809
9624 9790
9686 9785
9870 9942
9877 9913
9896 9950
