9953 9853
1 4074
1 7347
2 7056
2 9560
3 6576
4 2629
4 7135
5 626
5 2231
5 4605
5 7799
5 8823
6 2966
6 7921
7 1614
7 2253
7 6293
8 405
8 1351
8 8655
9 142
9 4463
10 9031
11 1931
11 3488
12 4150
12 6719
12 7294
13 1800
14 2491
15 6851
15 7962
16 402
16 9065
16 9870
17 3510
17 4147
17 5945
18 7313
19 6758
19 6946
20 267
21 5553
21 7295
22 2845
22 4295
23 5254
23 8170
24 7993
25 688
25 978
25 4528
26 6668
26 8389
26 9118
28 1341
28 2221
29 3873
30 335
30 1864
30 4178
31 1767
32 1919
32 4370
32 5097
33 1152
33 4274
33 4682
33 5562
34 5064
34 7866
35 625
35 3262
37 7922
37 9881
38 7683
39 6627
39 9604
40 117
40 781
40 9172
41 6290
41 7678
42 4078
42 4849
42 5084
42 5092
42 5844
42 6103
44 6270
45 1132
45 6193
47 1764
47 2044
47 7058
48 7792
48 9905
49 3042
49 6850
49 9892
50 4716
50 6017
50 8376
51 8885
52 3205
53 8062
54 3691
54 9011
55 8868
56 5390
56 6410
57 3259
57 3819
58 1851
58 3473
58 3478
59 931
59 3414
59 7200
59 8497
60 257
60 4278
60 5105
60 8477
61 2632
62 295
62 3989
62 7470
63 326
63 614
63 4321
63 9244
64 2472
65 150
65 6457
65 7781
65 9250
66 316
66 9599
68 5715
69 6712
69 7364
70 577
70 2958
70 3852
71 8769
71 9028
72 397
72 1979
72 3420
72 7645
72 8168
73 658
73 887
74 2216
75 1492
75 1560
75 2163
75 7143
76 7378
77 3131
78 2392
78 7866
81 914
81 4747
81 6237
81 6516
81 6933
82 3547
82 7159
82 8933
83 703
83 8581
84 2505
84 4355
86 2157
87 4781
87 8897
87 9421
88 1707
88 3421
88 7550
88 9529
89 9910
90 3064
90 8886
90 9040
91 2113
91 3597
91 9663
92 4425
92 6384
93 6576
94 3349
95 1606
95 3548
95 4119
96 5105
96 7611
97 1990
97 4222
97 6009
97 8218
98 726
99 6945
99 8135
99 9063
100 6284
102 4493
103 7189
104 1348
105 5697
105 7234
105 7257
106 5893
107 9774
108 4835
109 704
109 4401
109 6230
109 9688
110 1025
110 1070
110 5284
111 7454
112 5403
112 8380
112 8528
113 7102
114 3622
114 8676
115 9319
116 2392
116 4386
117 782
117 2405
117 7335
118 9308
119 5579
119 7421
120 463
120 1822
120 4797
120 5603
122 132
122 7372
123 2382
123 4156
124 1068
124 6814
126 1016
126 9854
127 193
127 4902
128 4235
128 6000
128 7653
128 9337
128 9839
129 881
129 3108
129 4080
129 6774
129 7143
129 8405
130 4640
130 9945
131 531
131 3226
132 3073
132 3265
133 3059
133 7603
134 4798
134 5426
135 1284
135 8862
136 329
136 1010
136 7895
137 5126
139 6091
140 9049
141 1514
141 4045
141 6186
141 7363
142 8895
143 7626
143 9162
144 203
144 1801
144 7045
144 9585
145 2803
145 3046
146 4057
146 7366
146 8013
147 440
147 1809
147 7129
148 8251
149 2435
150 3633
150 5675
150 5981
150 9327
151 6915
152 7786
153 3936
154 8871
155 2530
155 3755
155 4615
156 8021
157 4093
159 3472
160 4901
160 6935
162 5081
162 9069
163 1423
163 4565
163 6065
164 1150
164 1625
164 2768
164 3163
164 7150
165 4736
165 5182
166 913
166 2722
166 7929
167 1378
168 2582
168 8614
169 2019
169 6973
170 479
170 3799
170 5155
170 8777
171 5103
171 5997
171 6213
172 8598
172 9480
173 1791
173 6888
174 2474
174 7110
174 7813
174 8965
175 1360
175 2888
175 4652
175 7399
175 8043
175 8751
176 2311
176 6256
177 1230
177 1868
177 3930
177 5649
178 562
178 755
179 700
179 1280
180 7729
181 3618
181 6834
181 7843
182 5938
183 6409
183 7265
183 7826
183 8717
184 8769
185 1967
185 4975
185 4983
185 5987
185 7755
185 8467
186 3293
186 5019
186 5294
187 461
187 9339
188 4331
188 5332
189 2893
189 3182
189 3983
189 6396
190 3525
191 1739
191 6423
191 8141
193 5317
193 6847
194 6172
195 6182
196 383
196 2691
196 4388
197 8839
200 1990
200 4073
201 2470
201 3052
202 6295
202 9829
203 2353
203 2649
204 1385
204 1913
204 5157
204 9306
205 5242
205 8886
208 2003
208 2766
209 1692
209 6284
210 1660
210 3964
211 8680
212 2181
212 7888
213 1066
213 7596
214 3579
214 5690
214 6187
214 9139
216 9146
217 5018
218 2269
218 3640
219 8300
220 1111
220 4247
220 4790
221 1708
222 4181
222 6495
223 7071
223 7133
223 9918
224 2869
225 693
225 8600
226 2484
226 8544
227 481
227 2689
229 7198
229 9260
230 8656
231 599
231 2426
231 7461
231 8635
233 318
233 2832
233 3255
233 9608
234 8169
235 6845
236 830
236 3827
236 7340
237 1570
238 4192
238 4316
238 5726
238 9847
239 1186
240 3859
240 7438
241 1210
241 6214
242 4558
242 8419
243 781
243 877
243 9571
244 4798
245 303
245 4959
245 5195
246 2444
246 2779
248 2488
248 5026
248 6872
250 3949
250 8163
251 2849
251 8889
251 9899
252 3464
252 6462
252 9721
253 4391
253 5458
254 1932
254 2911
255 5145
256 2260
256 6437
258 8384
259 5649
260 3133
261 6237
262 9886
263 1894
263 9411
263 9596
264 2685
264 6184
264 8391
265 822
266 1699
266 3564
266 6432
267 4165
267 6552
269 651
270 4275
271 4716
271 8125
272 602
272 3490
273 2164
273 4216
273 6048
274 1226
275 1268
275 5905
275 9272
276 5769
277 3352
277 6464
277 6890
277 7488
278 5577
278 5784
278 6071
280 1053
280 7039
281 4835
281 7729
282 892
282 3056
282 6178
283 4822
283 6117
284 1188
285 7045
285 8741
286 1036
286 1888
286 8852
287 955
287 2942
287 8991
288 1238
288 2318
288 4515
288 5853
288 6941
289 6485
289 8449
289 8560
290 3719
290 8305
291 2930
291 4570
292 6635
292 7004
294 1026
294 5915
297 5084
298 1414
299 7632
300 8492
301 1697
301 6327
303 3676
303 3704
304 7908
305 1385
305 9020
306 5800
306 8942
307 5983
308 2151
308 6337
309 1425
309 5443
311 1687
311 2092
311 5424
311 9612
312 2362
312 7566
312 9215
313 6065
314 7588
316 3612
316 4598
316 7359
317 933
317 1469
317 1975
319 9021
319 9304
321 660
321 7959
322 686
322 4235
322 7446
323 1948
323 3439
324 3603
324 7663
324 8318
326 3753
326 3786
328 9227
330 2974
330 4124
331 7767
331 8320
332 3265
332 6908
332 8214
332 8399
334 2557
338 2206
338 7545
338 8354
341 776
341 4009
341 6770
341 8008
341 9930
342 5420
342 6739
342 7938
343 6113
343 8903
344 6783
344 7140
345 2987
345 3148
345 9291
346 408
346 2701
346 7315
347 9670
349 3859
350 7776
351 4970
351 7031
352 2961
353 8839
354 5766
354 6947
355 5656
355 6223
356 2959
356 9533
357 4858
357 7206
358 3231
359 2399
359 2637
359 5047
360 1180
362 2349
362 4227
363 2053
364 898
364 3617
364 4646
364 7879
365 3562
366 2865
366 3460
366 3855
366 6258
367 5984
368 7211
369 2950
369 4626
369 7591
369 7886
370 841
370 2568
370 3387
371 551
372 8827
373 1703
373 4609
373 6413
374 1634
374 3408
374 6265
376 3225
378 6332
379 6019
379 7396
381 396
381 8217
382 5719
383 4265
383 7060
384 3811
384 4125
384 6224
384 8457
385 7307
385 8448
386 424
386 2263
386 2284
387 9606
388 4457
388 7053
391 2278
391 4997
391 7260
391 9407
392 837
392 1232
392 8700
394 4654
394 7683
395 4381
395 5257
395 9251
396 4474
396 7192
397 3400
398 6627
399 5162
399 5570
400 9715
401 2095
403 845
404 3065
404 3987
404 6631
405 1395
405 2355
406 459
406 6284
407 631
407 5529
407 6820
407 6991
407 7603
408 1823
409 1063
409 1333
409 8527
410 2709
410 2788
410 6699
411 2428
411 3474
411 5898
412 3118
412 3158
413 5212
414 4603
414 5471
415 2190
415 5705
416 7336
416 7533
417 2355
417 6990
417 9797
418 1036
418 3735
418 9006
419 2740
419 3987
419 6629
420 4703
420 9695
421 8514
422 2581
422 5014
422 7596
424 1590
424 6204
425 7490
425 9299
426 3150
426 7867
427 605
428 8585
429 8770
430 983
430 1348
431 2423
431 6998
431 9557
433 7891
434 4006
435 6040
436 9279
437 2443
438 608
438 4471
439 1981
439 2152
439 6152
439 8617
440 5651
440 6807
441 1911
441 5039
441 5498
441 5691
441 5912
441 7114
441 9264
441 9851
442 6838
442 7407
443 524
443 3179
444 3686
444 7185
444 9438
445 8450
446 4969
446 8088
447 1168
447 1184
447 5176
447 5754
448 1714
448 6473
451 678
451 3211
452 4427
452 9157
453 4719
453 7590
455 9026
456 2398
456 6973
456 9305
456 9637
459 5450
459 5674
459 8644
460 6550
461 2393
463 2708
464 8624
465 3794
465 8197
466 6948
467 1385
468 4809
471 6310
474 1808
475 606
475 881
475 5374
476 2274
476 2652
477 8437
478 8981
479 3178
479 5190
479 5542
480 1674
480 5125
480 8019
481 5887
482 2269
482 9750
483 1531
483 5504
483 5905
483 6737
483 7477
484 662
484 3925
484 8661
485 550
485 1004
485 4508
486 3176
486 7501
487 1211
487 6356
487 9142
488 4373
489 4088
489 8434
490 5801
490 7072
490 9378
491 911
491 8266
492 3050
492 6355
492 7240
493 3947
493 8856
494 1450
494 1947
494 3934
495 539
495 4906
495 9287
496 6493
497 3672
497 3743
497 7473
497 8236
498 4122
499 8288
500 2673
500 3156
500 7087
501 3943
501 9332
503 752
503 9747
504 9439
505 7120
505 7981
506 7449
506 8142
508 2624
508 8986
509 8163
510 2589
510 3188
510 4466
510 6307
511 1093
511 2622
511 6896
512 1992
512 8155
513 797
513 6656
514 2968
514 3693
515 4501
516 3410
516 3950
516 5337
517 1614
517 5951
517 8189
517 9313
519 4631
520 4866
520 6001
520 7665
521 7381
521 8485
522 1099
522 2685
522 5683
523 1143
523 2673
524 6332
524 7387
525 4070
525 7522
526 1901
526 2265
527 740
527 1296
527 2007
527 5276
527 9706
528 8422
529 2374
529 2415
529 5081
529 5307
529 5449
529 8821
529 8974
530 5039
531 3933
531 4379
531 4663
533 4541
534 5234
534 8230
535 3610
536 1681
536 7685
536 8170
537 1565
537 2554
537 3832
539 3267
541 5315
541 8016
542 2258
542 4055
542 5654
542 6670
542 8537
542 8715
544 2013
544 8847
546 720
547 1746
547 2617
547 7465
548 3383
548 3656
548 6719
548 7322
548 7826
549 4184
551 1133
551 5314
553 4467
553 9079
555 8325
556 8358
557 7089
557 7642
558 5279
558 8489
559 3115
559 6990
559 7444
559 8738
560 3282
560 5205
561 2095
563 755
563 1218
563 3624
563 8185
564 2491
564 5512
566 2483
567 5146
568 5260
571 8384
572 717
572 1384
573 2656
573 4285
573 4555
573 8197
574 2913
574 4853
574 5191
574 5415
574 5615
574 8350
575 3363
575 4151
575 5089
575 9360
576 2297
576 5167
576 9736
577 3838
577 9483
577 9675
578 7947
579 5366
579 8109
580 2090
580 3785
580 4899
582 954
582 6702
583 789
583 6165
583 9792
584 1178
584 1781
584 8703
585 4588
586 2513
586 2819
587 4123
587 5336
587 8089
588 7720
589 7942
589 9920
590 7404
591 5816
591 8896
592 1312
592 6232
592 8177
593 1081
593 8777
594 5162
594 7192
594 8157
594 9820
595 6023
596 7732
596 8466
596 9458
597 1715
598 3463
600 984
600 1206
601 3427
601 6664
601 7625
602 2117
602 4101
603 6921
603 7612
604 4092
605 6334
605 8294
606 8258
606 9923
609 3220
609 9283
610 9017
611 653
611 1615
611 4906
611 5315
612 1463
612 9790
613 1413
613 2281
613 2676
613 6355
614 630
614 8300
615 4910
616 3124
616 7379
618 1373
618 1759
618 4107
619 4569
619 5894
620 3227
620 6642
621 804
621 7966
623 6135
624 2513
624 7893
625 4276
625 4874
625 7499
625 7612
626 782
626 4998
627 2959
627 7099
628 2926
629 2455
629 2917
629 3990
630 945
630 1026
630 3770
630 4520
630 6887
631 5132
631 6920
632 5335
632 8247
634 768
634 1112
634 4392
635 3563
635 5674
635 9189
636 3803
636 5442
637 6945
637 8254
637 8963
638 1304
638 6482
639 1514
639 3630
639 4091
639 4105
639 8265
640 8692
641 1995
642 4330
643 1382
643 8459
644 9573
645 9902
646 1131
647 811
647 3087
648 7475
649 4563
649 8350
649 8959
652 3940
654 7232
656 5378
656 5584
656 8800
656 9390
657 4803
657 7615
657 9061
658 5459
658 6255
659 3142
659 4369
659 5698
659 5997
660 5299
661 3382
661 8650
662 9552
664 7128
664 8371
665 5821
665 8261
665 8779
666 4984
668 5939
668 8950
670 4787
670 6095
670 7975
670 9883
671 2450
671 2709
671 6029
674 1898
674 3278
674 7427
675 2099
676 3302
676 4733
677 1723
677 2559
677 2605
677 6735
677 7915
677 8141
678 9154
679 1214
679 2526
679 3781
679 4984
680 9398
681 2506
682 2646
682 4898
682 5609
682 8600
682 8696
684 7568
685 4594
685 6667
686 8658
687 1571
687 4227
687 6024
688 8586
689 6349
690 2966
691 1197
691 2551
691 6821
691 9174
692 9236
693 6459
695 8309
696 2220
696 2711
697 7339
698 4656
699 7785
700 2680
700 3148
700 5576
700 6461
700 7627
701 5697
701 6019
701 9517
702 1747
702 5319
702 9719
702 9753
702 9845
703 3886
703 5356
703 7117
704 1545
705 9176
706 1952
706 5416
706 7848
707 1347
707 7636
708 1276
708 8104
710 6194
711 7837
715 3067
715 4926
715 5072
715 6003
715 7635
717 1298
717 1306
717 5505
717 8748
718 3574
718 7559
719 9554
720 1837
720 3053
720 6700
721 2383
721 2721
721 8796
722 9832
723 3774
723 4504
723 9341
724 2598
726 4672
727 3441
729 8686
730 5197
730 7865
734 4893
735 3061
735 3942
735 4258
735 7121
736 7714
737 3478
737 6641
738 3285
738 5596
738 9931
739 6897
740 8828
742 7589
743 1163
743 7731
743 9248
744 9041
745 3010
746 8223
748 2026
749 9021
750 2422
751 2199
751 2907
751 4240
751 8522
751 8797
752 2956
752 7193
753 3689
753 9444
754 1594
754 5989
755 2911
758 3216
758 4278
758 9716
759 4109
759 5613
759 9276
760 4125
760 5712
761 2858
761 7190
762 1644
763 2029
763 3302
763 3597
764 907
764 4121
764 7102
764 9227
765 2068
765 4144
765 4304
765 4308
765 7301
766 3668
768 4730
768 5232
768 6455
769 4166
769 9003
770 1950
770 4148
771 1028
772 4335
773 5507
773 8098
773 8286
773 8327
774 6778
774 7177
774 9166
775 1721
775 3234
775 5757
775 6974
776 1515
776 5393
777 2561
777 3553
777 4622
778 5762
778 9026
779 4393
781 8321
781 9025
783 1931
783 3935
783 5568
783 7918
784 3981
784 6184
784 6589
784 6949
784 7612
785 2234
785 2576
785 4509
786 2102
786 2438
786 5082
786 9768
788 4758
788 5225
789 2369
789 7882
790 2890
791 1660
791 2400
792 6418
793 5667
793 8859
795 4553
795 4601
795 8980
796 3985
796 4878
797 2964
797 3284
798 1035
798 2300
799 1436
799 9322
800 4050
800 4390
800 7233
801 3334
801 6428
802 4864
802 8557
802 8837
805 4703
805 9453
806 2748
806 3220
807 1880
807 2181
807 9141
809 2264
809 5055
809 6899
809 9512
810 1804
812 5140
813 1531
813 3309
815 1854
815 4205
818 4823
818 4956
819 6158
819 8465
819 9659
820 9867
822 861
822 5682
822 5991
824 865
826 6803
826 7198
826 9517
827 1469
827 5852
827 6110
827 8723
828 7863
829 6529
830 3054
830 9875
831 5522
833 9714
834 2894
834 6127
835 8106
835 8742
836 8512
836 8953
837 5176
837 6054
838 3898
838 8721
839 8693
840 5824
840 6247
840 8356
841 4085
842 9242
843 7794
844 1510
844 8916
845 1114
845 7533
845 8753
846 5480
847 1302
848 4453
849 8473
850 6030
850 8618
851 4178
851 4513
851 9841
852 1410
852 7111
853 2220
853 3694
854 3087
854 7061
855 1880
855 2215
855 2771
855 2929
856 3777
856 5324
856 7066
856 8739
857 3259
858 2425
858 5706
858 6460
858 9913
859 861
859 5145
859 6178
859 8888
861 3454
862 2399
862 2494
862 5853
862 8476
863 2743
863 3500
863 7550
863 8846
863 9338
863 9489
864 2098
864 6538
865 6516
865 7876
866 4722
866 6042
866 7411
868 5710
869 3271
869 8579
870 1670
870 3842
870 8720
871 4133
872 2885
872 3754
872 4094
872 7487
872 9704
873 5799
873 7653
874 4695
875 3940
875 5378
876 3583
876 5561
877 1304
878 1243
878 4610
879 8309
880 9665
881 7493
881 8003
882 1035
882 5259
883 8338
883 9609
884 3428
884 6648
884 8827
885 4997
885 5977
887 1076
887 1218
887 3781
887 6158
888 3834
889 6496
889 8218
889 8358
890 1262
891 1487
891 5311
891 7149
893 8039
895 8502
896 8801
897 4559
897 9007
898 7251
898 7304
898 8168
899 1343
899 5708
899 7554
900 3357
900 7309
902 2326
902 3939
902 4020
902 6405
902 9173
904 8422
904 9219
905 1687
905 2573
906 1081
906 1139
907 7307
908 4456
908 5784
908 8152
909 2509
909 3130
910 2854
910 5484
911 4997
911 5419
912 4451
913 1012
913 6989
913 8343
913 9793
914 3926
914 4133
915 8367
915 9089
917 1908
917 2929
917 9321
918 2931
918 3555
919 5032
919 6398
919 9913
920 1257
921 9879
922 8291
924 3720
924 7931
925 1060
925 3510
925 6343
926 2381
926 4516
926 5985
927 1514
928 5781
929 1597
929 2500
929 2967
929 9439
930 5543
930 7667
930 7873
931 1673
931 8404
932 6653
933 9305
935 4162
936 6787
936 9908
937 2585
937 5461
937 8813
937 8915
938 8876
939 2756
939 7201
939 9177
940 3980
940 9927
941 1348
941 4871
941 7652
942 1763
942 7414
943 3328
943 6681
943 7021
944 1790
944 2506
944 6955
945 5854
945 8148
946 6208
946 6987
948 5413
948 5920
948 8715
949 6804
951 8211
952 5958
953 9703
954 4099
954 7000
956 3406
957 1456
957 3131
957 7750
958 1885
958 3652
958 5923
959 3865
960 1221
960 8288
961 2148
961 2607
961 3661
961 5743
963 5994
963 7495
964 4320
965 5290
965 9006
965 9075
966 4393
966 5736
966 9323
967 3401
967 9414
968 9117
969 4910
969 8859
970 2568
970 8340
971 2619
971 3522
971 3750
972 3744
973 2977
973 6789
974 8237
977 1413
978 5709
978 6756
979 1187
979 1940
980 2031
981 2467
981 3243
981 8923
982 3072
982 3641
982 7912
982 9626
983 5710
983 8743
984 5640
985 4594
986 5289
987 5457
988 6231
989 4808
989 6397
989 9583
990 2520
990 3200
990 8678
992 4451
992 7616
993 9245
994 3597
995 3220
995 9534
996 1426
996 6988
996 7167
996 7974
997 9727
998 6543
998 7514
998 8870
999 4474
999 7261
999 8769
1000 8453
1000 9573
1001 4828
1003 1607
1003 2353
1003 3421
1004 6107
1005 2363
1006 7579
1006 9670
1007 1507
1007 2198
1009 3288
1009 6384
1009 8006
1009 8173
1011 2099
1011 7395
1012 1335
1013 3645
1013 7947
1013 9578
1014 3761
1015 3206
1015 5333
1015 7944
1016 8116
1016 9680
1017 2883
1017 9497
1018 5492
1018 5955
1018 8976
1019 1117
1019 4803
1020 8408
1020 9720
1021 4344
1022 1137
1023 1206
1023 5935
1023 6425
1024 2407
1025 3165
1027 4172
1027 4193
1028 7240
1028 8026
1029 8511
1030 9406
1031 8731
1032 2629
1032 9085
1032 9735
1034 2744
1034 6419
1034 9456
1035 8871
1036 7033
1036 7783
1036 8373
1037 1671
1037 4325
1038 1532
1038 8368
1039 2240
1039 3797
1039 6859
1040 3765
1040 4851
1040 8611
1040 9083
1041 3388
1042 2543
1042 3833
1043 6050
1044 5110
1044 7630
1045 1969
1045 3469
1045 8073
1046 3963
1046 4671
1046 7294
1046 7862
1048 4004
1049 9094
1051 6812
1051 7738
1051 8199
1052 5183
1053 7778
1054 6616
1055 5187
1055 9152
1056 1713
1056 2816
1057 4067
1057 5027
1057 7899
1057 9477
1059 5788
1060 6210
1060 8387
1062 2768
1062 3510
1063 5417
1064 3717
1064 8633
1065 2486
1065 9888
1066 2361
1066 2731
1066 7243
1066 7308
1067 2337
1067 5098
1069 5539
1069 9426
1070 9710
1072 1798
1072 5068
1072 7682
1073 2024
1075 9808
1076 3630
1076 9251
1077 1317
1077 1936
1077 2815
1077 6121
1077 7841
1078 1202
1078 3258
1078 7631
1079 2027
1079 3013
1079 8337
1080 5826
1080 6087
1080 6905
1082 3275
1082 5281
1083 4885
1083 7036
1083 7199
1085 1775
1085 5787
1087 6116
1087 6580
1087 7711
1088 2313
1088 6229
1089 3858
1089 6222
1090 2551
1090 6691
1090 8642
1090 8909
1091 6721
1091 9424
1092 8279
1098 1836
1098 2563
1098 7571
1100 1361
1100 5032
1101 5750
1101 7125
1102 6877
1102 8670
1103 2688
1103 7109
1104 8568
1105 5277
1105 8666
1106 4784
1106 6482
1106 6915
1106 7275
1107 7540
1107 8651
1108 4017
1109 5254
1109 9118
1110 3522
1110 4822
1110 8320
1110 8438
1111 6492
1111 6664
1112 4357
1112 7561
1113 8884
1115 3183
1115 3433
1115 8988
1116 1456
1116 5068
1116 5910
1116 9899
1117 4907
1117 6244
1117 6573
1118 3153
1118 5536
1120 7792
1121 2526
1121 2766
1121 4323
1121 9394
1122 2189
1122 6541
1123 5790
1123 6343
1123 9682
1124 5408
1124 9497
1124 9514
1125 7785
1126 1957
1126 5084
1126 8813
1126 9732
1127 2176
1127 5958
1127 7141
1128 7893
1129 1421
1130 8070
1130 9747
1131 2189
1132 5947
1132 6663
1133 2640
1133 5687
1133 8126
1135 8699
1136 1149
1136 5677
1137 2660
1137 9277
1138 7197
1139 1499
1139 3519
1139 4044
1139 4658
1140 8971
1141 5971
1141 8380
1142 5105
1143 3750
1143 7022
1143 8698
1145 2260
1145 4935
1145 8281
1145 8859
1146 1579
1146 5910
1147 6374
1148 5559
1148 7765
1149 1582
1149 6145
1149 8646
1149 9746
1150 7176
1150 7968
1151 2309
1151 2578
1151 3307
1151 4236
1152 4651
1152 9009
1153 2620
1154 1785
1155 5801
1157 1267
1158 1353
1159 2386
1159 6014
1160 3180
1161 1389
1161 7791
1161 8173
1161 8475
1162 1561
1162 2136
1162 3825
1162 7628
1162 9072
1162 9902
1163 7326
1164 1547
1164 8322
1164 9737
1164 9806
1165 6857
1167 9679
1168 2603
1168 4943
1168 5378
1168 6838
1169 2455
1170 7504
1171 6578
1171 9307
1172 1259
1172 2947
1172 6826
1172 9732
1174 7852
1175 1990
1175 2594
1176 7514
1177 9306
1178 5652
1178 8180
1178 8952
1179 3343
1179 5271
1179 5884
1179 7261
1179 8485
1179 9526
1180 6732
1181 6152
1182 4638
1182 8432
1183 4949
1183 6331
1183 6349
1183 9321
1184 4282
1185 2509
1185 3186
1185 5533
1185 9003
1186 2982
1186 4553
1186 7009
1186 8435
1188 2877
1188 6364
1189 8938
1190 4623
1191 6657
1191 8867
1191 8889
1192 3485
1193 2151
1194 1577
1195 4259
1195 4630
1195 4687
1195 5874
1195 6778
1195 7816
1197 2155
1197 2768
1197 7038
1199 1608
1199 3768
1199 4578
1199 8433
1200 6479
1200 7222
1200 8904
1200 9777
1201 8378
1202 1449
1202 3777
1202 5229
1203 1898
1204 9783
1206 5929
1206 7908
1208 3893
1208 4698
1208 9740
1209 4414
1210 3929
1210 8153
1211 3698
1211 8153
1212 7758
1213 2510
1215 4345
1216 5418
1217 2175
1217 2664
1220 4610
1220 9034
1221 1554
1221 2759
1221 6608
1222 1769
1222 2366
1223 4415
1224 9855
1225 7712
1227 7764
1228 2651
1228 6126
1229 5886
1231 4951
1231 6115
1231 6527
1231 8397
1233 5331
1234 4041
1234 5417
1234 7741
1235 7657
1237 1529
1237 2846
1237 2972
1237 8844
1238 2212
1240 9043
1241 1319
1241 5735
1241 7192
1241 9785
1242 6699
1243 6658
1245 1693
1247 6289
1247 9906
1248 2582
1249 3178
1249 4572
1249 7539
1250 1260
1250 2677
1250 5821
1250 7322
1250 8218
1250 9286
1251 8755
1252 2198
1253 1541
1253 4607
1254 1942
1254 4904
1256 5554
1256 6804
1258 4596
1258 6388
1258 9361
1259 2438
1259 9270
1260 3231
1261 7505
1262 1514
1262 3053
1262 3221
1262 5341
1263 4084
1263 7683
1265 6911
1265 7568
1266 6447
1266 8655
1266 8960
1266 9185
1267 4450
1269 7591
1269 9418
1270 8618
1270 9898
1271 3489
1272 3057
1273 3170
1273 5790
1273 8309
1274 1602
1274 3168
1274 5657
1274 8285
1275 8832
1276 1781
1276 3554
1276 4028
1276 6062
1277 5996
1278 5646
1278 5843
1279 8648
1281 3207
1281 9548
1282 5756
1282 6226
1283 5580
1283 9180
1284 7054
1285 2602
1285 3545
1285 8481
1285 8488
1286 2260
1287 2418
1287 5510
1291 9239
1293 2403
1293 3963
1293 6241
1293 6470
1294 3149
1294 4668
1296 1728
1296 2991
1299 4631
1299 9950
1300 5286
1300 6074
1301 3476
1302 2634
1302 6072
1303 1994
1303 5323
1303 9542
1304 8338
1305 2278
1305 5447
1305 8332
1306 8928
1307 6835
1308 5244
1308 9492
1309 9728
1310 2182
1311 1390
1311 5372
1311 7279
1311 9733
1314 3362
1314 7190
1314 7707
1314 8857
1315 1424
1315 7960
1316 3615
1317 9112
1317 9605
1318 1553
1318 2764
1319 5893
1319 9230
1320 4478
1320 6975
1321 8293
1321 8845
1322 4549
1322 5301
1323 3902
1323 8953
1324 3415
1325 1410
1325 3619
1325 7974
1326 4205
1326 6260
1327 3163
1327 4333
1328 3926
1329 2869
1331 3267
1331 9614
1332 8780
1333 6429
1333 7734
1334 4847
1334 9340
1335 6080
1336 1494
1337 5765
1337 7063
1338 5396
1338 7898
1338 8213
1339 2509
1339 4166
1339 9458
1340 2981
1340 3897
1340 4418
1340 6952
1341 2129
1341 5837
1341 7515
1342 1612
1342 2646
1343 7013
1344 3152
1344 6197
1344 9375
1347 2856
1348 3165
1348 3540
1348 6817
1349 6255
1349 8195
1349 9199
1350 5447
1350 7780
1350 7997
1351 5958
1352 5234
1353 2184
1353 4688
1353 7490
1353 8704
1354 8965
1356 4875
1357 3714
1357 5370
1357 5435
1358 4377
1359 6278
1360 8032
1361 8895
1364 9233
1365 9157
1366 2967
1367 2522
1367 2709
1369 6015
1370 3324
1370 6528
1370 9352
1370 9503
1371 1814
1371 3622
1371 4424
1371 5991
1371 6382
1372 4854
1372 6162
1372 9908
1376 7623
1378 4630
1378 5835
1379 2094
1380 5597
1380 9098
1382 7896
1384 2382
1384 3787
1384 5056
1384 9256
1385 6350
1386 3350
1386 4367
1387 4062
1387 6564
1387 7686
1387 8737
1389 3118
1389 8138
1390 3374
1391 4241
1392 2213
1393 3699
1393 4866
1393 8400
1394 7298
1394 9465
1395 7891
1395 9767
1396 1777
1397 7759
1397 9524
1399 7631
1400 5649
1400 7286
1401 4337
1401 7132
1402 1586
1402 4156
1403 5063
1404 5520
1404 8295
1405 9437
1405 9766
1406 3585
1406 7759
1407 1773
1407 2800
1407 5254
1407 5769
1407 8479
1408 8333
1409 1902
1410 1932
1411 8033
1412 7544
1412 8384
1414 2947
1414 6064
1414 6387
1415 4364
1417 1741
1417 9532
1418 6219
1418 8260
1419 3228
1420 4248
1421 1880
1421 5235
1421 9758
1422 2874
1422 2877
1422 6479
1423 3144
1424 3199
1425 2215
1425 2332
1425 5699
1425 6703
1425 9444
1426 1920
1426 2446
1426 3419
1426 3602
1426 4250
1426 4396
1426 6384
1427 4009
1427 8249
1428 9536
1429 2595
1430 3524
1430 3751
1431 9767
1432 7042
1434 7537
1435 1475
1435 3179
1435 3639
1435 4563
1435 6240
1436 1967
1436 3584
1437 4883
1437 4947
1438 5699
1439 1733
1439 2424
1439 3848
1439 8054
1440 5342
1440 5357
1440 6225
1440 7967
1441 5758
1441 7207
1441 9938
1442 6399
1443 3974
1443 5661
1443 8048
1444 2309
1444 4445
1444 9369
1445 6216
1446 1530
1446 4757
1447 8343
1448 3441
1448 9591
1449 2591
1449 6636
1451 3741
1451 5538
1452 1628
1452 4449
1452 4857
1454 4536
1454 6440
1455 6835
1455 8474
1455 9148
1456 2468
1456 2590
1456 2607
1456 8380
1456 9248
1457 9186
1459 8679
1461 3680
1461 4692
1461 5199
1461 7730
1463 9194
1464 6791
1465 7136
1465 8357
1465 8635
1466 6563
1467 5737
1467 8293
1469 7543
1470 7782
1471 1504
1471 9038
1472 4260
1472 9208
1473 4618
1474 3127
1475 7596
1475 9732
1476 7453
1476 8580
1477 1491
1477 8499
1477 8522
1478 2334
1478 3183
1479 1855
1479 4896
1479 5640
1479 6007
1479 6218
1479 7230
1480 3036
1481 1588
1481 4267
1481 5226
1481 7245
1483 1751
1484 5055
1485 2317
1488 2034
1489 7478
1490 2134
1491 6043
1492 9390
1494 9436
1496 4490
1496 6020
1496 6667
1496 9220
1497 9706
1500 2780
1500 6418
1502 2625
1503 1762
1503 3135
1503 4351
1504 2528
1504 3615
1506 3950
1507 2498
1507 4601
1507 7148
1507 7440
1508 9378
1509 4637
1510 4970
1510 5542
1510 9452
1511 2725
1511 4519
1511 6241
1512 2901
1513 4112
1513 4838
1513 7881
1514 6090
1514 9195
1515 6018
1516 5565
1516 9015
1516 9472
1517 2154
1517 6483
1517 7303
1518 3351
1518 6523
1518 9853
1519 2704
1519 3291
1519 5744
1519 6450
1520 3302
1520 9778
1521 2122
1523 2138
1523 4261
1523 5206
1524 6375
1525 1768
1526 4931
1526 5475
1527 6570
1527 8295
1528 4269
1529 3225
1529 8293
1530 1898
1531 3057
1531 5534
1532 4081
1532 7330
1535 4452
1536 6030
1537 1982
1537 4175
1538 4689
1538 7062
1539 1976
1540 3351
1540 3993
1540 7326
1540 9658
1541 3095
1541 6831
1541 7842
1541 9139
1543 2519
1543 6535
1543 7814
1544 2067
1544 3831
1546 5558
1546 5749
1546 8903
1547 4082
1547 5313
1548 1820
1548 7449
1550 2347
1550 2540
1550 9429
1552 2267
1554 2553
1554 4299
1555 5852
1556 2917
1556 6353
1557 6939
1558 2288
1560 4614
1560 9549
1561 3626
1561 7423
1562 2688
1563 2054
1563 3308
1563 8947
1564 3736
1564 4406
1564 5002
1565 4867
1568 5868
1569 4544
1569 8343
1570 1666
1570 5069
1571 1995
1571 4389
1571 9225
1571 9578
1573 3808
1573 5778
1574 5346
1574 7864
1575 7561
1576 2733
1576 3228
1577 8790
1578 2349
1578 2599
1579 4447
1579 4940
1579 5604
1579 6235
1579 7067
1579 7461
1579 9346
1580 2008
1581 2966
1581 5103
1581 7398
1581 7418
1582 1695
1583 4182
1583 7283
1583 8841
1585 5696
1585 6828
1585 8066
1586 1644
1587 4833
1588 2720
1588 4509
1589 2585
1590 2557
1590 4417
1590 4786
1590 6823
1590 7658
1591 5992
1592 5930
1592 6176
1592 7280
1593 4125
1593 5993
1594 3146
1594 4684
1594 8310
1595 2721
1595 5517
1595 8768
1596 2718
1596 8717
1597 2565
1597 7122
1598 2357
1598 2645
1598 6323
1598 8971
1600 4581
1600 8103
1600 9723
1601 3174
1602 1841
1602 4349
1602 5729
1602 6446
1605 3490
1606 4655
1607 6636
1608 1785
1609 3071
1609 4304
1609 6993
1610 6234
1611 4338
1612 7999
1613 2007
1613 7433
1613 8558
1615 4495
1615 6842
1616 4812
1616 5128
1617 4929
1617 5303
1617 6402
1618 6383
1618 8360
1619 5581
1621 7249
1622 6111
1622 7825
1622 8727
1623 2761
1623 7465
1623 8467
1628 3482
1630 3118
1630 6536
1631 1638
1631 1755
1631 4435
1632 3887
1633 4686
1633 7299
1634 8897
1635 4222
1637 3405
1637 4511
1637 6331
1637 9238
1638 1649
1639 6833
1640 5718
1640 6335
1640 8219
1640 8520
1640 9307
1640 9368
1641 2093
1641 6567
1641 9035
1642 3212
1642 8500
1643 2566
1643 2964
1644 4566
1647 2367
1647 2884
1647 3775
1648 4258
1648 6990
1648 9277
1650 3711
1650 5391
1650 8381
1650 9178
1651 8308
1652 3798
1653 1855
1653 3968
1654 2488
1655 4742
1655 6855
1655 9369
1656 2882
1656 4663
1656 5158
1656 5346
1657 6389
1657 9295
1658 4679
1658 4717
1660 6206
1661 5640
1661 5949
1662 5456
1663 2175
1663 3560
1664 3429
1664 6111
1664 9566
1664 9919
1665 4479
1665 4799
1665 5479
1666 3152
1667 7518
1668 3526
1668 5510
1668 6122
1669 5923
1670 7275
1670 9395
1671 7962
1671 8116
1672 4838
1672 5098
1676 3302
1677 8666
1678 2346
1678 4500
1678 5616
1679 2074
1679 2093
1680 4465
1680 9174
1681 5991
1681 6109
1682 4102
1682 7568
1683 4177
1683 4349
1683 6460
1684 4886
1684 5904
1684 6651
1685 4406
1685 4576
1685 5772
1685 7898
1687 2179
1687 2708
1687 4275
1687 4504
1688 5323
1688 7338
1689 3065
1689 8955
1690 3150
1690 4998
1691 2222
1691 4162
1692 2255
1693 2984
1693 3504
1693 5473
1693 8307
1693 8687
1694 3003
1694 6781
1694 7364
1694 7531
1695 5017
1695 5135
1696 6325
1696 7765
1697 6830
1698 8001
1699 3895
1701 5744
1702 5492
1703 6431
1705 5591
1706 3527
1706 5177
1706 8192
1707 3653
1707 3812
1708 2840
1709 5508
1709 5637
1710 2187
1710 2287
1710 5810
1711 3612
1711 5546
1715 9400
1716 4692
1716 4823
1718 3064
1718 9532
1719 3275
1719 6628
1719 7194
1720 8620
1721 1938
1721 4537
1721 5956
1721 9359
1722 6675
1723 1730
1723 9251
1724 8697
1725 3095
1725 5307
1725 5519
1725 7209
1726 8417
1727 8610
1727 9740
1728 3852
1728 8879
1729 5064
1729 7432
1730 5199
1730 7502
1731 4560
1731 5042
1731 9283
1732 5449
1733 2390
1734 4974
1734 5341
1734 6706
1735 2020
1735 2159
1735 4778
1735 6433
1736 3919
1736 9708
1737 3997
1738 5557
1740 4003
1740 4076
1740 4626
1740 8605
1741 2311
1741 2988
1741 6708
1742 2245
1742 4241
1743 6660
1744 4693
1744 5853
1744 7478
1746 2190
1747 3829
1749 2561
1749 5618
1751 8688
1752 5324
1752 7090
1752 8672
1752 9713
1753 9863
1754 4669
1754 8316
1755 2375
1755 7183
1756 2630
1756 2898
1756 9634
1758 2552
1758 7035
1759 3303
1759 5500
1759 7285
1760 1905
1761 2025
1761 3245
1761 5803
1762 6797
1762 9433
1763 2276
1763 9415
1764 2742
1764 2983
1764 3154
1764 3959
1764 7850
1765 3039
1766 8329
1767 7172
1767 9908
1769 4064
1771 5800
1771 7559
1772 1791
1772 5524
1772 7776
1772 9533
1773 6216
1773 7637
1773 9443
1774 1781
1774 2691
1774 3785
1774 5273
1774 8401
1776 6641
1776 8618
1777 5055
1777 6362
1777 9495
1777 9933
1780 8222
1781 3184
1781 3203
1782 3501
1782 9267
1783 5101
1783 7910
1784 2810
1784 2911
1785 3110
1786 3805
1786 4914
1786 5041
1788 3747
1789 6400
1789 7683
1789 8803
1790 6303
1790 8509
1790 9676
1791 7476
1795 2033
1795 2203
1795 4388
1795 4400
1796 4209
1796 5500
1798 2779
1799 3419
1799 7211
1800 9244
1801 8599
1802 7948
1804 5092
1805 2111
1805 3359
1806 7848
1806 9410
1807 3081
1807 9298
1808 2924
1808 5757
1808 6925
1808 7764
1809 3152
1809 9414
1810 5750
1810 7759
1811 1859
1811 4844
1812 5632
1812 8565
1813 5936
1815 3269
1815 6478
1815 8300
1816 4851
1817 2199
1817 7692
1819 4226
1822 3564
1824 6254
1824 9673
1825 5907
1825 6110
1825 6144
1825 6409
1827 5239
1827 9912
1828 8515
1829 8984
1830 2478
1831 2850
1831 6350
1831 8781
1832 2101
1832 2674
1832 6017
1832 8679
1832 8689
1833 6815
1834 4287
1834 8164
1835 2761
1835 9422
1836 1957
1836 4601
1836 5465
1836 5897
1836 8055
1837 3155
1837 5077
1837 7148
1837 9766
1838 4946
1838 5466
1839 6146
1840 2578
1840 4008
1842 2715
1843 4912
1843 6390
1843 6674
1843 6808
1844 8285
1845 2562
1845 8478
1846 6010
1846 7037
1846 8383
1847 4870
1847 5850
1847 6448
1848 4206
1848 7266
1849 2609
1849 7213
1849 8075
1849 9677
1850 5989
1851 6643
1851 9078
1852 7582
1853 5356
1853 6553
1853 6969
1853 7449
1854 2484
1854 5225
1854 6001
1855 3162
1855 7111
1855 8141
1856 3761
1856 7942
1858 5634
1858 6507
1861 3433
1861 3827
1861 6720
1862 2801
1862 2818
1862 5621
1863 1906
1863 2695
1863 3668
1863 5622
1863 8283
1864 5896
1864 9797
1865 2884
1865 9749
1866 3448
1866 7021
1866 8433
1867 3445
1867 5988
1868 3243
1869 4396
1871 4940
1872 8457
1873 5430
1873 6857
1874 3974
1874 8183
1875 3059
1875 4746
1876 8969
1876 9797
1877 2418
1877 3106
1880 3130
1880 7693
1881 9587
1881 9807
1883 3245
1883 8258
1883 8541
1884 2133
1884 7138
1884 7778
1886 9191
1887 4786
1887 5062
1888 2235
1888 7844
1888 8671
1888 9009
1889 3820
1889 7502
1889 9252
1890 5463
1892 5892
1892 6079
1893 4638
1894 2538
1894 6995
1894 7162
1894 7264
1895 3363
1895 5981
1899 2468
1900 2129
1900 8714
1900 8926
1901 8648
1902 2444
1902 3843
1902 5946
1903 3493
1903 4923
1903 6199
1903 7768
1904 2789
1904 4030
1906 6458
1906 8445
1907 4026
1907 4100
1907 9670
1908 2718
1908 4157
1908 7593
1908 9411
1909 6336
1912 2992
1912 3330
1912 5084
1912 7257
1913 2241
1913 8377
1914 6495
1915 3543
1915 3659
1915 3905
1915 7352
1915 9894
1916 3937
1916 6023
1917 3204
1917 9445
1918 5243
1918 8771
1919 6682
1920 8499
1921 5067
1921 8775
1922 2818
1922 3917
1923 2011
1924 5814
1924 9549
1925 8642
1926 8834
1927 7031
1928 3032
1928 5830
1928 7383
1929 4767
1929 7982
1930 9468
1932 2710
1932 5682
1932 9068
1934 8717
1935 3012
1935 3321
1935 5204
1935 9618
1937 3964
1938 4214
1939 5431
1940 2274
1940 6724
1941 2622
1942 4526
1943 5979
1944 2399
1945 4774
1945 6023
1945 8305
1946 4500
1947 9270
1948 5034
1948 5633
1948 6428
1949 9668
1950 4290
1951 9325
1952 3979
1952 4825
1952 5462
1953 2448
1954 6447
1954 8011
1955 4753
1955 9684
1956 5781
1956 6576
1957 4075
1957 7769
1958 5262
1960 3746
1960 6151
1961 7428
1962 8102
1963 7863
1964 4255
1964 9055
1965 4674
1966 2004
1967 2903
1967 4390
1967 4789
1967 5499
1967 6020
1969 8860
1971 3315
1971 3827
1974 2784
1974 3356
1974 4680
1974 5350
1974 6337
1976 8453
1977 4807
1977 9452
1978 4081
1978 4779
1979 3650
1979 7127
1979 7363
1979 9554
1980 3293
1980 5706
1982 2384
1983 6917
1985 5645
1987 8805
1987 9237
1988 2874
1988 4133
1988 5391
1988 7474
1989 2465
1989 3229
1989 3505
1989 4352
1989 7312
1989 8932
1990 4056
1991 6577
1992 4259
1992 9830
1993 2386
1994 3068
1994 4079
1994 4489
1994 8598
1995 8884
1996 3622
1997 5309
1998 8914
1998 9607
1999 2339
2000 8830
2002 2389
2002 2581
2002 4425
2003 4092
2003 4881
2003 6086
2003 8340
2004 4196
2004 8497
2005 4738
2006 9151
2007 4074
2007 6912
2008 3923
2009 2059
2009 2300
2009 3974
2009 5382
2011 9561
2012 8291
2013 4170
2016 3076
2016 3116
2016 4897
2016 7115
2016 8164
2017 5086
2017 6945
2018 3228
2019 5610
2019 7459
2020 2050
2022 5391
2024 3610
2024 8698
2025 9619
2026 7486
2026 7854
2027 3591
2027 4721
2028 3532
2028 4557
2028 6477
2028 9237
2029 2818
2029 4338
2029 9921
2030 4259
2030 6661
2030 9001
2031 3677
2031 3876
2031 7345
2031 8662
2032 3666
2032 5874
2032 7006
2032 8168
2033 3498
2033 3796
2033 6907
2033 8243
2033 9568
2034 2592
2034 7174
2034 8959
2035 2071
2035 3291
2037 7802
2038 5335
2039 5374
2039 8464
2039 9834
2040 5629
2040 5732
2040 6466
2041 3075
2041 4712
2041 5439
2041 5999
2041 7126
2042 6192
2042 7126
2043 6723
2043 8115
2043 9043
2046 5109
2046 5542
2048 2143
2048 5954
2049 6170
2050 5942
2051 6390
2051 6881
2051 9772
2052 6782
2054 2660
2054 9072
2054 9481
2055 3711
2055 7213
2056 5834
2058 5067
2058 9693
2059 6004
2060 3245
2060 9410
2061 4258
2061 4962
2061 8326
2063 3808
2064 5758
2064 7453
2065 3047
2068 9115
2069 3825
2070 2698
2070 7040
2071 3005
2071 4749
2072 4148
2072 6887
2072 8754
2074 4157
2074 7444
2074 8469
2075 2310
2075 5318
2075 5910
2075 7682
2076 3881
2076 5255
2077 2307
2077 2487
2077 6237
2078 4302
2079 6189
2079 6326
2081 4119
2081 8880
2081 9751
2082 4753
2083 4311
2083 4473
2083 4676
2083 5632
2084 6098
2084 9436
2086 3472
2088 6105
2088 6724
2088 7079
2089 3402
2089 4050
2089 8450
2092 8617
2092 8735
2092 8999
2093 3244
2093 3703
2093 4774
2093 5706
2094 9486
2095 9886
2096 3569
2096 3920
2096 8721
2097 3248
2097 5127
2098 9455
2098 9897
2100 8253
2101 3147
2101 3844
2101 4083
2101 7317
2101 7814
2102 3603
2102 8784
2102 9746
2103 6901
2105 3390
2105 3682
2107 8270
2108 9687
2109 3727
2110 6675
2111 8233
2111 9221
2112 5668
2112 5861
2112 9507
2113 7970
2114 7348
2114 9632
2117 2154
2117 9757
2118 8693
2119 8663
2120 6539
2122 5706
2122 6347
2122 7865
2123 4456
2123 7456
2125 4361
2126 3706
2126 5231
2126 9322
2129 3342
2129 4523
2129 7737
2130 5740
2130 6262
2132 5912
2134 3916
2134 9456
2135 2868
2135 7676
2137 2537
2137 4880
2137 9712
2138 3330
2138 9369
2139 9870
2140 4185
2140 5974
2142 2703
2143 3968
2143 4469
2143 6170
2143 8221
2143 9284
2143 9893
2144 2517
2144 3507
2144 6452
2144 6968
2144 8539
2145 4679
2145 6626
2147 6807
2148 4970
2149 4786
2149 7136
2150 4718
2150 8020
2151 3090
2151 8765
2152 6292
2154 8826
2154 8981
2155 5251
2157 3736
2158 2958
2159 6217
2161 7823
2161 9245
2162 3470
2164 4935
2164 6644
2164 8322
2165 2435
2165 3262
2165 9542
2166 4187
2166 6085
2166 7397
2166 8847
2167 2218
2167 3225
2167 4081
2167 7653
2168 7901
2169 4082
2169 4190
2170 4272
2170 7911
2171 3845
2172 5039
2172 7501
2173 2358
2174 3716
2174 4363
2174 7149
2175 5505
2175 7789
2175 8112
2175 8992
2175 9852
2176 5556
2176 6755
2177 8347
2178 7882
2178 9424
2179 2757
2179 4033
2179 5802
2180 5552
2182 4103
2184 3663
2185 3584
2185 9613
2186 5269
2186 8091
2186 8965
2186 9662
2187 6530
2187 7043
2188 3987
2188 7783
2190 7482
2190 7566
2193 6336
2193 7833
2194 7775
2194 9713
2196 4507
2196 6913
2197 9736
2199 5348
2199 7225
2200 4923
2200 9312
2201 2663
2201 5137
2201 6613
2202 3392
2202 7201
2204 2434
2205 6653
2206 5291
2206 5592
2206 6765
2206 8618
2206 8631
2206 9191
2207 2355
2207 4445
2209 6383
2209 9022
2209 9064
2211 7686
2212 2546
2213 5564
2213 6853
2214 3928
2214 6235
2215 4835
2215 5138
2216 4554
2217 4061
2218 8403
2219 7389
2222 2514
2222 3501
2222 6703
2222 7313
2223 8235
2224 4532
2224 6891
2225 3126
2225 9533
2227 2356
2227 5224
2228 4303
2228 8612
2228 9629
2229 5900
2229 6325
2230 4705
2230 5238
2230 9269
2231 4763
2231 5323
2234 3679
2234 6836
2235 8500
2235 9504
2235 9884
2237 7922
2238 4839
2238 9543
2240 5972
2241 9466
2242 2959
2242 7732
2243 5925
2243 8487
2243 9361
2244 2260
2244 3935
2244 9594
2245 2353
2245 5094
2245 5787
2246 7838
2247 5758
2249 2796
2249 9811
2250 5097
2250 8873
2251 6538
2251 6697
2252 9549
2253 3434
2254 3471
2254 7635
2255 2444
2255 4588
2255 5082
2255 8508
2256 6484
2256 8051
2257 9172
2259 7884
2260 9142
2261 7196
2262 7378
2263 6888
2264 2733
2264 3105
2264 8277
2264 8556
2264 9481
2265 6469
2267 5594
2268 8684
2269 7560
2270 4549
2270 6766
2271 2335
2271 3748
2271 7188
2273 9062
2274 4409
2274 5244
2275 5832
2275 6023
2275 9141
2276 5407
2276 7090
2276 8579
2278 2638
2278 3394
2279 3062
2279 6764
2279 7895
2279 8385
2281 4496
2283 4503
2283 4543
2283 8848
2284 7442
2285 3768
2285 8570
2287 4581
2287 7928
2287 8697
2287 9136
2288 2332
2288 5130
2289 5889
2290 2826
2290 6946
2290 8883
2292 8396
2292 9008
2293 5347
2294 3757
2294 5657
2294 6610
2294 6763
2294 9514
2295 7761
2295 8416
2296 4684
2298 4133
2298 6568
2300 7031
2300 9910
2301 6496
2301 6530
2302 3641
2302 7113
2302 8389
2303 7683
2304 4565
2305 7059
2307 3769
2307 7445
2308 4839
2308 7366
2308 7646
2308 9570
2309 4880
2309 8810
2309 9279
2310 5550
2310 6985
2310 7099
2311 6112
2311 7257
2311 9435
2312 4189
2312 7263
2313 5272
2314 5123
2314 5763
2315 9179
2315 9918
2316 4695
2316 7598
2317 3042
2317 8417
2317 8979
2318 6698
2318 7981
2319 2523
2319 3507
2321 3998
2321 9277
2323 2414
2323 2672
2323 9792
2325 5467
2325 9112
2325 9368
2326 4154
2327 7539
2327 8729
2327 9174
2329 5361
2329 6334
2329 6807
2329 7629
2331 7946
2332 2721
2332 4149
2332 6572
2333 2967
2333 5610
2333 9309
2334 7884
2335 3934
2335 6815
2335 7203
2336 5944
2336 6672
2337 6508
2338 6952
2339 9690
2340 8533
2341 5765
2341 6789
2341 8938
2342 4833
2342 7266
2343 7585
2344 4252
2346 4194
2346 5677
2346 8830
2346 9325
2347 6874
2348 4681
2349 2884
2350 4938
2351 9288
2352 6533
2353 6456
2354 3284
2355 6177
2356 2732
2357 3573
2358 6039
2359 3123
2359 5201
2359 5487
2359 7311
2359 7314
2360 4218
2361 3275
2362 4675
2363 3271
2363 6472
2363 7112
2365 4947
2365 5512
2366 7635
2367 5650
2368 3448
2368 6557
2368 7029
2369 4353
2371 2375
2371 2404
2371 4244
2371 7837
2372 2471
2372 8198
2372 8837
2373 6687
2374 3421
2374 4073
2374 5403
2375 3141
2375 7201
2376 7662
2377 4567
2377 9329
2378 3234
2378 4957
2378 4998
2378 5823
2380 9375
2381 3261
2381 4714
2381 6037
2381 9510
2382 4136
2383 3075
2383 5616
2384 6042
2384 7182
2386 3601
2388 2593
2389 8841
2391 3370
2391 3425
2391 6772
2391 8822
2391 9845
2392 7578
2393 4396
2393 8714
2394 5242
2394 6155
2394 7246
2394 8013
2395 2557
2395 6703
2395 7204
2396 4237
2396 5732
2397 6506
2397 7558
2397 9123
2398 6928
2398 8158
2399 2805
2399 4506
2399 5540
2401 4278
2402 7124
2403 7663
2404 6039
2404 9684
2406 3692
2406 6750
2406 9235
2407 2496
2408 4667
2409 6134
2409 8108
2411 6035
2411 7311
2412 3046
2412 3755
2412 4326
2412 7389
2412 8629
2413 6514
2413 8015
2414 4024
2415 3986
2416 3458
2418 3025
2418 3194
2418 9409
2419 8344
2420 8565
2422 4343
2422 4998
2423 2698
2423 8186
2424 3946
2425 2530
2425 5311
2426 7654
2426 7906
2426 9803
2428 4789
2428 6857
2430 2535
2430 5442
2430 9918
2431 4094
2431 4830
2431 5027
2431 7220
2432 3551
2432 3909
2432 7748
2433 5661
2433 5663
2433 6779
2434 4179
2434 5163
2435 5224
2435 6713
2438 2950
2438 4098
2438 8719
2438 9185
2442 5197
2443 2874
2443 5946
2443 6007
2443 6905
2443 9435
2444 4145
2445 2843
2445 3268
2448 2614
2448 3353
2448 7545
2449 5577
2449 9235
2451 6946
2452 2608
2455 3633
2455 5950
2455 6372
2455 6703
2456 3565
2458 3161
2458 6245
2458 6703
2459 6844
2460 4850
2460 5305
2460 8621
2461 2943
2462 3965
2462 8028
2463 2536
2463 3578
2464 4509
2465 3275
2466 4479
2467 6097
2467 7462
2468 4458
2468 6509
2469 5495
2469 8353
2470 8071
2470 8554
2470 9909
2472 3088
2472 7071
2472 9334
2473 3314
2473 3951
2475 4602
2475 7390
2477 3679
2477 8692
2478 6680
2478 7122
2478 9441
2479 6206
2479 9207
2480 8131
2481 4434
2481 9148
2482 2975
2482 3721
2482 9739
2483 8486
2485 3829
2485 6373
2486 7092
2488 9088
2489 3314
2489 3575
2489 4426
2489 8570
2490 4524
2492 9402
2492 9499
2493 5487
2495 7727
2497 8836
2498 4138
2498 5232
2498 7839
2499 3894
2499 6516
2499 9899
2501 8114
2502 4887
2502 4893
2504 6232
2504 8955
2505 4048
2506 8625
2508 3578
2508 9790
2509 9485
2510 9950
2511 7135
2511 7565
2512 6978
2513 8545
2514 3819
2516 2722
2516 7381
2516 8178
2516 8658
2518 2866
2518 3967
2519 2759
2519 4084
2520 3251
2522 8773
2525 5791
2525 6289
2525 8830
2526 8578
2527 7290
2528 5948
2528 9131
2529 3538
2529 8727
2530 7400
2531 6357
2532 9536
2533 9777
2534 9228
2535 7103
2536 6157
2536 8615
2536 9188
2537 4095
2537 4567
2537 4955
2537 6631
2538 3032
2539 4598
2539 6107
2539 6965
2539 7684
2540 8070
2540 8187
2540 9377
2541 2901
2541 6162
2541 9802
2542 7602
2542 7875
2542 9101
2543 3636
2545 5243
2545 7436
2546 4752
2547 3923
2547 5513
2548 2995
2548 8336
2549 9024
2550 3916
2550 6859
2550 6971
2552 3749
2552 4550
2552 6540
2552 6972
2553 5798
2554 4871
2556 8193
2557 7126
2560 3276
2560 5770
2560 6211
2561 5192
2561 9632
2562 3628
2562 7576
2563 2782
2563 4380
2563 6410
2563 9711
2565 8436
2565 8908
2565 9132
2567 4980
2568 3568
2568 8281
2569 2893
2570 3271
2570 4582
2570 4905
2570 5732
2570 7383
2570 8391
2571 8840
2572 2620
2572 2709
2572 8544
2573 8349
2573 8759
2574 2806
2575 4152
2575 4540
2575 5392
2575 6796
2576 2800
2576 4145
2576 4990
2578 2683
2578 3513
2578 5750
2579 7493
2580 4118
2580 4739
2580 7788
2583 4709
2584 7312
2585 7173
2585 7753
2585 8430
2585 8921
2587 4360
2587 8278
2589 4392
2589 5934
2590 3775
2590 4663
2590 6305
2590 9446
2591 3649
2591 7777
2592 5906
2593 8752
2593 9947
2595 7363
2596 5380
2596 7670
2596 8722
2597 2620
2597 4724
2599 2767
2600 9037
2600 9194
2601 8061
2601 8506
2601 9287
2602 6833
2602 7735
2603 9324
2604 6901
2604 8386
2604 9377
2605 6292
2606 3173
2606 3710
2607 3002
2609 4187
2609 5316
2610 5026
2610 7058
2610 7812
2610 7866
2611 7134
2612 8650
2614 2787
2615 3634
2616 4690
2616 4734
2616 5410
2616 7429
2617 6066
2617 7458
2619 2803
2619 2888
2620 5837
2621 2939
2621 6616
2622 4439
2622 8556
2622 9560
2623 7570
2626 7443
2627 2746
2629 4164
2629 7387
2629 8363
2630 7145
2630 9756
2632 8039
2632 8291
2634 2808
2634 5834
2634 8218
2635 6337
2635 8777
2637 6511
2637 6907
2637 7327
2637 7880
2639 3708
2640 5517
2641 5266
2641 9220
2642 4832
2642 7299
2643 4382
2643 5714
2645 5710
2645 5751
2645 6031
2645 6714
2647 3417
2648 7635
2650 3907
2650 7269
2650 8815
2651 2892
2651 3973
2651 4260
2655 5243
2657 5392
2657 7255
2658 5068
2659 3236
2659 6262
2659 9192
2659 9257
2660 4020
2660 7333
2660 8924
2661 6664
2661 9763
2662 8669
2664 3187
2664 7599
2664 8629
2664 9380
2665 3524
2665 6568
2666 8691
2667 5010
2667 8719
2668 2975
2668 7562
2668 7589
2670 5305
2670 7090
2670 8297
2672 7005
2673 6095
2673 6222
2674 3789
2674 6895
2675 9667
2678 8907
2680 4754
2680 6587
2680 9339
2681 5303
2681 8724
2684 9274
2685 3391
2685 3742
2685 4408
2685 4636
2685 4661
2685 9176
2686 3668
2686 3951
2688 5059
2688 6693
2688 9009
2690 7571
2691 2968
2691 3851
2691 7610
2691 8203
2692 6589
2692 8189
2694 5521
2695 2964
2695 5254
2695 6093
2696 7259
2698 4303
2698 6107
2699 8308
2699 9365
2699 9870
2700 3102
2700 4982
2701 8636
2702 4782
2702 5575
2702 6317
2702 9839
2703 4211
2703 8957
2704 3758
2704 8024
2704 8622
2704 8771
2705 4188
2705 7144
2706 2979
2706 4237
2706 5195
2706 7058
2706 7181
2707 4932
2708 8864
2709 4159
2709 6305
2709 7233
2709 9673
2711 4928
2711 7146
2712 5542
2712 5938
2712 6168
2712 6986
2712 9260
2713 4150
2715 4268
2715 7010
2715 8879
2716 8266
2717 7593
2718 3500
2720 6671
2721 4368
2721 8806
2721 9943
2722 6500
2723 5692
2723 7786
2723 8347
2723 9454
2723 9875
2725 6550
2725 9358
2726 4575
2727 9728
2728 7173
2729 4979
2729 7602
2730 3038
2730 4736
2730 6137
2731 7915
2732 3440
2733 4175
2733 7019
2733 9737
2734 4503
2734 6043
2734 8661
2735 3371
2736 6143
2737 9505
2738 4803
2739 3752
2739 8719
2740 9246
2741 4182
2741 5934
2742 4494
2742 5443
2743 7888
2744 8518
2744 9314
2745 4561
2746 2915
2748 3241
2749 3802
2749 5397
2750 6434
2750 6922
2750 7212
2750 8362
2752 5874
2752 8399
2753 6778
2754 3906
2754 9333
2756 3540
2756 7965
2757 2885
2757 3931
2758 3514
2759 6362
2761 4721
2761 8477
2761 8822
2762 5627
2763 8723
2763 9065
2764 5087
2764 9420
2765 3091
2765 7117
2765 7707
2765 7933
2765 9623
2766 7726
2767 4030
2767 8760
2768 8489
2769 4202
2769 8275
2770 7019
2770 7646
2770 9504
2771 8661
2772 5510
2774 8356
2775 2922
2776 9165
2778 5480
2778 6234
2779 5474
2779 8298
2779 8854
2781 9575
2782 4903
2782 5401
2783 7384
2784 5231
2785 5531
2787 3907
2787 3922
2787 4536
2789 4326
2789 4714
2790 7671
2791 7393
2791 7603
2791 9641
2793 6026
2793 9633
2794 4362
2794 6563
2795 3641
2795 7496
2795 7543
2795 8162
2795 8297
2795 9147
2796 4244
2797 3179
2797 3534
2798 9037
2799 3847
2803 5418
2805 7293
2807 4715
2807 6173
2808 4487
2808 7759
2809 5550
2809 8313
2810 9839
2811 4363
2811 4693
2811 9528
2813 7177
2813 9579
2814 7900
2815 7159
2815 8648
2816 7756
2817 4331
2818 7105
2819 5049
2820 9768
2821 5002
2822 6023
2822 6925
2823 4451
2823 4905
2823 5607
2823 6885
2824 4157
2824 5206
2824 5740
2825 6132
2825 7257
2825 8996
2826 5806
2828 5748
2829 8011
2829 8378
2830 9646
2830 9675
2831 6893
2832 7810
2833 3435
2833 3681
2835 4683
2836 6783
2837 3159
2837 3878
2838 8020
2840 7722
2840 9712
2841 2884
2841 3800
2842 5861
2843 4050
2845 4180
2845 8573
2846 6174
2849 4129
2850 9769
2852 7906
2853 6082
2853 8240
2855 3208
2855 8449
2855 8683
2856 6550
2856 7537
2857 6735
2857 7758
2858 4566
2858 7129
2859 6091
2859 9010
2861 6289
2862 4917
2864 8474
2865 8713
2865 8868
2866 3181
2866 3332
2867 4508
2867 5377
2867 5862
2867 6406
2868 5575
2868 5771
2869 3644
2869 3926
2874 6391
2875 8199
2876 5778
2876 6781
2877 7347
2877 8995
2878 4989
2879 5222
2880 8836
2881 6057
2881 8015
2882 7021
2884 8515
2884 8802
2885 4723
2885 8310
2887 6146
2887 6515
2888 3834
2889 3874
2889 9781
2890 9952
2891 7869
2892 7481
2892 9662
2893 9745
2894 4594
2894 7884
2895 4547
2896 5356
2896 5934
2896 7712
2897 5204
2899 2907
2899 6183
2899 9026
2901 9100
2903 3050
2903 9863
2904 8685
2905 6168
2905 6383
2906 7809
2906 8546
2906 9855
2907 3558
2907 5854
2907 8191
2907 9611
2908 3206
2908 6691
2908 7205
2908 8851
2909 5927
2909 8450
2910 3233
2911 5896
2911 9323
2913 7092
2914 3302
2914 6206
2914 7828
2915 7709
2917 5184
2917 6384
2917 7086
2918 4031
2918 4727
2918 9194
2919 4032
2919 4674
2919 6081
2919 8921
2920 2994
2920 4458
2921 4123
2921 4606
2921 8885
2923 6962
2924 3286
2924 6160
2924 6265
2925 6546
2926 6399
2926 6459
2926 8715
2927 5756
2928 2978
2928 4094
2929 4813
2929 6787
2932 5690
2932 9227
2933 8707
2934 6356
2935 4676
2938 3758
2939 6899
2939 8166
2940 3617
2940 3623
2941 3184
2941 7546
2943 3930
2943 4240
2943 6984
2944 7261
2944 7366
2945 3002
2945 4498
2945 4838
2945 7820
2945 9809
2947 8808
2948 2980
2948 4440
2948 7721
2949 5219
2949 8190
2949 8524
2949 9382
2950 8787
2950 9797
2951 3482
2952 2969
2952 3585
2952 5246
2954 8158
2954 9517
2958 3046
2958 6982
2959 3688
2959 6244
2959 9741
2961 3943
2961 9767
2965 5538
2967 5084
2967 5331
2968 8389
2970 8996
2970 9307
2972 3352
2972 7349
2973 5344
2973 6091
2973 6293
2973 7986
2974 5053
2974 6386
2975 6522
2976 7083
2977 9457
2979 4828
2979 7566
2980 4546
2980 5710
2983 5809
2985 6481
2985 6753
2985 6898
2985 9483
2986 4604
2986 7097
2987 4947
2987 5229
2990 3626
2990 4483
2990 9794
2991 5268
2991 8130
2994 6674
2994 6699
2998 5305
3004 3222
3004 4609
3004 5911
3004 7555
3005 7885
3005 8639
3006 3453
3006 6550
3007 3759
3007 6864
3008 8741
3010 7615
3011 6038
3011 7892
3012 7091
3013 5707
3015 7324
3016 3248
3017 3056
3017 6076
3017 7980
3018 7445
3020 8340
3022 3601
3023 4634
3024 7897
3025 5641
3026 5030
3027 7087
3028 9191
3028 9538
3029 5805
3030 3467
3030 7247
3032 4450
3032 6161
3032 6400
3033 6061
3033 8694
3035 6303
3036 3186
3036 4935
3036 9701
3037 5517
3038 3227
3039 3200
3039 9846
3040 6308
3041 3079
3042 8828
3043 8189
3043 9297
3043 9854
3044 3643
3044 4180
3044 4573
3045 5457
3045 8835
3045 9614
3047 4230
3047 7135
3048 4129
3048 6661
3048 6952
3048 9944
3049 5141
3050 3792
3050 6604
3051 4744
3054 3932
3054 6273
3054 6993
3055 3621
3055 5398
3055 8766
3056 7976
3057 7389
3058 5874
3058 8493
3059 4739
3060 3574
3060 7812
3061 4766
3062 9380
3063 7388
3064 8569
3064 9346
3065 9436
3067 4275
3067 9795
3068 4281
3069 4588
3069 4670
3069 5226
3070 6908
3070 9733
3071 8482
3073 6579
3073 9432
3075 3329
3075 5914
3076 6025
3077 3389
3077 9067
3082 8325
3082 9602
3083 4386
3083 5761
3083 9890
3084 4087
3084 8787
3085 5717
3085 6629
3087 3153
3087 4828
3087 6337
3087 9340
3088 3160
3088 7790
3090 4949
3091 8901
3092 4988
3092 6884
3093 6128
3093 9259
3094 8035
3095 5365
3096 5693
3097 3248
3097 4109
3097 7618
3097 8921
3098 8844
3099 4746
3100 3647
3101 4329
3102 8577
3103 5125
3104 9134
3105 5134
3106 3484
3106 4609
3108 5408
3108 6354
3108 6636
3109 6961
3111 4642
3111 9592
3112 7343
3112 8821
3113 3252
3113 7135
3114 3393
3115 3342
3115 4232
3115 9587
3115 9795
3117 9150
3117 9617
3118 4996
3118 7621
3120 4041
3120 4834
3122 5926
3122 6914
3123 7231
3123 7526
3124 5191
3124 6636
3124 9317
3125 7868
3126 3407
3126 4940
3126 5402
3127 9870
3129 3269
3129 4468
3130 6126
3131 8848
3131 9386
3134 4789
3134 9044
3135 6244
3135 7676
3136 7030
3137 5668
3137 9443
3138 5252
3139 8728
3139 9898
3140 3717
3141 4239
3141 7514
3142 9385
3143 7039
3144 4467
3144 5154
3144 7299
3144 7556
3145 9318
3146 4627
3146 5017
3147 7334
3147 8322
3147 8924
3148 6326
3148 6655
3148 9791
3149 5097
3149 9916
3150 9141
3151 9651
3153 6299
3153 9162
3154 3210
3154 4793
3155 3789
3156 4680
3157 7990
3158 3928
3160 7151
3161 9062
3162 4244
3162 8553
3163 6953
3164 7436
3165 5635
3166 8283
3168 6275
3168 9370
3169 4342
3170 8301
3171 3710
3171 9385
3173 8311
3174 3866
3174 8449
3175 9335
3176 4338
3176 4575
3177 3282
3177 5137
3178 8910
3179 6035
3179 9242
3180 8786
3180 8981
3184 4717
3184 5548
3184 7422
3185 4920
3185 5796
3185 5832
3186 7709
3187 3269
3187 5548
3188 5077
3189 9698
3190 6023
3191 4568
3192 5028
3192 9826
3193 6594
3194 3276
3194 4117
3195 7700
3196 8549
3197 5910
3197 8854
3198 3359
3198 7949
3198 9647
3199 6584
3199 7768
3201 4146
3201 7147
3202 4787
3202 8544
3203 5622
3205 8526
3206 6733
3206 6932
3206 7486
3206 7610
3207 3907
3207 6298
3207 8274
3208 4196
3208 4425
3210 7422
3210 7645
3210 9054
3211 7363
3211 7463
3212 4206
3212 4305
3213 3807
3214 4067
3216 5229
3216 9779
3217 5524
3219 5445
3219 5533
3219 5536
3219 6786
3220 7989
3221 4180
3222 6363
3223 6320
3224 8406
3226 7114
3226 7512
3227 4302
3228 3230
3229 7272
3229 8255
3230 8464
3230 8815
3231 4568
3232 9016
3233 7502
3233 7717
3233 8769
3234 4921
3234 7877
3237 7124
3239 6189
3240 3680
3240 9092
3241 5741
3242 8187
3243 4010
3245 7660
3246 4663
3247 3341
3247 7760
3248 4423
3250 3263
3250 3653
3251 7106
3252 5460
3253 3311
3253 3673
3253 5501
3253 6592
3253 8150
3254 3499
3254 8816
3254 9750
3255 5535
3257 7647
3259 4654
3259 9193
3261 7482
3262 4132
3263 4273
3263 5464
3263 8227
3264 4404
3265 9377
3266 7683
3266 8956
3267 3360
3268 6969
3268 7117
3269 4352
3270 5993
3270 7094
3270 9287
3271 3973
3273 5233
3274 5906
3274 8162
3275 9534
3277 4064
3277 7300
3278 3954
3278 8938
3278 9823
3280 3344
3280 8419
3280 9089
3281 8704
3282 5618
3282 8158
3283 6789
3284 4255
3285 5173
3286 8278
3286 9470
3287 4024
3287 7310
3287 7541
3287 8617
3287 8628
3289 4592
3289 5430
3290 6060
3290 8088
3295 5176
3297 3464
3297 7784
3298 5136
3298 7568
3299 4461
3304 3705
3304 7111
3305 5081
3306 9686
3307 3419
3307 6198
3307 8181
3310 5517
3311 7497
3311 7710
3311 7772
3312 8735
3314 6640
3314 8708
3316 5718
3317 4137
3318 4164
3320 7000
3322 4050
3322 8450
3323 7394
3325 4340
3325 8913
3326 6940
3326 8694
3327 7593
3328 6645
3328 9455
3330 5196
3331 5843
3333 7940
3334 4203
3334 4987
3335 5985
3335 8107
3336 6954
3339 9934
3340 8819
3340 9481
3341 3802
3341 8854
3342 5462
3342 6949
3342 7709
3342 8722
3344 7647
3344 8866
3345 4465
3345 5940
3346 7711
3347 3513
3348 8681
3349 8098
3349 8229
3350 3372
3350 8320
3350 9412
3351 8128
3352 3692
3352 4232
3352 9644
3353 9788
3354 7579
3356 5561
3357 4702
3357 8481
3357 9749
3361 5752
3362 5428
3363 6715
3363 7104
3363 8255
3364 5720
3365 6136
3365 9072
3366 6992
3366 8031
3367 8359
3368 3685
3368 5162
3368 8218
3369 7389
3370 7826
3370 7891
3371 3790
3371 5714
3372 7067
3373 4746
3373 4931
3373 8527
3375 3451
3375 5425
3375 8328
3376 6171
3377 8187
3378 6955
3378 7284
3379 4139
3379 7378
3381 7325
3381 9354
3382 6043
3384 5609
3384 8549
3386 5624
3386 5731
3386 7827
3387 6159
3387 6579
3388 5529
3388 6995
3388 9789
3390 6959
3391 3583
3391 9244
3393 9515
3394 7101
3395 5554
3395 6134
3395 8134
3396 6139
3396 8717
3401 3850
3402 7792
3403 5903
3404 6378
3405 7108
3406 9317
3407 7385
3407 7628
3409 8867
3410 3546
3410 9834
3411 5714
3411 6571
3412 6871
3413 4807
3413 7751
3413 9777
3414 3479
3414 5929
3414 9487
3416 6521
3417 5541
3418 3967
3419 5061
3419 7375
3420 6876
3422 7688
3424 3706
3425 4224
3425 7428
3425 9369
3428 4413
3428 9047
3428 9848
3429 3899
3430 4698
3430 6031
3430 7765
3431 8234
3432 5066
3434 6889
3434 7300
3436 4159
3436 4337
3437 4901
3438 9474
3440 8267
3443 8445
3443 9947
3444 4919
3444 5644
3444 7853
3445 9577
3447 9243
3450 9035
3452 3986
3452 5160
3452 7049
3452 9262
3454 4892
3454 7299
3454 8390
3455 9046
3456 4407
3457 6494
3459 9547
3461 7859
3461 9298
3461 9835
3462 7955
3462 8734
3463 4167
3463 7959
3463 8402
3463 9798
3464 8924
3465 4601
3465 9704
3469 4094
3471 7238
3472 6637
3472 7197
3472 8725
3473 4426
3473 4500
3474 8772
3476 4270
3477 4150
3480 3482
3480 4812
3481 4466
3482 4490
3483 7451
3483 7542
3485 4349
3485 6638
3485 7057
3485 9388
3487 5418
3487 8356
3489 5215
3490 3699
3490 9781
3494 4480
3495 8672
3496 3847
3496 6507
3496 8246
3497 8665
3498 4780
3498 9886
3501 4789
3501 6234
3503 4606
3503 9086
3505 7689
3506 5987
3507 8305
3509 4308
3509 5665
3509 8119
3510 5294
3510 5308
3511 5771
3511 6963
3511 7096
3511 7551
3513 4184
3513 6106
3513 6423
3514 7982
3515 7232
3516 6567
3518 9149
3519 7240
3520 3626
3520 5787
3520 5790
3521 9152
3522 5148
3522 6368
3523 5007
3523 7192
3523 7200
3523 7854
3524 9134
3526 6470
3527 6585
3527 7649
3527 8992
3528 3891
3528 6920
3529 8352
3530 3867
3531 9918
3532 8414
3533 4458
3533 5267
3535 8636
3536 6659
3537 7444
3537 9903
3538 5700
3539 5216
3539 6379
3539 7611
3540 5453
3542 9743
3543 5130
3543 6529
3544 3641
3544 5332
3544 6090
3544 8490
3544 9827
3545 3702
3545 4891
3545 6039
3546 5188
3546 6028
3547 9577
3548 4282
3548 7641
3548 7916
3548 9314
3549 6243
3549 7228
3550 4247
3551 6658
3551 7622
3552 8634
3554 5816
3555 5556
3555 8775
3556 4257
3556 8029
3557 5832
3558 5628
3561 4352
3561 5584
3561 8096
3561 9563
3562 9362
3563 9011
3563 9518
3563 9581
3563 9775
3565 5853
3565 7097
3567 6413
3567 9503
3567 9581
3568 9497
3568 9723
3569 5026
3570 7521
3570 8794
3570 9552
3571 4936
3571 9571
3574 6073
3574 8401
3574 8785
3575 7876
3576 5453
3576 6575
3578 9572
3579 8553
3580 6504
3580 7427
3582 4200
3582 6814
3582 7278
3583 5870
3584 4344
3584 5858
3584 7258
3584 7330
3585 6055
3585 9327
3585 9388
3586 4976
3588 3795
3589 9830
3590 8645
3591 4271
3591 7098
3592 6440
3593 4398
3593 7513
3595 3832
3595 5526
3595 7884
3597 6812
3598 7769
3599 7417
3600 5840
3601 9577
3603 5085
3603 7463
3603 7613
3605 5395
3605 8198
3606 4329
3606 4624
3606 7518
3606 9911
3607 6996
3609 7666
3609 7816
3610 9059
3612 8867
3614 3985
3616 5941
3618 6405
3619 4204
3620 4770
3622 4959
3622 6064
3623 5774
3626 5714
3626 6078
3627 3656
3627 3733
3627 7854
3628 5039
3630 4734
3630 7551
3631 6635
3631 8027
3631 8082
3634 7728
3635 7984
3636 7843
3638 4364
3639 4415
3639 6147
3640 5198
3640 6270
3641 8893
3641 9712
3642 6553
3642 7589
3644 4937
3644 5118
3645 4163
3645 4220
3645 6454
3646 3788
3646 6374
3646 6630
3646 9166
3647 7906
3647 9428
3649 4606
3649 8559
3651 5211
3651 6871
3653 4966
3654 4440
3654 7584
3655 4904
3657 6669
3657 9455
3658 5717
3658 9450
3659 7342
3661 4431
3662 8286
3662 9826
3663 4725
3663 7310
3664 5662
3664 6993
3665 3767
3666 3956
3667 6523
3669 5241
3670 9613
3671 6619
3672 6736
3672 6824
3673 5721
3673 6418
3674 3973
3675 6489
3676 4931
3677 5816
3677 8473
3677 8482
3678 7142
3678 7183
3679 9832
3681 4388
3683 4340
3683 8958
3684 7286
3685 3893
3686 5398
3686 8530
3687 5725
3687 8902
3690 8339
3692 6193
3692 9230
3693 5683
3693 7037
3693 8059
3694 6870
3694 6948
3695 6271
3695 8114
3696 4519
3696 9315
3697 5174
3697 8659
3698 8578
3700 6794
3700 7712
3700 9388
3702 5025
3702 7636
3702 8350
3703 9659
3704 5286
3705 7300
3705 7627
3705 9703
3706 4720
3706 4895
3707 3752
3707 4827
3707 7499
3708 3790
3708 5770
3708 8287
3709 7906
3710 3889
3710 5370
3710 5517
3710 7380
3711 9358
3712 8229
3713 4651
3713 6597
3713 9426
3715 4438
3715 5624
3716 4748
3716 5676
3717 6990
3718 5567
3719 3956
3719 8115
3721 5743
3722 5611
3722 5788
3722 6953
3723 9691
3724 6312
3725 3912
3726 7183
3726 8577
3727 6638
3727 7606
3729 7311
3730 5125
3730 6178
3730 8455
3731 3736
3731 8485
3732 8356
3733 6017
3733 6849
3735 3971
3735 5825
3735 7641
3737 4420
3737 7709
3737 9164
3740 7677
3740 9638
3741 8738
3744 6305
3744 8332
3745 5154
3745 6946
3746 5635
3747 7645
3748 5728
3749 9129
3750 4777
3750 5287
3750 6923
3751 4829
3751 9240
3752 7089
3754 9825
3757 6572
3757 9655
3758 8374
3759 4482
3759 6680
3759 9780
3762 5183
3762 6630
3763 4166
3763 6104
3763 6741
3763 9872
3764 9128
3765 9181
3765 9844
3766 7947
3767 9305
3769 3886
3769 8082
3769 9136
3770 5409
3770 7725
3772 5169
3772 6315
3772 8421
3776 4113
3776 9006
3777 5627
3779 5712
3779 7846
3782 8977
3783 3961
3783 4129
3783 4540
3783 5259
3783 7806
3783 8316
3783 8413
3784 8511
3785 5924
3786 7556
3786 8397
3787 6601
3788 5048
3788 8127
3793 9403
3794 8113
3796 4159
3796 8368
3798 5717
3799 3843
3799 5297
3799 7520
3799 8157
3800 5406
3801 5889
3801 6529
3802 9502
3803 3811
3804 9157
3805 3832
3805 3928
3805 5402
3805 8277
3805 9081
3806 7581
3806 9754
3807 6274
3808 5074
3809 5087
3810 7268
3810 8475
3811 4871
3811 5822
3811 6721
3811 8318
3813 4501
3814 5367
3814 6080
3814 6339
3815 4397
3816 4500
3818 8491
3818 9209
3819 8146
3821 6658
3821 9149
3822 8371
3822 9636
3822 9895
3824 4307
3825 6736
3826 8752
3827 3966
3830 8152
3831 4525
3832 7303
3833 6354
3834 6052
3834 8555
3835 9874
3837 4841
3837 6033
3837 6543
3838 8315
3841 4180
3841 6498
3843 8394
3843 9340
3849 8025
3849 8281
3849 9583
3850 5721
3851 8051
3853 7503
3856 5937
3857 6105
3857 9222
3858 4414
3858 7795
3860 5927
3860 9067
3861 4500
3861 8379
3861 9178
3863 4045
3863 9103
3864 8584
3866 7625
3868 9170
3870 4495
3870 9421
3871 8815
3871 9530
3872 6443
3873 8602
3873 9407
3874 9119
3875 7014
3875 7272
3876 4925
3879 4582
3880 5678
3882 5998
3883 5785
3883 8989
3884 5574
3884 5875
3884 6299
3884 8705
3885 8386
3886 7336
3886 8178
3886 8187
3887 5772
3888 5936
3889 3995
3889 8995
3890 3899
3890 5098
3892 4707
3892 6115
3892 7768
3893 5539
3893 8276
3894 5730
3894 7324
3895 4032
3897 8788
3898 9558
3899 5366
3900 6061
3901 4031
3901 5654
3901 6017
3903 6070
3906 5357
3906 8893
3907 8855
3909 5238
3909 5320
3909 8547
3912 5908
3913 8460
3913 9507
3914 6995
3916 9351
3917 4570
3917 4987
3917 7908
3918 8325
3919 5152
3920 5138
3920 6509
3921 6382
3921 8522
3923 4466
3923 9383
3923 9417
3924 4013
3924 6788
3924 7361
3925 8197
3927 9270
3928 9807
3929 4699
3929 7009
3929 7151
3930 6417
3930 8466
3931 5784
3932 9854
3934 3963
3934 6822
3935 7236
3935 7725
3935 8093
3937 5342
3937 8745
3937 9665
3939 5836
3939 6276
3940 9524
3941 5938
3941 8598
3942 6478
3943 4049
3943 7159
3943 9021
3944 4699
3946 6310
3947 6318
3948 8600
3949 4022
3949 4502
3950 3983
3951 6336
3956 5778
3958 6343
3958 9840
3959 5688
3960 5639
3960 6314
3961 5758
3963 5577
3963 6364
3963 8646
3963 8808
3964 4545
3967 8691
3967 9057
3968 6364
3968 8246
3969 7085
3970 4563
3970 6296
3971 5609
3974 5590
3974 6474
3975 4006
3977 5354
3979 6993
3981 9184
3982 5113
3982 8817
3983 5494
3983 6206
3985 9029
3987 6876
3990 8106
3990 8982
3992 6478
3992 8656
3995 4068
3995 5316
3995 6602
3995 7970
3996 6492
3996 7957
3996 9775
3997 5600
3998 6920
3998 8601
4000 4624
4001 9122
4002 5577
4003 5162
4003 7306
4005 4895
4005 6859
4005 7243
4006 8252
4007 6565
4007 7674
4008 6116
4008 6441
4008 6870
4008 7477
4008 7816
4008 9802
4009 6180
4010 7526
4010 9536
4011 5181
4013 4224
4013 5462
4014 5162
4014 6197
4015 6685
4016 7895
4017 5126
4017 7050
4017 8289
4019 4087
4019 7770
4021 4267
4021 6363
4021 8301
4023 8421
4025 9647
4027 8898
4027 8983
4027 9907
4028 4810
4028 5607
4029 7823
4031 7105
4031 7334
4032 6407
4032 7749
4032 9212
4032 9321
4033 4240
4033 5081
4033 5626
4033 9831
4034 4045
4034 5275
4035 5538
4036 8702
4036 9855
4039 6709
4040 5160
4040 6005
4040 6782
4041 9282
4045 4215
4047 9416
4048 8864
4049 7112
4050 5145
4050 6593
4050 9815
4051 8565
4052 4358
4053 6212
4053 6660
4053 9502
4054 8465
4055 4542
4055 6643
4056 8015
4057 9048
4058 4917
4058 6342
4058 9827
4059 5180
4061 6706
4062 6893
4063 5972
4063 8715
4065 6295
4065 8265
4066 6691
4066 6806
4066 9076
4069 6292
4069 7585
4069 9489
4070 4813
4071 4233
4072 6397
4073 6891
4076 7231
4077 6124
4078 4901
4078 9641
4082 7674
4083 4422
4083 7642
4084 8627
4085 4200
4085 9025
4086 5066
4086 6395
4087 5014
4087 6502
4090 5538
4091 4389
4091 8195
4092 5877
4092 7981
4092 9348
4094 4596
4094 7724
4094 8930
4095 8935
4096 4708
4096 5748
4096 5796
4097 6321
4098 4844
4099 4905
4099 9930
4100 7233
4101 5400
4101 8736
4102 4957
4103 4752
4104 7034
4105 7729
4106 6261
4108 4266
4109 8576
4112 5884
4113 7846
4114 6002
4115 5912
4115 9148
4115 9191
4116 8730
4116 9442
4119 8098
4119 9175
4120 6957
4120 7575
4120 8341
4121 4683
4121 4738
4121 5147
4121 7513
4123 5369
4123 8815
4124 6742
4124 8596
4125 4596
4125 6827
4125 8734
4126 4136
4126 4762
4129 7300
4131 4677
4131 9166
4131 9500
4132 8445
4132 8908
4133 7311
4135 5561
4135 7878
4135 7903
4135 8776
4136 5019
4137 9581
4138 6869
4139 4513
4142 7184
4143 8333
4144 5331
4146 4280
4146 5299
4146 6234
4147 6169
4148 9233
4149 6603
4149 8342
4151 8563
4153 4424
4153 5389
4153 5437
4153 5896
4156 5733
4157 7649
4159 9940
4160 5598
4160 6394
4161 5563
4161 6838
4161 8111
4161 8155
4162 5181
4162 9712
4163 8538
4164 5443
4164 9463
4165 7753
4165 8773
4166 8459
4167 9289
4168 4978
4168 6264
4169 4792
4169 5376
4170 4369
4170 5057
4171 6097
4171 9633
4174 7471
4175 6272
4177 4498
4178 6089
4179 8726
4180 7092
4181 7068
4183 8918
4183 9368
4186 4868
4186 8508
4188 9218
4189 9770
4190 6684
4190 8739
4192 9385
4195 5907
4195 6316
4195 8370
4196 5825
4196 7339
4196 9603
4197 5195
4198 8586
4200 5627
4200 8024
4200 8096
4202 6164
4202 9739
4203 4892
4204 6665
4205 6034
4206 6708
4206 7167
4207 6195
4212 5394
4213 9053
4216 9117
4216 9462
4220 6102
4225 7118
4225 8836
4226 6554
4226 7078
4228 4572
4228 7374
4229 8360
4230 4677
4230 5424
4232 8278
4234 6784
4236 5717
4236 6353
4236 9491
4237 8639
4238 4983
4238 6516
4238 9098
4239 5407
4240 7550
4240 9198
4242 5489
4244 8371
4245 5511
4248 5180
4248 7507
4249 8522
4250 7078
4250 7139
4253 9573
4255 6844
4255 9000
4255 9334
4258 7318
4259 5495
4259 6337
4259 7507
4259 7942
4261 5401
4261 9257
4262 8022
4262 8037
4263 7129
4264 8169
4265 4451
4265 7639
4266 5240
4266 6206
4266 6824
4266 7043
4266 8115
4268 5102
4269 9698
4272 4672
4272 5831
4272 8506
4275 6855
4276 6924
4276 9724
4277 8679
4277 8865
4278 9790
4279 5476
4281 7868
4281 8557
4282 9870
4283 6213
4283 6410
4285 6778
4285 7086
4285 7094
4288 7413
4289 9613
4290 4807
4290 6393
4293 4675
4294 4349
4294 4772
4295 8978
4296 5686
4298 8091
4299 5514
4300 5634
4300 9066
4301 5491
4305 9078
4306 7628
4309 4467
4309 9424
4310 8231
4312 6800
4313 4921
4317 7858
4319 4604
4320 9014
4321 4881
4321 8310
4321 9733
4322 7121
4323 8180
4323 9230
4326 8117
4327 6130
4328 6383
4328 8495
4328 9331
4329 7725
4329 9577
4330 7254
4331 7268
4333 6411
4333 6641
4333 8960
4334 4954
4335 5499
4335 7304
4336 6979
4336 9814
4337 6470
4337 8834
4338 6689
4339 4501
4339 7128
4339 8286
4340 6014
4340 7232
4341 7235
4343 5821
4343 6293
4343 7163
4346 8734
4348 5766
4348 5916
4348 5964
4349 7590
4349 8496
4350 4473
4351 4357
4351 6631
4353 6196
4354 4467
4354 5267
4357 5436
4357 9640
4358 4845
4359 6985
4360 4760
4360 5638
4360 6510
4360 7104
4360 9273
4361 5552
4364 6239
4364 7254
4364 7467
4365 8689
4366 4512
4368 5107
4368 8147
4369 5328
4369 6328
4369 7322
4371 6275
4371 8606
4371 8845
4371 9002
4372 5302
4372 7319
4372 8037
4372 8092
4373 4860
4373 5433
4373 5526
4373 6740
4373 8089
4374 7784
4375 9794
4376 6729
4377 7772
4378 5521
4378 6925
4378 7416
4378 7696
4379 6209
4379 7714
4379 7942
4381 5112
4382 5104
4382 7021
4383 5291
4383 6977
4384 6088
4385 7203
4385 9381
4386 7804
4387 5695
4387 6020
4388 5206
4390 6373
4391 8600
4393 8045
4393 9134
4394 5521
4394 6765
4396 5661
4396 5780
4396 6110
4398 5498
4398 8922
4399 4898
4399 7646
4399 8465
4399 9862
4402 9457
4403 6383
4404 4982
4404 5205
4404 6740
4404 8035
4405 7197
4406 6742
4406 8088
4409 6733
4410 8483
4410 9577
4412 8282
4414 6778
4415 7856
4415 8431
4416 5047
4418 7002
4419 7204
4419 9754
4419 9866
4420 5425
4420 8335
4420 9686
4421 4795
4422 8332
4422 8431
4423 5258
4425 5237
4425 7861
4426 8721
4427 5298
4427 7808
4428 5931
4428 8642
4429 5252
4430 7887
4430 9743
4431 7490
4432 5218
4433 8615
4433 9147
4434 5162
4434 6116
4435 7557
4435 8308
4438 6730
4438 6814
4439 6904
4440 8932
4441 5262
4442 8102
4443 7138
4445 8108
4445 8156
4445 8887
4446 4477
4446 6834
4446 7636
4446 9022
4448 4767
4448 6297
4448 7527
4448 8597
4450 5040
4452 5876
4453 9881
4455 6201
4457 7257
4459 9831
4460 5425
4460 9200
4461 6236
4462 9113
4463 6763
4464 6330
4464 8869
4464 9040
4465 5238
4467 7100
4468 7190
4468 8803
4469 7313
4470 5436
4471 5247
4472 5939
4473 6748
4473 8582
4475 5595
4475 5926
4476 7570
4477 6614
4479 7284
4480 5754
4480 8318
4481 4727
4481 9152
4482 5567
4483 7230
4483 7359
4484 5530
4485 6444
4487 7444
4488 4574
4488 5288
4488 6576
4488 7311
4489 6538
4489 8648
4493 6026
4493 7491
4494 4617
4495 7932
4496 6307
4498 4653
4498 9566
4500 8509
4501 9200
4501 9380
4503 9889
4504 8010
4505 8882
4507 8145
4507 8773
4508 8428
4508 9317
4509 5851
4511 4555
4511 7760
4511 8418
4512 8441
4513 5715
4514 6786
4516 4745
4516 5668
4516 7983
4516 9909
4517 9894
4520 5203
4520 6811
4520 9452
4522 9568
4523 7995
4523 9485
4525 6126
4525 6463
4525 6743
4525 8846
4528 6718
4529 7180
4531 5048
4533 8191
4535 8920
4537 8359
4537 8702
4538 6282
4538 8215
4539 6589
4540 5788
4540 9019
4541 6955
4541 7209
4541 7913
4541 9732
4541 9781
4542 5963
4543 9856
4544 6118
4545 8526
4547 6293
4547 6537
4547 7777
4548 4970
4548 5067
4548 6739
4548 6887
4549 5397
4549 6949
4549 7884
4549 8303
4551 4633
4552 8145
4554 9952
4555 7951
4555 8576
4556 5354
4556 6742
4556 7837
4558 8160
4559 7623
4561 8902
4562 7319
4562 8730
4563 8360
4564 5334
4564 5926
4566 5476
4567 7856
4567 9165
4568 7525
4572 5304
4572 8912
4572 9856
4573 8330
4573 8715
4574 5514
4575 4679
4575 8144
4576 5296
4576 8208
4577 6629
4579 8343
4581 4841
4581 5571
4582 5553
4582 5680
4582 8693
4584 6352
4585 6408
4585 9420
4586 9894
4589 7385
4591 6419
4591 9420
4592 7203
4592 7563
4592 9542
4594 7727
4596 5650
4596 8775
4599 5742
4599 9099
4601 8695
4602 5175
4602 7774
4602 8896
4604 6615
4605 4732
4607 9259
4611 5001
4612 5080
4612 6248
4613 7173
4614 7679
4615 7068
4615 8978
4615 9521
4617 6831
4617 6914
4617 9887
4618 7659
4620 5869
4621 6548
4624 9047
4625 8907
4627 9811
4628 4796
4630 7016
4630 9610
4632 5101
4632 5411
4636 5620
4636 8717
4636 9007
4640 6559
4641 6252
4644 8405
4647 6805
4649 7260
4649 7676
4649 7838
4654 5390
4654 7052
4655 7579
4656 5748
4656 7202
4656 9945
4657 8972
4657 9826
4658 8533
4658 9088
4659 7006
4661 5820
4663 5173
4664 9067
4665 8710
4666 4685
4668 7431
4669 5373
4670 5349
4670 6025
4670 6369
4670 8112
4672 7402
4673 9927
4674 5187
4674 9930
4675 4777
4675 6886
4676 6431
4676 7766
4676 9005
4678 7385
4678 8585
4678 9253
4680 8136
4680 9178
4681 5269
4681 6072
4681 8005
4683 9108
4685 7435
4685 7643
4686 5677
4687 7474
4688 7057
4689 8928
4690 9633
4691 8932
4692 6885
4692 9387
4693 5368
4693 7293
4693 9404
4694 9305
4696 8354
4697 9854
4698 7543
4702 7252
4703 9454
4706 4951
4706 7309
4709 9077
4709 9547
4710 7569
4712 7215
4712 7238
4716 9860
4717 7541
4718 5353
4722 7578
4725 6666
4726 6294
4726 7154
4727 5517
4727 7623
4728 9293
4729 8655
4730 9615
4733 5069
4733 6889
4733 7812
4735 5609
4738 5637
4739 7072
4741 7832
4741 9697
4742 6947
4748 6148
4749 6992
4750 6043
4751 6593
4752 4906
4752 5640
4753 9668
4753 9724
4754 5246
4754 9260
4758 4872
4758 6699
4758 8758
4758 8775
4758 9311
4759 5117
4759 6624
4760 5424
4760 7212
4760 9790
4761 5537
4762 8147
4762 8455
4763 9629
4764 9416
4765 7834
4766 4971
4766 9902
4767 5173
4767 7870
4767 9502
4768 4964
4768 7401
4768 9228
4768 9398
4769 7166
4770 5327
4771 5563
4771 7167
4771 7481
4771 7730
4771 9600
4772 6352
4773 5463
4773 5607
4773 6731
4773 7416
4774 8312
4775 7400
4776 5725
4778 9467
4780 6721
4782 9574
4783 7341
4785 8004
4786 5686
4787 6557
4788 5448
4788 7931
4788 9259
4789 7492
4789 7619
4789 7844
4791 8535
4793 5055
4793 8363
4794 6298
4795 9874
4797 6685
4798 5439
4798 7186
4799 6487
4800 7944
4801 5620
4801 6016
4802 8521
4805 6155
4805 8261
4808 6535
4808 7180
4809 6509
4811 5533
4811 8048
4811 8723
4812 7487
4813 9128
4814 5432
4814 8513
4818 5197
4818 8415
4820 6693
4821 5225
4821 6680
4823 6826
4825 5202
4825 6435
4826 7522
4826 9883
4827 9553
4828 7882
4828 8007
4829 5595
4829 9903
4830 6641
4831 8037
4832 5088
4833 6012
4833 6228
4834 6242
4834 7991
4835 6107
4836 5869
4836 6807
4836 6825
4836 9177
4837 9451
4840 6489
4844 5629
4844 6430
4850 7186
4851 6464
4852 6336
4852 7575
4852 8101
4853 7047
4854 8457
4854 8967
4855 5024
4855 5873
4856 5515
4856 6765
4857 7803
4858 5859
4859 7235
4861 7310
4862 5808
4862 8393
4862 8472
4862 9526
4863 5531
4864 5025
4864 9219
4865 5396
4866 4879
4866 8391
4867 7930
4868 5394
4869 5059
4869 8876
4869 9263
4870 5542
4871 5465
4872 6586
4875 9790
4878 5805
4878 6385
4880 5359
4882 6312
4882 9021
4884 5433
4884 9842
4886 9595
4887 5246
4887 9131
4887 9352
4888 9892
4891 5520
4892 7184
4895 7775
4895 8957
4897 9545
4898 8237
4903 7429
4908 7610
4909 8119
4909 9045
4910 8130
4911 7978
4912 5596
4913 9867
4915 6567
4917 5548
4917 6840
4917 7895
4918 7772
4919 7371
4921 5712
4921 7788
4924 7703
4926 5543
4927 8537
4929 5839
4930 6688
4930 6999
4931 9128
4932 7519
4932 9951
4935 8533
4935 9015
4935 9384
4937 9832
4939 5875
4941 9468
4942 5317
4942 6354
4943 7045
4945 5669
4945 9147
4945 9299
4946 6195
4948 6067
4949 7808
4951 9852
4952 5362
4956 6780
4959 5631
4960 7584
4961 9518
4962 7004
4962 7759
4962 9191
4962 9427
4963 7567
4964 7646
4967 5655
4968 7349
4970 5993
4973 7819
4973 7994
4974 5872
4975 6597
4976 8685
4978 8927
4979 5813
4981 6648
4981 6883
4982 7889
4985 5910
4985 8954
4986 5895
4986 7364
4987 8469
4987 9315
4987 9592
4988 8331
4988 9275
4988 9611
4988 9769
4989 7931
4991 5449
4991 5661
4991 7535
4992 6795
4994 9554
4996 7291
4997 9408
4998 6138
5001 5897
5001 7054
5001 9798
5003 6696
5004 8962
5005 6494
5007 6167
5008 5773
5011 6288
5011 8402
5011 8904
5011 9298
5015 7721
5017 9615
5018 7037
5019 9055
5021 6881
5022 6563
5023 9807
5024 8288
5025 5447
5026 8206
5027 8327
5028 7982
5029 6445
5029 6483
5029 7509
5029 8080
5030 9566
5031 8315
5031 9868
5032 6908
5032 8741
5032 9911
5034 5216
5034 8043
5035 5332
5036 5650
5037 7617
5037 7851
5038 6015
5038 7969
5040 5119
5041 8834
5043 9814
5044 6675
5048 5412
5048 8983
5050 9842
5052 6766
5052 7463
5054 9029
5055 6494
5056 6663
5056 7191
5058 5869
5059 5329
5059 7681
5060 5506
5060 5879
5060 6575
5061 5205
5061 5664
5061 6545
5062 7392
5063 6174
5063 8278
5066 5665
5068 5497
5068 5943
5068 6066
5073 5927
5073 7199
5078 9324
5079 9842
5081 6647
5081 9860
5083 7511
5087 8350
5090 5604
5090 7389
5090 8276
5091 6660
5092 8922
5093 8606
5094 9721
5098 8817
5101 5360
5104 5988
5104 6871
5106 5420
5106 8125
5108 8040
5108 9090
5109 8857
5111 6402
5112 5280
5112 6896
5112 7314
5113 5332
5113 6416
5114 5590
5114 9681
5115 9192
5116 5553
5116 7006
5118 5526
5120 8348
5120 9117
5121 5374
5122 7885
5123 7467
5124 8818
5125 8558
5129 6122
5129 7442
5131 8047
5131 9464
5134 9087
5135 7464
5136 5142
5136 6896
5137 6778
5137 7653
5137 9228
5140 6266
5142 8194
5144 8556
5145 7636
5145 9376
5146 8708
5149 6247
5150 5462
5150 7800
5151 7372
5151 7746
5152 5484
5154 7383
5155 6108
5158 6107
5158 9012
5160 8134
5160 9075
5162 7124
5164 6575
5164 8344
5164 8825
5167 6470
5167 6660
5168 6254
5172 7475
5173 8357
5178 6244
5180 7481
5181 6809
5183 6028
5183 6694
5183 9472
5184 8706
5186 9313
5186 9939
5188 5285
5189 5474
5189 5690
5191 5448
5191 6088
5191 8459
5193 6754
5194 6808
5196 9691
5198 7609
5201 5284
5202 5843
5202 6635
5205 7526
5208 6978
5208 9924
5209 8669
5209 9235
5210 6711
5212 8643
5214 6095
5214 7283
5215 6815
5216 6730
5216 7049
5216 7875
5216 7925
5217 9684
5218 7479
5220 8486
5222 6718
5222 8794
5223 6742
5223 7767
5224 6659
5227 6809
5227 7301
5228 7049
5229 9345
5232 6734
5238 6259
5238 6584
5238 9154
5240 6878
5242 6110
5244 8499
5246 9897
5247 6734
5249 8725
5249 9286
5252 7974
5252 9262
5254 8729
5255 8061
5256 5515
5256 8209
5257 5785
5263 7257
5264 5649
5268 9529
5269 9602
5271 6830
5276 9209
5276 9794
5278 7852
5279 6315
5279 7311
5281 7793
5281 8337
5283 5518
5284 5857
5285 7984
5285 8610
5287 8080
5288 6154
5290 5561
5291 5887
5292 7171
5293 7127
5295 6062
5297 5708
5297 7301
5297 9846
5299 8207
5300 8901
5300 9886
5301 9021
5302 7359
5302 7809
5304 9445
5306 6203
5306 9123
5309 5435
5309 5968
5309 7648
5310 8790
5312 7780
5312 9715
5315 9699
5317 8327
5317 9733
5319 8544
5321 8751
5321 9645
5322 7961
5323 9508
5324 8756
5324 9764
5328 7169
5328 7680
5328 9205
5330 8393
5332 5684
5332 7069
5333 8637
5339 6521
5339 8180
5340 7657
5340 9257
5342 6422
5345 9572
5346 5493
5346 8229
5347 8538
5348 8212
5348 9163
5352 7321
5352 8350
5353 5569
5353 5777
5354 6694
5355 8443
5358 8011
5358 9774
5360 8340
5361 8311
5364 6734
5364 9052
5364 9228
5366 8987
5368 7282
5369 9824
5370 6600
5371 5914
5373 5996
5375 7249
5376 6447
5378 5856
5378 9929
5379 8098
5380 8526
5381 5734
5382 7181
5384 5750
5384 6768
5386 7344
5387 7311
5389 8495
5391 6236
5391 8256
5393 8614
5394 5886
5394 9219
5396 5761
5396 9156
5396 9338
5397 7646
5398 6254
5399 8766
5400 5403
5400 6765
5400 9391
5401 7338
5402 7667
5403 5518
5404 6698
5404 8434
5405 8634
5406 6134
5407 8013
5407 9387
5409 5806
5409 7799
5410 6079
5410 7583
5412 5899
5414 9692
5415 7687
5416 7161
5416 7207
5416 8079
5417 6288
5418 6531
5419 7780
5420 7091
5420 8427
5422 9862
5425 6561
5426 7510
5428 5611
5428 9392
5430 8022
5430 9235
5431 6744
5431 8039
5433 8256
5435 7357
5436 8615
5438 6518
5438 9435
5441 6420
5443 6978
5445 7007
5445 7172
5449 6747
5449 7915
5452 7561
5453 7070
5454 5645
5455 5981
5456 8839
5459 5612
5459 7878
5459 8384
5460 5562
5460 8158
5460 9382
5461 9808
5462 6604
5462 8269
5463 6428
5463 7623
5463 9003
5463 9667
5466 6819
5467 7511
5468 9390
5471 6369
5472 7371
5474 7951
5476 6201
5477 8681
5479 7860
5483 6519
5483 8143
5484 9146
5487 9708
5488 5922
5489 5780
5490 9363
5492 9230
5493 6322
5494 6630
5495 8865
5497 6188
5498 7987
5500 7703
5500 9785
5501 8848
5502 6603
5503 7395
5504 8883
5505 7438
5506 6415
5506 9312
5506 9789
5506 9850
5507 8616
5509 7219
5510 6409
5511 5643
5511 5781
5511 6685
5511 7225
5513 9051
5513 9591
5514 7591
5515 8694
5516 9658
5517 6248
5517 7221
5517 8373
5518 7263
5518 8640
5519 7321
5520 5568
5520 5871
5521 8076
5522 8541
5522 9351
5523 9842
5528 7733
5529 7158
5530 6149
5530 8055
5531 8625
5533 9199
5535 9814
5536 6572
5536 9359
5537 7874
5537 8275
5539 8355
5540 6577
5542 7939
5543 9564
5545 6496
5546 8265
5552 6186
5553 5934
5553 9057
5554 7335
5554 9509
5559 5706
5561 5571
5561 8960
5562 8286
5563 6745
5565 8555
5567 6771
5567 8921
5568 6247
5568 9637
5570 7480
5570 7532
5570 7626
5571 6173
5575 7446
5575 9077
5579 5633
5581 7837
5581 7865
5583 5923
5584 9881
5585 8025
5585 9355
5586 5645
5587 8224
5588 6635
5590 6597
5591 6495
5591 7693
5591 8666
5592 7592
5593 9733
5594 6223
5594 9046
5595 9249
5597 5967
5597 7551
5598 7314
5599 8821
5601 8259
5603 9504
5605 6360
5605 8527
5606 6799
5608 7508
5609 7133
5610 5735
5611 6937
5613 7866
5613 8058
5613 8259
5614 5968
5614 8969
5614 9456
5615 7630
5617 7679
5618 6527
5619 6496
5620 8141
5621 5789
5621 6482
5622 7296
5624 6402
5624 9915
5625 5882
5625 5929
5627 6134
5627 9807
5628 9392
5629 7072
5629 7527
5630 7437
5630 8694
5630 9614
5636 9105
5636 9686
5639 8743
5639 9294
5641 7517
5642 6053
5642 8701
5644 8190
5647 8176
5647 9254
5648 8937
5650 7152
5651 7170
5651 8540
5651 9388
5655 6401
5655 6514
5657 5953
5657 5958
5657 6396
5658 5758
5660 7708
5661 7112
5661 7556
5661 8399
5662 7763
5664 9915
5665 8762
5667 6006
5667 9247
5668 9937
5669 8705
5672 5694
5674 6229
5676 7009
5676 7801
5676 7817
5676 8925
5676 9200
5677 8259
5677 8871
5678 7160
5679 9537
5682 7377
5685 6026
5685 6786
5685 7269
5685 8360
5685 8397
5686 7698
5686 8482
5688 6161
5688 6173
5689 6359
5689 8561
5689 9829
5690 8755
5691 8035
5692 9070
5693 8201
5694 8108
5694 8412
5696 5924
5698 7159
5698 8868
5700 7108
5701 8148
5704 5843
5705 7083
5706 8832
5707 5756
5707 5893
5707 9745
5708 9214
5708 9460
5709 7499
5710 6960
5711 9623
5712 7271
5713 9679
5714 6638
5714 7519
5715 5999
5716 9472
5716 9567
5717 8425
5718 7515
5721 6264
5723 6246
5724 7294
5724 8205
5724 9495
5727 5833
5729 5802
5729 8423
5730 6154
5734 9950
5735 9633
5736 9202
5736 9664
5737 9609
5739 8409
5739 9077
5739 9637
5741 6970
5741 9017
5742 8484
5743 8083
5743 9385
5745 9430
5746 5849
5746 9589
5748 5915
5749 6186
5749 6605
5750 8732
5753 6254
5756 6738
5756 7760
5759 5860
5759 6968
5759 9030
5760 9252
5762 7956
5762 7969
5763 6954
5763 8950
5764 8931
5765 7428
5766 6055
5767 6963
5769 8762
5770 6655
5771 8942
5771 9068
5772 6670
5772 8410
5774 6913
5776 8167
5777 8967
5778 7795
5779 6872
5780 8115
5782 8407
5782 8604
5783 8097
5786 5849
5788 7101
5788 7805
5788 9730
5790 9864
5791 7383
5792 7454
5793 8532
5795 8858
5795 9087
5797 6568
5798 7492
5798 7571
5800 9184
5801 6055
5801 7811
5802 6270
5803 6146
5803 6736
5806 7393
5807 9808
5808 9283
5809 6058
5809 9026
5810 6212
5811 9941
5815 8504
5816 7784
5819 7691
5820 8030
5822 6165
5822 7683
5822 9140
5826 7990
5829 8754
5833 7901
5834 6192
5834 9482
5836 6264
5836 8931
5840 5912
5844 7421
5847 6645
5847 7231
5849 8555
5849 9036
5850 7166
5850 9801
5852 8429
5852 9382
5853 9600
5855 6068
5860 6822
5860 8580
5861 9427
5864 6866
5865 8939
5867 6055
5869 9383
5871 6194
5872 7603
5872 8100
5873 6487
5876 7346
5876 9002
5877 9385
5878 9088
5880 5969
5881 8496
5884 6766
5884 9888
5885 5975
5886 7937
5886 8636
5895 7712
5895 9826
5897 5920
5900 9244
5902 6666
5905 6316
5906 8016
5907 7459
5907 9535
5908 7770
5911 8271
5914 9003
5916 8557
5917 9431
5919 8382
5919 9706
5920 9047
5921 6745
5922 7320
5923 7506
5923 9862
5924 6071
5927 9090
5930 8775
5932 7690
5933 9554
5935 6212
5936 8775
5938 6144
5942 9214
5944 6604
5944 7830
5945 9833
5948 8744
5950 8684
5950 9000
5954 6281
5954 7057
5954 7826
5954 9491
5956 8387
5957 9681
5959 8055
5960 6798
5963 7240
5963 8563
5964 7190
5964 8026
5964 8887
5965 7208
5965 7898
5968 7290
5969 6340
5970 7483
5970 8259
5973 6202
5973 7156
5974 7852
5974 8438
5979 6696
5981 8526
5982 8961
5983 6966
5985 6016
5987 8116
5988 8872
5991 7771
5992 6277
5992 6306
5992 7642
5993 8768
5994 6099
5994 6109
5994 9262
5996 6261
6000 7379
6000 9858
6002 8388
6005 6557
6007 9662
6008 7705
6010 6156
6011 6895
6012 6856
6013 8974
6015 9562
6017 6390
6017 7212
6017 9917
6019 6914
6021 8972
6023 6090
6023 8796
6023 9089
6024 7613
6025 9338
6028 9132
6031 6162
6031 7315
6031 9421
6031 9781
6033 6906
6035 9737
6036 6477
6037 9762
6040 8064
6042 6709
6042 6977
6043 7769
6046 7312
6046 9711
6047 8631
6049 8467
6053 6445
6054 8380
6055 7941
6056 9391
6057 9137
6061 6188
6063 8626
6064 7474
6064 8504
6068 6535
6071 6777
6071 9672
6072 7689
6074 8515
6075 8314
6076 9240
6079 8749
6080 7288
6081 7491
6085 9919
6086 8573
6087 8234
6087 8282
6088 7553
6091 9092
6094 8131
6094 9912
6096 8750
6099 9449
6099 9796
6100 7598
6102 6577
6102 7910
6104 7536
6106 6712
6106 8382
6108 9712
6109 9581
6111 7661
6113 7458
6113 9094
6114 9342
6115 9142
6116 8582
6117 6167
6117 8030
6117 8597
6118 8785
6118 9054
6119 7076
6119 7519
6122 8501
6123 6648
6123 8004
6124 6635
6124 7424
6124 7449
6124 8129
6127 8632
6133 9253
6134 6166
6134 7928
6136 6643
6137 9493
6138 9441
6141 8609
6143 9419
6143 9772
6146 6741
6147 8896
6148 7846
6148 9277
6149 7937
6150 9794
6151 6739
6152 7349
6152 9342
6154 6388
6165 8839
6166 7569
6168 6298
6169 6908
6170 6910
6171 7290
6172 7725
6173 7643
6174 6294
6177 7425
6182 6902
6182 8698
6184 6237
6184 7742
6185 8221
6186 7253
6186 7258
6186 7454
6189 6800
6190 8742
6192 6291
6193 8503
6194 6831
6195 7229
6197 7826
6197 9815
6198 6956
6198 8182
6199 9254
6200 6589
6201 9276
6202 9705
6204 7622
6209 6348
6209 6817
6209 7882
6210 7729
6212 6817
6212 9494
6216 7541
6217 6258
6219 9622
6222 6596
6223 6844
6223 7448
6223 8915
6224 6754
6225 9783
6226 9152
6227 6812
6228 9208
6229 7259
6232 6668
6232 7090
6234 8247
6236 7056
6239 8073
6242 6590
6244 7613
6244 9680
6246 7832
6246 9790
6248 7169
6249 7094
6251 9219
6253 9492
6254 9344
6254 9753
6255 7981
6256 6309
6257 8625
6258 8243
6258 9301
6261 6646
6262 9381
6264 6356
6265 9896
6266 8015
6267 8919
6269 7659
6271 6359
6271 6464
6272 9384
6273 8266
6274 7179
6275 6748
6276 7840
6276 9404
6278 6483
6278 7573
6278 9759
6281 6658
6282 8549
6285 7812
6285 8766
6286 8276
6287 9584
6288 8635
6290 8637
6290 9632
6291 8174
6292 9037
6295 9021
6296 7333
6297 7849
6298 8738
6298 9390
6301 9432
6305 9380
6307 9441
6308 7496
6310 9811
6311 8297
6313 7409
6315 8508
6321 6489
6321 6543
6321 7466
6325 9489
6326 7815
6332 6638
6334 6797
6336 8564
6338 6466
6340 9259
6341 7189
6341 8097
6343 6792
6343 7472
6347 7120
6347 8895
6348 6970
6348 9312
6351 6943
6356 6714
6362 6961
6363 9555
6364 6981
6364 8353
6366 9221
6367 6610
6372 9542
6373 7534
6373 7714
6377 7380
6377 8059
6378 7382
6379 6618
6381 8863
6384 7374
6385 9815
6388 7108
6391 9149
6392 8570
6393 8242
6394 8725
6395 8235
6395 8404
6397 9399
6400 8994
6403 7987
6404 8337
6404 9137
6405 7318
6407 6715
6408 7243
6408 9161
6410 7648
6411 9193
6412 7894
6416 7519
6419 7840
6420 6607
6420 9203
6421 9672
6423 7700
6423 7869
6425 8321
6425 9784
6427 7899
6428 6668
6429 9356
6429 9780
6434 8482
6436 9123
6437 7399
6438 8050
6442 6518
6442 7986
6446 7685
6449 6599
6449 7563
6450 7158
6453 7255
6455 7538
6460 7838
6462 7705
6463 7026
6465 8931
6466 8261
6466 9229
6468 7401
6469 8440
6470 6530
6470 9787
6475 6554
6477 8734
6479 6920
6479 8157
6480 8861
6481 8190
6482 6822
6486 7724
6486 9185
6487 8046
6488 6697
6488 6736
6490 7547
6492 6558
6492 6790
6493 7238
6496 9744
6497 9734
6498 8749
6498 9305
6499 8099
6499 9582
6500 9017
6501 7153
6502 7949
6502 9398
6505 8451
6505 8633
6506 7632
6507 6746
6507 9431
6509 6690
6509 8205
6511 9242
6513 9623
6516 9022
6517 7739
6517 8094
6518 8101
6518 9160
6519 6908
6519 8140
6520 6918
6522 7050
6522 7156
6523 8037
6523 8841
6526 8340
6527 8284
6527 9220
6531 8431
6532 9647
6533 7978
6533 9033
6534 7789
6536 7485
6543 9246
6544 6783
6545 9329
6545 9803
6546 7492
6547 9927
6548 7040
6548 9640
6550 7299
6551 9481
6553 6844
6553 9069
6553 9381
6554 8053
6554 8866
6555 7064
6555 9249
6558 7759
6560 9861
6562 7014
6562 8512
6564 6864
6565 7259
6566 9125
6567 9570
6568 8524
6570 9732
6572 8743
6577 9694
6580 7721
6582 6738
6583 8319
6584 9108
6584 9416
6584 9933
6585 8652
6586 8120
6586 8365
6587 9588
6588 7249
6591 9553
6592 8173
6592 9457
6593 7616
6595 6998
6598 7321
6599 8467
6601 7060
6601 7414
6603 8899
6606 8890
6609 7215
6609 8043
6613 8933
6614 8029
6615 6724
6616 8693
6617 8337
6617 9049
6618 9016
6620 7282
6624 6637
6626 7882
6627 8914
6628 9743
6632 7813
6632 9213
6637 7895
6638 9187
6639 7259
6641 7663
6641 8544
6644 9326
6647 8486
6648 9466
6649 6907
6650 7393
6651 7088
6655 8897
6657 9253
6659 7068
6659 9254
6662 7713
6664 7010
6665 6784
6669 9640
6670 7581
6673 7466
6676 7969
6677 7001
6677 7529
6678 6895
6681 8876
6683 7411
6687 6790
6688 9498
6691 8761
6693 7259
6693 7509
6693 9102
6693 9138
6694 7173
6694 7417
6699 8844
6700 8720
6700 9063
6702 9150
6703 9707
6706 8226
6707 7804
6708 7886
6708 8207
6708 8259
6709 7954
6710 7617
6712 9145
6712 9360
6713 8816
6716 8054
6716 9174
6717 7578
6717 9707
6720 7515
6720 8542
6721 7419
6721 9270
6724 8606
6726 7556
6726 8752
6729 7428
6729 8966
6731 7661
6731 7946
6731 8333
6733 7367
6734 8945
6734 9939
6735 9236
6735 9888
6737 8173
6737 9846
6738 7242
6738 8697
6740 8006
6740 9580
6741 7074
6741 8137
6741 8724
6743 7551
6749 6932
6749 8334
6750 8814
6750 9002
6751 7939
6751 8723
6751 8765
6752 8082
6753 8410
6754 9915
6759 9232
6760 7331
6763 7521
6764 7103
6766 7572
6771 7102
6771 7493
6772 9060
6774 9034
6774 9463
6774 9846
6778 8108
6778 8161
6778 8403
6778 9583
6778 9626
6779 8278
6782 8916
6783 8927
6784 6976
6786 6850
6786 6991
6787 6890
6790 8314
6791 6824
6791 7591
6792 8747
6793 8104
6793 9646
6799 7796
6801 7015
6801 7707
6804 6954
6809 7067
6810 9042
6811 8361
6811 8880
6813 7944
6815 9729
6817 7180
6818 6857
6818 7197
6819 8389
6825 8068
6826 7080
6827 7156
6828 7805
6828 8665
6834 7810
6835 8757
6836 7072
6836 8544
6837 7286
6839 7919
6841 8536
6841 9417
6843 9277
6845 9270
6846 7932
6847 9212
6850 7157
6853 9850
6854 8810
6856 9903
6857 8928
6863 9774
6865 8098
6871 8304
6878 7453
6878 8541
6879 8133
6879 8445
6883 7440
6886 7291
6886 9654
6887 8942
6888 9745
6888 9938
6889 8580
6889 8976
6889 9196
6890 9807
6891 8227
6895 8866
6895 9801
6897 7273
6900 8215
6901 7554
6902 8002
6905 9896
6906 7021
6909 8248
6909 9453
6910 8552
6913 7454
6914 7752
6916 7390
6918 9714
6919 7932
6921 7336
6921 9310
6923 8477
6927 8810
6928 9505
6933 8922
6936 7623
6940 8607
6942 9745
6943 8764
6943 9073
6943 9216
6948 9612
6951 8477
6953 8714
6954 8119
6955 8354
6960 8655
6960 8796
6962 8009
6964 9347
6966 8932
6968 8598
6969 8189
6976 9908
6979 8177
6979 9799
6981 7549
6981 8046
6981 8583
6983 8391
6985 9935
6986 8179
6986 8182
6986 8543
6987 8831
6988 8355
6994 9803
6996 7775
6997 8292
6998 9187
6999 9095
7002 9092
7002 9525
7003 8869
7006 8380
7008 9565
7008 9840
7013 8992
7015 9781
7016 9344
7017 7522
7018 9901
7020 9899
7022 9043
7025 9229
7026 8613
7027 9624
7030 7517
7033 8020
7033 9455
7037 7505
7037 8078
7037 8687
7037 9403
7038 9784
7041 8465
7041 9130
7041 9676
7042 7651
7044 9626
7050 7542
7050 9760
7052 7756
7054 7145
7054 9112
7056 8040
7060 8677
7060 8942
7061 8468
7065 9006
7065 9945
7067 8775
7068 8706
7069 8670
7071 8242
7071 8361
7073 7881
7073 9874
7075 7605
7075 9829
7076 8562
7076 9135
7080 8946
7080 9877
7083 8095
7083 8289
7086 9389
7091 8098
7091 9732
7092 7106
7092 9558
7093 8760
7097 7267
7097 8199
7099 8652
7100 8373
7102 8161
7104 9114
7105 9851
7108 7662
7108 8705
7110 8029
7113 7616
7115 9355
7118 7706
7118 7900
7120 9908
7127 8902
7127 8984
7130 7912
7132 9834
7134 7846
7135 9562
7139 9224
7140 8216
7141 8157
7141 8232
7142 7196
7142 7574
7142 7825
7143 8832
7144 7565
7145 8797
7148 9810
7149 8461
7149 8554
7150 7514
7154 9885
7155 7348
7157 9334
7158 7784
7160 9823
7161 8087
7162 7446
7164 7883
7165 8755
7168 8021
7169 8441
7171 9701
7175 8450
7176 7849
7179 7786
7182 8523
7183 9001
7184 7650
7186 9387
7187 8477
7194 7428
7195 9183
7199 8155
7199 9043
7200 9130
7201 7512
7202 7499
7203 7584
7206 9074
7206 9617
7207 7509
7208 7218
7208 7611
7210 7580
7210 9158
7210 9860
7212 8336
7214 9358
7216 7329
7218 8016
7218 8041
7220 9349
7222 9936
7223 8202
7224 7537
7224 8819
7224 9275
7224 9468
7227 7370
7231 8508
7231 8835
7234 7507
7234 9270
7235 9802
7236 8760
7236 9092
7238 8414
7238 8840
7240 8483
7241 9924
7243 7793
7244 7833
7244 8272
7253 7307
7256 7549
7257 9106
7260 9465
7262 8833
7264 8234
7264 8736
7265 7279
7266 8320
7266 9181
7268 9678
7270 9661
7274 8405
7275 8827
7275 9215
7281 9179
7281 9464
7282 8991
7283 9759
7286 9871
7288 9051
7289 7776
7290 9160
7291 8122
7294 8826
7297 7830
7297 8210
7299 8528
7299 8692
7303 7995
7305 8863
7305 9007
7305 9611
7306 7917
7308 9466
7311 8272
7312 8864
7313 7428
7314 9701
7315 7874
7320 8484
7320 8740
7327 7959
7327 8506
7328 9530
7329 8534
7331 8942
7336 8572
7337 8367
7337 9059
7342 7797
7346 8365
7346 9109
7348 8512
7349 7840
7350 9911
7352 9271
7353 8275
7355 7372
7356 7437
7357 9521
7358 8225
7358 8789
7361 7670
7362 7919
7363 7697
7365 8594
7366 8080
7367 8178
7367 8545
7372 9005
7372 9900
7374 9214
7377 7591
7378 7871
7381 8685
7385 8849
7391 8303
7391 8706
7393 8719
7394 7565
7396 9552
7399 9647
7400 8452
7400 9151
7401 8191
7401 9383
7407 9454
7410 7460
7410 8971
7412 8998
7415 8952
7416 8125
7423 9919
7424 9212
7424 9610
7425 9366
7426 8210
7429 9389
7429 9681
7432 8495
7439 8498
7440 9660
7441 8046
7444 8950
7447 8129
7451 9249
7454 8875
7457 8038
7460 7886
7462 9198
7462 9390
7463 9797
7465 7914
7466 7563
7467 7844
7467 8547
7468 7915
7472 9437
7473 7831
7473 9591
7476 9235
7477 8749
7481 9032
7484 8333
7489 9330
7492 8239
7493 9500
7498 9423
7498 9826
7499 9935
7500 9547
7502 8366
7505 9227
7505 9483
7508 8046
7509 8000
7510 8134
7512 8049
7512 8208
7513 8049
7515 9646
7518 8382
7518 8403
7523 7588
7524 9623
7525 8400
7526 8698
7533 8224
7535 8141
7536 8560
7536 8682
7537 8711
7539 7835
7540 7910
7540 8513
7540 9835
7543 7612
7543 9477
7546 7846
7550 9503
7552 8695
7554 7853
7557 7702
7557 8375
7558 7931
7564 7694
7566 9402
7567 8802
7568 9628
7569 8298
7569 8828
7570 7911
7572 8895
7574 8391
7574 9410
7579 8808
7580 7892
7580 9832
7585 7607
7585 8591
7587 8617
7588 8493
7594 7945
7595 7803
7596 8690
7599 9522
7600 7891
7602 9865
7605 8081
7607 9570
7609 7648
7610 7902
7611 9207
7616 8880
7616 9185
7616 9670
7622 8757
7623 8413
7624 7709
7626 8823
7626 9220
7628 8904
7629 8190
7630 8294
7633 9794
7634 8375
7635 8485
7636 9722
7637 8516
7638 9731
7640 8615
7641 9230
7641 9481
7643 7846
7650 7651
7651 9398
7652 7877
7655 8104
7659 8113
7659 9194
7662 8051
7662 9738
7663 8503
7664 7728
7665 7902
7666 8592
7666 9698
7667 9561
7669 9390
7673 9369
7674 8029
7675 8514
7676 7858
7679 7820
7679 9204
7687 8302
7690 9642
7691 8695
7694 9326
7695 8058
7695 9542
7701 8520
7701 9454
7702 8540
7703 7920
7703 9870
7706 8550
7706 8712
7706 9265
7707 8706
7710 9327
7716 7961
7717 7952
7717 8171
7722 9498
7722 9855
7725 9234
7728 8874
7732 7850
7734 8935
7737 8051
7739 8542
7741 8958
7743 9048
7744 9623
7745 8426
7747 9818
7748 8437
7753 7760
7754 9266
7760 8068
7766 8874
7766 9676
7767 7837
7768 8011
7769 8459
7777 8988
7781 9839
7786 9387
7789 8453
7791 9366
7794 8884
7794 9628
7795 8220
7803 7863
7806 8137
7806 8384
7807 8169
7809 8657
7812 9309
7813 9309
7816 9407
7817 9884
7818 8762
7818 9732
7819 9136
7820 9895
7824 8949
7827 8539
7830 9422
7831 8372
7834 8760
7836 8951
7836 9024
7836 9696
7837 8683
7838 9494
7839 8865
7841 7849
7843 7995
7849 8273
7851 7956
7852 8287
7858 9349
7863 9256
7867 9213
7868 8459
7868 8929
7869 9448
7874 8015
7878 8584
7879 8540
7880 8791
7880 9225
7881 7907
7882 8967
7883 9000
7883 9901
7884 7960
7887 8031
7891 9160
7892 8371
7892 9527
7894 9090
7897 8284
7897 9327
7902 8447
7902 8645
7904 8337
7911 9169
7915 9420
7919 9642
7925 8962
7925 9585
7928 8807
7930 8073
7930 9622
7931 9882
7936 8632
7938 8632
7944 9711
7945 8462
7945 8745
7947 9705
7948 8009
7950 8251
7951 8241
7958 9464
7967 9479
7968 9952
7972 8180
7974 9503
7978 9797
7987 9673
7993 9070
7996 8820
7996 9223
7996 9316
8000 9526
8001 9469
8007 8540
8010 8326
8015 8020
8017 8336
8019 8383
8019 8769
8024 9818
8037 8734
8040 8884
8041 9224
8043 9464
8044 8644
8048 9794
8051 8360
8052 8982
8053 8949
8056 8613
8060 8981
8062 8940
8066 8571
8077 9555
8080 9180
8082 8122
8082 8842
8083 9622
8084 8750
8088 8961
8095 8529
8095 8929
8095 9086
8097 8761
8100 8445
8101 9832
8103 8350
8106 9148
8106 9152
8107 8470
8109 8305
8112 9934
8114 9888
8118 8193
8118 8977
8125 8304
8129 8951
8131 8741
8133 8173
8134 8874
8134 9913
8138 9782
8144 9055
8146 8323
8146 9015
8146 9642
8148 8615
8149 9630
8150 8290
8151 9653
8151 9831
8154 8789
8158 9745
8160 8185
8162 9707
8164 8212
8165 8744
8169 9184
8174 9502
8176 8665
8180 9294
8183 9585
8184 9874
8188 9383
8190 8364
8195 9606
8196 8228
8196 8751
8196 9221
8198 9926
8200 8806
8200 9161
8201 8383
8202 9652
8203 9136
8204 8317
8205 8631
8208 8933
8208 9748
8211 9760
8211 9783
8213 8832
8214 8570
8215 9662
8225 9565
8235 9546
8238 9482
8239 8500
8244 9068
8249 9121
8249 9920
8254 9649
8255 9951
8257 9462
8260 9841
8265 8680
8265 9011
8268 8607
8272 8564
8278 9271
8280 8361
8285 9405
8286 8752
8288 8969
8294 9457
8299 9371
8306 8740
8306 9561
8306 9813
8307 9830
8308 8807
8313 9749
8317 9113
8317 9185
8321 9189
8322 8484
8323 9652
8328 9016
8332 9485
8338 8722
8338 9449
8338 9497
8342 8878
8346 8801
8351 9099
8354 9415
8355 8362
8358 8529
8358 9281
8359 8506
8360 9289
8362 8842
8362 9075
8363 9499
8363 9591
8371 8971
8374 9202
8374 9702
8375 9627
8377 9589
8380 9184
8386 8659
8388 9708
8393 8445
8398 8884
8411 8536
8417 8433
8418 8917
8423 8886
8427 9124
8431 9836
8434 8604
8437 9352
8452 8468
8457 8621
8457 9467
8462 9311
8475 8937
8484 9725
8486 8725
8491 8871
8491 9374
8492 9060
8495 9511
8503 8628
8504 9389
8507 9760
8509 9352
8511 8651
8515 9217
8518 9658
8524 8809
8524 9282
8524 9452
8524 9475
8533 9941
8544 8641
8557 8563
8558 9089
8560 8893
8563 9076
8570 9740
8576 8681
8576 9130
8577 9216
8577 9270
8577 9833
8578 9460
8583 9001
8589 8934
8590 9771
8591 8633
8596 8965
8596 9900
8600 9665
8615 8972
8617 9338
8619 8701
8631 9630
8635 9277
8647 9876
8652 8670
8659 8759
8670 9078
8675 9569
8679 9946
8682 9850
8685 9892
8687 9227
8687 9566
8691 9332
8692 8969
8696 9853
8700 9189
8703 8899
8704 9630
8712 8857
8715 8794
8719 9193
8726 9193
8728 9870
8729 9839
8731 9119
8734 9188
8734 9567
8739 9516
8740 9387
8740 9562
8745 9017
8749 9697
8753 9609
8754 8955
8758 8995
8765 8987
8765 9692
8767 9011
8768 8781
8770 9310
8775 8873
8779 9856
8786 9571
8787 9191
8795 9489
8797 9904
8800 9265
8807 9898
8824 9087
8824 9324
8827 9382
8829 9812
8834 8984
8840 9352
8842 9906
8844 9608
8847 9174
8849 9852
8851 9002
8863 9307
8866 8991
8868 9163
8868 9544
8878 9940
8889 9769
8892 9449
8894 9121
8903 9666
8905 9040
8907 9289
8913 9587
8916 9724
8919 9649
8920 9944
8928 9572
8930 9309
8933 9321
8933 9780
8940 9903
8942 9067
8965 8976
8974 9242
8977 9732
8979 9660
8995 9708
9000 9370
9002 9610
9004 9861
9007 9461
9013 9608
9016 9776
9019 9105
9021 9240
9025 9050
9027 9883
9043 9938
9044 9246
9067 9749
9069 9594
9071 9522
9081 9107
9099 9102
9106 9612
9123 9329
9125 9139
9158 9836
9160 9450
9165 9762
9167 9813
9179 9907
9190 9741
9193 9663
9194 9325
9219 9458
9223 9404
9229 9768
9236 9695
9239 9942
9254 9797
9277 9615
9283 9689
9287 9569
9289 9566
9307 9469
9313 9843
9321 9497
9323 9569
9324 9630
9328 9640
9333 9567
9362 9672
9367 9790
9369 9494
9377 9397
9386 9532
9397 9894
9437 9754
9437 9952
9441 9483
9455 9760
9458 9519
9463 9490
9473 9663
9473 9805
9492 9767
9512 9659
9516 9827
9526 9830
9533 9564
9539 9614
9544 9911
9552 9834
9555 9604
9561 9655
9570 9808
9578 9683
9608 9820
9612 9839
9616 9730
9639 9715
9645 9893
9691 9874
9857 9923
9880 9926
9882 9910
