9975 7980
0 1881
2 4014
3 3736
4 740
4 1213
4 1768
4 7543
4 7987
4 8815
7 9297
9 1789
10 73
10 1568
10 6319
12 1207
12 6187
12 7410
12 7554
14 2934
17 931
18 6734
19 4279
19 5647
20 6020
22 4810
22 6561
24 8884
24 9328
24 9920
25 4484
25 6989
25 7355
26 3919
26 5399
27 3241
27 5231
28 2122
29 3722
30 601
30 1342
30 8086
31 1387
31 6472
33 4693
33 5340
33 8242
34 2448
34 6685
34 8045
34 9276
35 1250
35 1993
35 6205
35 6958
35 9608
35 9915
36 221
37 3803
38 816
38 7104
38 7691
39 3602
39 5156
39 9477
42 5327
42 8845
43 4551
43 5296
43 6989
43 7112
43 9308
45 168
45 2957
46 315
46 350
46 8147
47 5321
47 6011
47 6512
48 9491
49 3606
52 703
52 7412
54 5047
55 8738
56 4091
57 1030
57 1937
57 2743
57 7541
59 1199
59 7054
59 9136
60 9829
61 6530
61 7661
61 7726
61 8749
61 8959
62 4454
64 835
64 4674
66 3444
66 9852
68 956
68 1707
69 1524
70 2669
70 4391
70 6523
73 1482
73 5951
73 7505
74 3134
74 4038
74 6817
74 8366
75 5599
77 3592
78 3660
78 4194
79 5158
79 8317
81 2118
81 5127
82 451
83 4459
83 8539
84 6238
84 7954
85 9106
87 3724
88 7556
88 9368
89 8328
92 5079
94 3198
94 9533
95 5164
97 8664
98 3244
100 2430
100 3501
100 8012
101 3872
101 7555
102 3131
103 1207
103 7072
103 9944
104 7925
104 9349
105 285
105 1480
106 3855
106 3988
107 5034
107 5320
108 4920
108 9684
109 783
110 2424
110 7740
111 6370
111 8006
112 3094
113 829
113 1971
113 8734
113 9223
114 8924
115 5223
116 5996
117 1696
118 946
118 9432
119 4781
119 7694
120 2412
120 5653
120 6671
121 391
121 6181
122 731
124 764
126 8571
127 604
127 4532
127 9299
128 2718
129 2026
129 7997
130 3035
130 9317
131 607
131 1245
132 3840
132 3917
132 7935
133 5493
133 9798
135 5662
135 8926
136 6101
136 8754
137 2278
137 4511
138 5359
138 5744
138 8741
139 1872
139 8705
140 8390
141 1068
141 1184
142 2069
142 2211
142 3813
143 2021
147 4870
147 8665
149 2065
149 4819
149 5497
149 9498
150 871
150 1415
150 4293
150 6635
151 7315
151 7477
152 1216
152 8177
153 9163
154 807
154 1696
154 9328
157 3076
157 7305
157 9516
159 4658
159 7721
159 9222
160 920
160 4764
160 7753
161 5462
161 6541
162 1155
163 7254
164 1075
164 5267
164 8826
164 9809
165 1276
166 8317
167 577
168 1559
169 5094
169 8403
170 933
171 6795
173 4155
174 772
174 8161
175 2847
175 4437
175 7377
176 5258
176 8328
179 1397
179 2711
179 3426
180 2190
180 9902
182 1002
182 1868
182 2955
182 4502
182 5093
182 7566
183 3825
185 1314
185 2579
185 3819
185 9911
186 2543
186 6551
187 1569
187 1578
187 2905
187 3185
187 8507
188 3598
188 4326
189 4093
189 7514
190 3522
190 5188
190 7999
190 9512
191 427
191 3996
191 4001
191 8511
194 934
195 8468
195 9474
196 1707
196 2746
196 7267
197 689
197 4017
198 560
198 4664
198 6817
198 9723
199 4483
199 9564
202 9071
203 1228
203 6192
203 6825
205 4897
205 5255
205 7904
205 8240
206 5837
206 7729
208 1923
209 235
209 3531
209 3648
210 2856
211 715
212 7229
212 9443
214 2671
214 9724
215 6734
216 9493
217 7594
218 840
218 6395
218 6819
218 9593
219 493
219 4412
220 5676
221 8584
223 6357
223 8110
223 8307
224 5657
224 8803
225 583
225 4289
225 4325
225 7787
227 6365
227 9716
228 2621
229 5841
229 8317
230 8597
231 8388
232 707
232 8307
233 5052
233 5516
234 4607
235 7964
237 1926
237 3872
237 7478
238 3711
238 4782
238 9965
239 6797
240 8569
242 3596
242 4360
242 7105
243 1047
243 2064
244 695
244 8437
245 2654
245 4726
246 1359
246 9874
247 3626
247 5560
247 8049
250 1019
250 7606
251 1965
251 8234
252 6871
252 8218
254 2329
255 540
255 5980
255 9002
256 1182
256 4271
256 9008
258 4670
258 5401
259 9347
260 1545
260 3591
260 3950
260 4522
260 9463
261 1516
262 8771
264 2934
265 447
265 2893
265 7256
266 5397
267 3951
267 5577
267 9106
268 3793
269 1285
269 7387
269 8520
270 2085
270 5442
270 6357
270 9305
270 9804
270 9937
271 4498
272 6794
273 7579
275 930
276 2286
277 1235
277 3195
277 8683
279 2454
279 7240
281 4363
282 5899
283 3795
285 1280
285 4156
285 5932
285 7017
286 8128
286 8809
287 3838
287 5404
288 783
288 2300
288 7648
292 1690
292 3689
292 8367
293 296
294 3968
294 4519
295 8367
296 4691
298 7651
299 6350
300 5082
301 923
301 2879
301 9760
302 4568
302 5871
302 6276
302 7624
304 881
306 3873
308 1240
309 680
309 4546
309 4944
309 9088
311 4779
311 8653
315 4457
315 8177
316 3604
317 393
319 2220
320 3768
321 1960
321 8222
322 922
323 2755
323 4642
324 1117
324 6624
326 5025
326 5220
326 7001
326 9532
327 7196
327 9296
328 9097
329 5033
329 6662
329 6719
330 5188
330 5331
330 6158
330 9782
332 2588
333 3342
333 5663
334 1881
334 5303
334 6956
335 2281
336 6766
339 697
339 4110
339 8423
341 5795
342 3918
343 6771
345 3212
345 4147
348 5624
349 4034
349 4349
350 5078
352 4222
352 8314
352 9491
353 3390
353 9065
354 569
354 7526
355 1509
357 8712
357 9039
358 375
358 7001
359 2917
359 3677
360 3577
362 1524
362 3554
362 9160
363 3324
363 8072
364 5712
364 8570
365 1134
365 4154
365 7699
365 9879
366 2687
367 704
367 3136
367 4055
368 6095
368 8098
369 9884
370 1639
370 6148
370 9092
370 9478
371 1196
371 1395
372 1726
372 3217
372 3316
372 7526
372 8154
373 4155
373 6850
374 3958
375 2096
376 1589
378 2903
378 8552
380 988
382 2853
383 932
386 8810
389 1864
390 6886
390 7771
392 2375
394 2125
394 4330
395 3126
395 6083
395 6401
395 6600
395 9727
396 4219
396 5544
397 6518
398 9963
399 456
399 1457
399 4324
400 4720
401 1624
401 3334
402 5669
402 9784
403 862
403 6491
403 8188
405 4198
405 7372
406 1458
406 3599
406 5570
406 8431
408 4564
408 6221
409 2070
409 6521
411 9511
412 5590
412 5602
412 9866
414 5075
414 5791
414 6484
414 6631
414 8104
414 8502
414 9508
416 2136
417 6233
418 3032
418 4243
418 5485
419 6716
420 1107
420 2606
421 2705
421 7586
421 8304
422 3376
422 4036
422 5394
423 8743
425 888
425 3899
426 2321
427 5132
427 5149
427 8594
429 2014
429 5016
430 8311
431 4772
431 9295
431 9694
432 5194
433 6586
434 3874
434 9778
435 2081
435 2584
437 2646
439 5204
439 6102
440 8789
440 9378
441 2777
441 4909
442 2224
443 6851
443 8479
444 4509
444 5110
444 5549
444 8098
445 4669
445 7350
446 1497
447 1182
447 6184
448 9169
450 5458
452 8295
452 9690
453 1141
453 9168
454 1073
454 8120
455 3964
455 4824
456 4489
456 7481
456 9292
457 5136
458 1298
458 7087
460 7086
461 1795
461 7668
461 7893
461 8904
462 3195
463 1603
464 5343
464 7034
465 5030
465 8256
466 5021
466 6042
466 8655
466 9165
467 9513
468 1873
468 3040
468 3479
468 6117
469 4951
469 6125
471 7961
472 1293
473 4172
473 4945
473 5010
473 5545
476 5097
479 6287
481 5482
481 9292
483 1517
484 842
484 3323
484 4826
484 7608
484 8312
486 4793
486 5766
486 6948
486 9943
487 8694
488 3071
488 3234
488 8523
489 4113
489 6177
490 7185
491 2224
491 2709
491 7585
492 2681
494 1577
494 6570
495 4020
496 1995
496 6336
496 8537
497 5201
498 3222
498 5714
501 8181
503 3944
503 5971
503 9580
504 8235
504 9350
505 5200
505 7585
506 897
506 1995
506 4185
507 828
507 6527
508 733
509 8022
511 4238
512 5444
514 1083
515 2787
515 8510
516 4698
516 7570
517 986
518 532
519 9913
520 2670
520 7606
521 4724
521 5057
522 1969
522 7924
525 982
525 7483
526 2122
528 6058
530 6192
534 4198
534 9330
535 4049
536 771
536 1129
536 1360
536 2774
536 3216
536 5769
537 2527
538 6608
539 2281
539 7996
539 9250
541 1499
541 3545
542 2692
542 7029
542 7318
543 9871
546 3650
547 5830
548 876
548 3420
549 1659
549 3363
549 4947
549 7375
550 1897
550 5281
550 6651
550 9754
551 2535
552 3167
552 5055
553 5396
553 5576
553 7301
556 9520
558 1218
558 3949
559 7460
559 8171
559 8546
560 3376
560 9878
562 2758
562 5827
563 2328
564 907
564 1422
564 6519
565 7215
567 1182
568 2458
570 2323
573 729
573 5819
573 6861
573 7795
576 5655
577 3264
577 6950
577 9397
581 2989
581 3095
581 5924
582 3481
583 6499
584 1002
584 6428
584 8450
587 7641
587 8923
588 1613
588 6419
589 4852
590 5100
590 7560
590 9385
592 3305
592 8926
592 9022
594 1227
594 3837
594 4341
594 5115
594 6293
594 8292
594 9274
595 2141
596 8119
596 8502
597 4762
599 3724
599 7980
601 9381
602 3273
603 6976
604 2091
604 3228
604 3539
604 9080
605 4245
605 4601
605 4699
605 8038
606 6531
606 8265
607 5728
607 6608
607 9336
608 709
608 1465
609 5998
610 913
615 7961
617 1662
618 3182
618 3479
618 7542
619 4516
621 2125
622 8793
622 9651
623 5919
623 6343
624 1777
625 3103
625 7904
626 4301
626 4604
627 4050
627 4868
627 7155
627 8242
628 7164
629 3310
629 6589
630 4218
630 6290
630 6409
631 6788
632 2628
632 8151
632 9131
633 2447
633 5335
633 6584
634 5093
636 6710
637 4339
638 2694
638 8516
639 890
639 4960
639 8511
640 2567
641 9518
642 6810
644 1043
645 722
645 3709
645 4252
646 4497
646 5323
646 8090
648 849
648 3581
649 4956
649 9871
650 8190
651 9455
656 3390
656 5393
657 4604
658 1123
658 6036
659 1470
660 5201
661 9211
662 4574
663 2382
663 5623
663 8966
663 9535
664 4539
666 5338
667 3743
667 3947
667 4174
667 4615
667 7148
668 9287
669 3339
669 6701
670 1642
670 4939
671 9675
672 5252
672 5479
672 6982
673 4099
673 8567
674 3119
675 5147
675 7427
676 7347
677 1360
677 2694
677 3201
677 4391
677 6003
678 2489
678 3551
678 5233
680 3788
680 6352
681 2917
681 9809
682 2062
682 8925
683 2656
684 893
684 1249
684 3842
686 4571
687 1082
689 9346
689 9948
690 9050
692 4128
694 3395
695 6195
697 7687
698 1046
698 2041
698 8106
698 8239
700 2041
700 5743
700 7501
701 4087
701 4572
702 5214
702 7818
703 5037
703 6142
703 8606
703 8955
704 5675
704 7645
704 9539
704 9587
705 2912
706 7235
707 1060
707 4648
708 8221
709 846
709 9441
710 5417
713 4334
714 2821
716 2384
716 2635
716 6693
716 7101
717 4141
717 4764
717 6377
718 831
719 3495
720 5062
720 7433
720 8390
720 8761
721 9450
722 5850
722 5868
722 9222
723 1766
724 2545
725 1923
725 2251
725 7152
726 5554
727 7825
728 7744
729 7276
730 1214
730 2491
730 3790
730 7530
731 4578
732 3550
734 2118
734 6203
734 6796
736 7424
736 8556
737 1572
737 3784
738 1479
738 2118
739 2386
739 7406
740 7572
741 9205
741 9227
742 3394
743 977
743 1165
743 7332
744 4462
745 3992
745 4258
745 9356
749 4262
749 9004
751 2525
751 2613
751 2645
752 3574
752 4631
752 6996
752 9384
753 4696
753 6177
754 7688
755 6703
756 4060
756 8035
757 6846
758 9326
760 6750
760 8705
761 6780
762 8444
766 4668
766 5152
767 4107
767 5767
767 9276
768 4473
770 1492
770 1797
770 2176
771 3178
772 9596
773 6076
774 6027
774 9378
775 1359
775 9102
775 9674
776 4827
776 8460
776 8679
777 1515
777 7591
777 9481
778 2619
778 5154
778 9590
779 5757
780 831
780 3685
780 7045
780 8253
781 3610
781 6287
781 6800
781 9489
781 9583
782 8435
782 9362
783 1021
783 7534
785 6349
789 9671
791 6487
791 9234
793 8664
796 4829
796 7068
797 5120
797 7111
798 4963
801 9289
802 5138
802 5640
802 6900
802 8951
802 9156
803 5747
804 2934
804 4624
804 6313
805 2425
805 5073
805 5951
807 7829
808 1175
808 8612
809 2214
809 9547
810 2499
811 5488
811 9686
812 2073
812 6705
813 6392
814 2352
815 8337
816 8663
817 2939
817 5720
818 3440
818 5731
818 5822
818 5894
819 896
819 3276
820 3277
821 3992
821 4821
821 5338
823 8948
824 2487
825 5465
825 6413
825 7902
827 4991
827 5580
827 9351
828 4601
828 7560
829 3420
831 984
831 2037
831 9742
832 2641
832 5619
832 6363
833 1540
834 953
834 6558
834 6895
834 8012
834 8750
837 5725
837 7027
838 2961
838 7361
840 3039
840 7499
840 8202
841 6369
842 5690
844 2911
844 8128
844 9244
845 5603
846 1826
846 9437
847 1574
848 1144
848 2411
848 6054
848 7070
848 8193
848 8757
849 4871
849 6611
851 3641
851 7213
851 7466
852 1319
853 4608
855 989
855 2343
856 6453
859 5364
860 3467
860 5523
860 6980
861 4843
861 6542
862 5525
862 7534
862 8993
863 3517
863 5874
863 6674
863 8269
864 4918
865 7023
865 7448
865 9141
866 2861
866 6097
866 7413
867 1712
867 6524
868 3962
869 2934
869 4116
869 7717
870 3692
870 9188
871 3918
871 4455
871 6434
871 9959
872 1925
872 3250
872 8135
873 1032
873 4527
873 5730
874 2021
875 4640
875 6819
876 1572
876 2189
876 2999
876 6966
876 9567
877 4322
878 8442
879 1135
879 7168
879 8258
881 6664
881 9667
882 2391
882 5550
882 6623
885 2694
885 8080
888 3517
890 5597
891 7966
891 9242
892 3029
892 5448
893 3950
893 6062
893 8064
894 6485
895 1245
895 7423
895 9294
897 3817
897 7979
898 2370
900 4251
901 2272
902 1228
903 2246
904 3732
904 9699
905 1658
905 5020
905 5628
906 3226
906 8537
907 8270
907 9913
908 4098
908 8166
909 1450
909 3374
910 3936
911 4746
911 6931
912 1599
912 9087
913 6279
915 1580
915 4386
916 4152
916 6621
916 7786
916 8100
917 3498
918 1534
918 2450
918 2693
918 7407
919 3591
919 5469
919 7879
920 6219
921 1579
921 1988
921 5288
921 9673
923 3685
924 5126
926 4497
926 5870
926 9012
926 9930
927 7960
928 6722
928 7652
931 3055
931 8348
931 8624
932 4017
932 8156
933 3682
933 3796
934 2942
934 9434
935 2358
935 6896
936 8148
937 7970
940 2198
940 4078
942 8549
942 8743
944 2105
944 2325
944 4905
944 6296
946 1122
948 7547
948 9144
949 5308
950 3054
950 8712
952 954
952 1224
952 2416
952 4826
952 6286
952 7573
953 3510
954 3539
954 5733
956 4093
956 8547
957 5320
958 8979
959 5254
960 9710
962 3263
963 6241
965 2289
966 7323
967 2165
968 6831
968 7691
970 1471
972 2825
972 5524
972 8529
973 6578
973 7898
974 3026
974 7317
974 8017
975 3384
976 7046
976 8951
977 2181
977 5499
978 2809
978 3301
978 6151
979 6701
981 5482
981 5973
982 5751
982 7511
983 3204
985 5689
985 7961
985 9550
986 3355
986 5510
987 3534
988 2697
988 6334
988 6649
988 7023
988 7090
989 1262
989 2330
989 7491
990 7130
990 9085
992 6051
993 2812
993 6604
994 9513
995 3776
996 5739
997 7781
998 1314
998 5749
1000 3212
1001 2671
1001 5546
1002 4904
1002 5501
1002 8770
1003 2325
1004 3237
1005 4365
1006 4767
1007 2003
1007 6433
1007 7113
1008 9918
1009 4631
1009 6706
1010 2321
1010 7291
1013 9954
1014 6893
1014 7549
1015 7480
1015 9607
1016 1932
1017 1406
1017 4887
1017 9376
1018 4558
1024 8992
1025 2794
1025 3546
1025 6320
1027 8230
1028 1100
1028 4082
1028 6280
1028 9364
1028 9504
1029 5479
1030 2958
1031 4779
1031 4998
1031 6210
1031 9238
1032 3428
1032 6186
1032 7892
1033 3883
1033 4411
1033 4508
1034 4875
1034 5362
1034 6222
1035 1192
1036 1203
1036 2167
1037 3092
1037 6882
1037 8306
1038 1972
1038 3018
1038 3556
1039 4321
1039 7131
1040 7824
1042 7562
1044 4977
1044 6738
1045 9691
1047 1956
1047 6097
1047 7689
1048 9212
1049 1630
1049 1950
1049 3958
1049 7134
1049 7260
1050 2269
1050 9283
1053 2272
1053 4810
1054 5593
1054 6889
1054 8140
1055 7841
1056 4088
1057 1553
1057 5989
1057 6438
1058 9736
1060 3810
1060 6168
1060 6590
1063 5710
1064 2593
1064 5781
1066 5511
1066 7227
1067 2185
1068 8105
1069 2403
1069 6011
1070 4093
1072 1826
1073 2037
1073 5598
1073 9817
1074 6696
1074 7336
1075 2607
1075 6007
1076 5798
1078 1548
1079 9385
1080 7825
1081 3395
1081 6713
1081 8238
1082 3383
1082 8923
1083 4463
1083 9371
1087 2294
1088 5097
1088 6032
1088 6473
1088 7372
1088 9782
1089 1599
1089 2351
1090 1952
1090 4140
1090 4308
1091 1187
1092 1780
1092 4182
1092 5410
1092 5940
1092 8002
1093 6556
1093 9396
1094 4529
1094 9688
1095 6787
1096 2258
1096 5864
1096 6468
1098 8378
1098 9181
1099 2917
1099 4710
1100 1718
1100 8237
1101 3372
1101 5446
1102 4622
1103 6516
1103 8618
1104 6559
1105 2767
1105 5547
1105 8123
1106 1214
1106 6399
1106 8485
1107 5051
1108 9115
1109 5017
1110 6186
1110 7673
1110 8673
1111 1840
1111 8211
1111 8526
1113 3630
1114 5692
1114 9595
1116 1809
1116 8383
1120 8484
1121 2987
1122 6874
1123 1856
1123 7313
1123 8575
1124 2404
1126 4634
1128 1715
1129 1978
1129 3991
1130 3590
1131 4014
1132 2596
1132 7722
1132 8259
1135 5343
1136 4172
1136 5592
1136 6871
1137 9384
1138 2719
1138 4287
1138 5495
1141 4613
1141 8568
1142 7215
1143 6214
1143 6285
1144 3609
1146 1788
1146 5472
1147 1707
1147 1997
1147 5239
1148 9892
1149 1159
1149 6011
1150 2650
1151 9752
1152 4711
1154 5230
1155 1827
1155 4478
1155 8352
1157 2126
1157 6207
1158 8173
1160 5371
1160 9875
1162 2340
1163 7621
1164 3525
1164 3628
1164 4264
1164 9778
1165 4712
1165 9836
1166 2299
1166 3637
1167 1358
1167 6765
1168 2810
1168 2961
1169 3032
1169 3035
1171 2727
1172 3696
1173 1258
1174 2780
1175 5824
1175 5897
1175 8832
1175 9313
1176 1212
1176 6714
1177 7928
1177 8404
1178 5144
1178 7337
1180 5974
1181 2647
1181 5369
1182 6035
1182 7449
1184 5381
1184 7226
1185 7319
1186 7207
1186 9820
1187 5749
1188 8711
1188 9404
1189 9135
1190 8749
1191 5892
1191 5973
1192 7047
1192 8395
1193 5007
1193 8845
1194 5712
1194 8126
1196 2097
1196 9555
1197 5892
1197 7236
1199 5802
1200 6780
1201 7761
1203 9463
1207 4049
1207 4235
1207 4568
1208 3075
1210 4398
1211 1582
1211 2586
1211 4269
1212 1580
1212 5897
1212 8783
1213 1550
1213 6010
1214 1611
1215 1994
1215 3339
1215 9239
1216 2123
1217 1392
1217 3261
1218 1963
1218 5601
1218 7262
1218 8169
1219 9432
1220 2911
1221 7102
1223 1832
1223 2851
1224 2628
1226 6112
1226 6830
1227 9746
1228 6203
1230 5673
1230 9346
1231 1927
1231 8001
1232 8950
1233 7198
1233 8182
1234 5974
1235 6631
1235 9807
1237 2761
1237 7625
1238 5966
1238 8280
1239 4269
1239 9186
1240 4394
1240 6752
1241 1495
1244 2750
1244 3520
1244 4751
1244 6943
1244 7806
1244 9898
1245 5758
1246 5777
1246 7966
1246 9359
1247 7226
1248 2699
1248 3903
1248 6818
1250 1856
1250 6420
1250 7025
1251 2896
1252 3065
1252 7339
1252 8974
1253 5219
1254 2434
1254 2954
1255 1677
1255 8181
1255 9398
1256 3421
1256 5394
1257 2952
1257 5752
1258 3817
1258 5310
1258 8326
1258 9592
1259 5472
1259 6451
1259 7370
1260 7507
1260 7900
1261 7841
1262 1924
1262 5138
1265 7783
1265 7937
1267 2912
1267 5741
1268 3343
1271 3022
1271 7322
1271 8446
1272 6455
1274 2781
1275 1406
1275 1407
1275 4023
1275 5818
1275 5981
1276 9394
1277 1505
1277 4485
1277 8586
1278 4845
1278 7837
1279 2108
1279 3487
1279 7079
1279 8332
1280 1934
1280 2747
1280 8995
1280 9439
1281 1959
1281 3846
1281 7369
1282 2887
1283 2585
1283 3200
1284 5334
1287 1929
1288 6874
1289 6179
1291 8475
1291 9047
1292 9273
1293 9611
1294 1706
1294 3323
1295 8927
1296 5815
1298 6277
1299 6585
1300 3623
1300 4768
1301 2049
1301 5382
1301 7065
1301 7258
1302 1309
1303 8222
1305 7195
1305 8435
1306 1479
1306 2037
1307 7989
1307 8644
1307 9562
1310 1880
1311 7604
1312 3248
1313 4974
1313 8231
1314 7007
1315 3187
1315 5662
1315 9921
1316 2725
1316 5796
1317 6542
1317 6719
1317 8527
1318 6165
1319 8785
1319 9767
1320 4357
1321 3058
1321 6566
1322 5934
1323 4838
1324 2537
1325 3766
1327 6499
1328 5666
1329 1359
1329 4941
1329 5663
1330 2894
1331 4178
1331 6244
1331 7307
1332 8705
1333 5363
1333 9419
1336 1819
1336 6990
1336 9338
1337 2102
1337 4024
1337 5129
1337 6708
1338 6949
1339 5360
1339 6149
1342 1491
1342 2439
1342 5073
1342 5324
1342 5486
1342 6851
1342 7453
1343 4998
1345 9926
1347 1450
1348 5833
1349 3084
1351 4553
1351 5465
1352 3338
1352 9456
1353 5971
1353 7941
1353 9446
1354 1383
1354 6941
1355 2665
1356 3275
1357 6437
1357 9871
1358 1404
1358 4569
1358 6111
1359 1453
1360 4306
1360 9692
1361 1568
1361 7969
1361 8634
1362 3102
1362 5422
1363 6247
1364 3618
1365 1449
1365 5408
1366 8378
1368 6830
1369 2642
1369 6618
1369 7139
1369 7308
1370 4214
1371 1864
1371 5030
1372 7144
1373 8626
1375 5533
1375 7404
1376 2357
1376 7714
1377 6891
1378 3456
1378 7188
1379 3339
1379 4188
1379 8495
1380 4274
1381 4647
1382 2218
1382 3000
1382 9199
1383 7000
1385 6928
1386 2065
1387 6605
1387 6713
1390 9913
1391 4657
1391 4849
1392 5301
1393 4502
1394 1918
1395 2174
1395 2700
1395 8317
1396 2084
1397 5850
1397 8283
1399 3574
1399 8488
1401 2369
1402 3195
1402 5637
1402 8259
1403 5292
1403 7798
1404 3873
1407 2521
1407 2610
1408 7324
1408 9194
1409 9684
1410 1930
1410 4155
1410 4625
1410 5728
1410 5911
1411 8486
1411 9805
1412 9192
1414 8174
1414 8883
1415 3684
1415 7121
1415 8022
1416 9760
1417 2375
1417 2608
1417 7206
1417 9765
1418 2000
1418 8377
1419 6674
1420 7850
1422 2860
1422 3461
1422 5998
1423 6369
1423 7733
1423 8099
1423 8172
1424 8567
1425 3684
1426 3024
1426 6253
1427 5325
1427 8879
1430 2049
1431 8097
1431 8425
1432 7390
1433 4783
1434 3290
1434 5702
1435 7483
1439 5736
1440 2886
1440 6386
1441 7729
1442 5638
1443 1566
1443 7550
1443 9418
1444 7071
1445 5130
1445 5895
1447 6342
1447 7423
1447 8181
1448 5121
1449 2246
1449 7486
1450 6722
1451 4132
1452 2523
1453 3313
1453 9200
1453 9775
1454 7667
1455 4829
1455 9533
1456 2899
1456 8388
1456 9798
1458 6852
1459 9512
1460 4331
1461 2963
1462 7855
1463 9706
1469 6927
1470 3175
1470 8340
1471 3759
1473 8818
1474 4635
1474 8972
1475 2460
1475 5632
1477 3826
1477 7515
1477 9828
1479 5244
1480 1950
1480 5453
1480 6464
1480 6471
1481 6265
1483 5307
1484 2769
1487 4561
1489 2995
1489 3517
1489 5523
1490 1531
1490 3064
1496 5936
1496 7782
1498 8592
1498 9228
1499 9591
1500 8453
1501 1503
1501 3908
1502 9159
1502 9215
1503 9409
1504 2763
1504 8108
1505 3792
1506 3471
1506 6239
1506 8254
1507 8740
1510 1724
1510 2812
1510 3014
1510 4771
1510 5141
1510 6459
1511 2382
1511 5934
1512 1593
1512 3627
1512 9914
1513 8822
1514 2074
1516 1937
1516 6017
1517 2378
1518 3803
1519 8413
1520 8640
1522 5515
1522 5970
1523 5667
1524 2828
1525 3256
1525 7972
1526 3274
1526 4667
1526 5828
1526 9138
1527 3525
1527 8935
1528 1786
1528 6594
1528 6916
1528 8717
1529 2159
1529 5361
1530 4714
1530 8069
1531 8862
1534 1671
1535 4649
1535 7443
1535 8700
1536 6867
1536 8271
1537 2975
1538 8361
1539 5459
1539 6192
1540 9278
1541 3231
1543 3784
1543 4475
1543 6335
1544 1866
1544 3215
1544 3372
1544 6059
1545 3451
1545 5730
1545 6698
1546 5328
1546 7888
1547 1573
1547 6645
1547 8938
1548 5703
1550 4529
1551 2915
1551 4170
1551 6239
1551 6411
1551 8380
1552 8460
1553 2436
1555 8224
1556 7044
1557 2168
1557 2686
1557 6407
1557 8402
1558 7122
1558 8251
1559 1999
1559 9106
1563 9654
1564 1980
1564 3326
1564 8796
1565 4505
1567 5013
1567 7362
1567 9237
1567 9443
1568 2034
1569 3172
1569 7073
1569 9441
1570 9856
1571 6768
1572 7595
1575 9577
1576 3757
1576 4470
1577 6992
1579 2752
1579 8093
1579 8210
1580 7286
1580 9045
1581 1973
1581 8542
1581 8621
1582 8448
1582 9811
1583 3361
1583 6847
1584 2665
1584 9337
1585 4586
1585 6424
1585 6591
1585 9053
1586 3483
1586 6140
1586 6455
1587 5215
1587 5302
1587 6389
1589 8587
1590 4998
1591 7451
1591 9922
1593 4518
1595 9191
1596 2744
1597 5108
1597 5530
1600 1947
1600 3855
1600 6471
1601 5014
1602 1693
1602 3528
1602 3946
1604 2450
1605 6586
1605 9895
1606 7286
1607 8510
1608 3264
1608 3291
1608 6098
1609 9639
1609 9899
1611 2704
1612 6856
1612 9328
1613 4162
1613 8155
1614 2657
1614 3663
1614 4162
1615 7439
1615 9787
1617 5638
1617 9789
1620 6392
1620 7867
1624 3345
1625 2626
1626 8629
1630 4092
1630 6369
1632 5807
1632 6904
1632 7649
1632 9302
1632 9461
1633 5692
1633 7383
1634 6423
1635 1696
1635 6192
1635 8342
1636 1695
1638 5268
1641 5368
1641 6992
1642 8090
1643 7435
1644 3013
1644 6611
1645 9580
1647 2491
1649 1960
1651 4945
1654 4832
1655 7554
1656 9304
1657 4125
1658 2606
1658 3335
1658 5020
1658 5816
1658 9585
1660 5479
1662 6196
1663 4575
1664 3946
1664 4466
1665 5300
1666 3811
1668 1816
1668 2351
1668 7978
1669 2383
1669 4825
1669 5912
1669 8430
1669 9835
1671 8850
1672 3662
1672 5322
1673 1868
1674 8250
1674 9639
1675 9716
1676 7718
1677 5947
1677 6469
1677 9949
1679 3226
1681 5879
1681 6721
1682 4557
1682 5802
1683 1775
1683 2365
1683 3068
1683 3216
1686 4156
1688 4574
1688 7981
1689 2890
1689 3103
1689 4065
1689 7271
1689 7771
1690 4547
1691 6789
1691 9232
1692 2979
1692 5361
1692 9929
1693 4321
1694 2388
1695 3494
1695 5969
1696 4256
1697 3283
1697 3542
1698 5902
1698 8394
1698 8844
1699 7196
1700 2622
1701 9023
1704 2430
1707 7789
1708 3443
1708 7915
1709 4044
1709 6282
1711 6333
1711 8569
1712 6103
1712 9954
1713 7091
1714 3757
1714 4472
1715 3495
1715 4477
1715 6274
1715 7987
1716 5972
1716 8314
1717 7222
1717 9106
1718 3956
1718 9856
1719 5082
1719 6171
1719 8747
1720 9399
1722 1931
1724 3902
1724 8477
1725 4948
1725 6210
1726 3166
1726 7210
1726 7545
1727 8867
1729 3463
1730 9006
1731 4670
1731 5876
1732 8552
1732 8720
1732 9834
1736 8790
1737 5202
1738 3668
1739 5740
1739 8987
1740 6245
1741 4031
1741 8239
1742 6625
1744 2147
1744 5835
1744 6444
1744 8709
1746 3068
1746 5077
1746 8657
1748 8867
1749 9965
1750 3192
1752 6340
1752 6355
1753 3888
1753 7671
1754 2108
1754 4130
1755 7800
1756 8702
1757 5868
1757 7719
1758 9448
1759 2369
1759 7484
1760 8189
1761 3004
1761 3939
1761 6821
1761 8969
1762 7109
1763 7445
1764 7154
1765 1791
1765 9008
1767 3491
1769 4565
1772 2850
1772 7199
1773 4678
1773 8696
1774 5074
1774 5985
1774 6694
1774 6695
1775 5886
1776 5685
1776 9279
1777 3159
1777 4486
1777 7400
1777 8843
1777 9683
1780 3614
1781 1827
1781 3620
1784 9841
1785 6932
1785 7301
1786 2777
1786 7919
1787 6746
1788 5402
1788 6472
1788 6814
1789 1992
1789 3679
1790 3114
1790 4857
1790 8521
1790 9913
1792 3549
1792 7517
1793 9687
1794 6139
1796 5457
1796 5563
1798 1825
1799 8251
1802 8595
1803 7225
1803 9195
1804 5368
1804 9165
1805 3662
1805 7341
1807 2542
1807 3986
1809 2097
1809 4452
1809 7201
1810 3621
1810 9967
1811 2391
1811 7832
1811 8694
1812 8764
1813 4277
1815 5137
1815 7591
1815 8651
1816 5868
1816 8853
1817 1979
1818 7120
1819 6945
1819 7059
1819 8184
1820 8758
1821 6939
1822 2639
1822 4701
1822 8823
1823 6072
1824 9935
1825 3745
1826 7972
1828 8104
1830 2153
1830 2434
1830 2932
1832 7364
1833 8124
1833 9512
1834 3087
1834 7770
1835 2825
1836 7097
1837 3752
1837 9354
1838 4550
1839 3057
1840 1871
1840 3834
1840 4810
1840 7247
1840 8321
1841 8277
1843 9053
1844 8348
1845 3114
1845 4191
1845 8775
1846 3488
1846 3782
1846 9834
1847 3217
1847 8756
1849 5340
1850 7122
1850 7970
1851 1905
1851 7316
1852 6128
1854 6113
1854 6195
1855 1983
1855 6833
1857 9836
1858 3494
1859 3007
1860 4560
1862 3804
1862 4390
1862 7805
1863 6345
1863 8770
1864 4912
1865 3511
1865 4984
1866 4712
1866 8562
1867 3255
1867 4061
1868 8527
1869 2766
1870 3551
1870 4259
1871 9415
1872 4842
1872 8447
1875 3031
1875 4409
1878 4816
1878 6759
1878 8558
1879 6592
1880 2641
1880 2794
1880 7850
1881 5461
1881 5704
1881 7669
1882 9721
1884 2935
1884 3219
1885 4669
1886 4107
1886 5978
1886 7306
1887 3464
1887 3700
1887 4851
1887 4894
1887 8610
1888 3683
1888 6697
1889 6405
1890 2428
1890 4076
1891 8730
1892 2913
1893 4882
1894 1928
1894 6406
1894 8200
1894 8499
1895 4593
1896 2208
1896 6077
1897 2018
1897 2413
1897 4642
1897 8518
1898 9764
1899 6113
1900 4123
1900 5541
1901 9109
1904 2994
1905 3042
1906 3399
1906 8094
1907 3096
1907 5296
1907 9693
1908 3950
1908 7997
1909 4779
1910 2861
1910 6093
1910 7717
1911 8790
1914 3997
1916 2060
1916 2702
1916 8381
1920 4678
1920 6290
1921 5788
1922 5499
1922 7934
1923 2057
1923 6333
1923 7492
1923 7898
1925 2302
1927 4071
1927 6875
1929 9504
1931 3734
1932 2283
1934 3027
1934 6302
1934 7512
1935 2256
1935 2620
1935 6390
1936 5964
1936 9567
1937 6099
1938 2098
1938 4319
1940 4211
1941 8878
1943 3248
1943 3336
1943 6308
1943 7169
1944 2787
1945 4216
1946 1978
1946 6099
1947 2477
1947 5595
1947 9157
1948 2926
1948 9813
1949 4825
1951 3137
1952 3264
1952 5534
1953 3692
1953 5238
1953 6722
1954 8788
1955 5007
1956 7751
1957 5824
1957 9607
1959 2360
1959 9732
1960 2642
1960 8716
1961 4192
1961 5429
1961 6004
1963 9363
1966 4999
1966 6707
1967 5506
1967 7532
1968 9817
1969 2730
1970 4182
1971 9538
1971 9718
1972 9422
1973 3316
1973 6094
1975 4774
1977 4599
1977 5336
1978 5246
1978 5829
1978 8196
1978 8350
1978 8688
1979 4667
1980 3810
1980 6028
1980 9155
1982 2548
1982 8994
1984 5138
1984 6397
1984 9585
1985 5910
1985 7450
1986 4026
1990 5315
1991 2274
1991 9508
1992 2231
1993 4203
1993 7369
1994 5398
1995 2134
1995 4597
1995 6963
1996 5857
1998 4068
1998 6070
1998 6900
1998 7942
1999 2191
1999 4180
2003 3813
2003 8661
2004 2008
2004 2377
2004 7566
2005 4988
2006 8680
2007 5147
2007 8927
2008 5748
2008 5997
2010 4192
2010 6382
2011 7104
2012 7161
2012 9061
2013 2219
2013 5776
2013 7354
2014 4620
2014 7662
2017 5495
2019 5678
2020 2622
2020 3851
2021 6313
2021 7452
2022 2207
2023 4517
2023 6190
2023 8560
2024 5017
2024 7303
2025 5838
2025 9301
2026 2520
2026 7568
2028 8334
2029 7501
2030 3370
2030 5644
2032 7820
2032 7934
2033 5829
2035 7412
2036 4952
2037 5040
2037 7347
2037 7561
2037 7911
2038 5340
2039 2453
2039 9408
2040 3540
2040 7269
2040 9789
2041 7396
2042 9291
2043 7415
2044 7953
2045 7396
2046 2436
2046 5502
2047 4309
2047 6052
2048 5697
2050 2186
2051 2165
2051 8168
2051 8683
2052 3393
2052 3914
2052 9759
2052 9812
2053 3816
2054 4716
2054 4731
2055 8058
2056 8974
2056 9840
2057 6112
2059 6314
2059 6671
2060 7485
2061 2969
2061 3886
2062 9935
2063 5962
2064 4882
2064 5303
2065 6232
2066 3635
2067 2300
2067 9163
2070 2115
2070 6017
2071 9797
2073 3123
2073 6870
2074 6398
2075 3190
2076 3711
2076 4085
2076 8022
2077 5167
2080 9480
2081 6750
2081 6994
2081 8358
2083 2841
2083 8857
2084 3000
2084 5620
2084 7279
2084 9265
2085 2245
2086 6020
2087 4991
2088 8423
2089 9014
2091 6970
2093 6518
2093 7415
2093 7944
2095 3898
2095 3927
2096 6509
2096 6647
2097 2497
2098 2681
2100 9814
2101 7926
2102 4800
2102 6684
2102 7817
2102 8344
2104 7791
2104 7804
2105 7162
2105 7701
2105 9887
2106 3315
2107 3185
2107 8803
2109 9598
2110 2726
2111 7358
2112 7292
2112 8495
2115 3998
2115 9948
2118 8455
2119 3876
2119 5954
2121 8102
2122 8859
2123 3904
2124 8424
2125 5254
2126 9148
2127 2402
2128 4152
2128 4939
2128 6412
2129 2163
2131 6148
2131 7183
2131 8858
2132 6340
2133 2192
2134 2696
2134 4025
2135 2253
2136 2479
2137 7584
2137 8816
2138 7969
2140 2958
2140 6592
2141 4882
2142 8015
2143 5370
2144 9569
2145 3788
2147 5122
2147 6507
2148 2370
2149 3918
2150 2382
2152 8874
2153 7436
2154 5294
2155 5835
2156 2358
2156 3904
2157 4629
2158 2566
2158 4037
2158 9313
2160 2825
2161 6452
2163 5981
2164 3359
2165 2911
2165 7395
2166 6878
2167 8206
2167 9127
2168 4169
2168 6158
2168 8190
2169 5654
2169 8267
2170 7540
2171 2896
2171 5978
2171 9750
2172 2455
2172 8048
2174 2207
2174 6709
2175 2349
2175 7822
2176 2902
2176 7264
2176 7280
2177 4607
2178 7205
2179 8881
2180 4804
2180 8761
2180 8894
2181 9720
2182 5685
2183 7624
2184 9697
2185 5098
2186 9393
2189 8364
2190 5940
2190 6511
2190 8622
2190 8824
2191 3096
2192 8535
2192 9440
2193 8460
2193 9471
2194 5577
2195 6814
2196 5508
2197 4058
2197 6809
2197 7638
2200 2364
2200 3070
2201 2611
2201 3294
2202 4118
2202 6400
2202 9405
2204 5175
2205 7535
2205 8700
2205 9480
2206 6716
2206 8507
2207 5400
2207 9582
2209 5860
2210 3789
2211 5107
2211 5366
2213 7700
2215 8741
2216 7648
2216 8974
2217 6679
2217 6876
2217 6989
2218 7342
2219 4450
2220 3845
2220 5232
2222 3872
2222 9592
2222 9742
2222 9868
2223 4163
2223 9524
2224 5964
2225 3010
2227 5120
2227 6299
2228 2627
2229 6674
2233 6469
2233 8606
2234 3264
2234 9086
2237 9333
2238 8090
2240 9143
2241 8567
2242 2554
2242 5090
2243 3644
2243 4171
2244 8192
2245 4032
2245 4719
2245 9649
2247 4299
2248 3953
2248 9140
2248 9607
2249 5299
2249 6157
2250 2367
2251 6822
2253 2434
2253 4983
2253 5290
2253 8193
2253 8938
2253 9864
2256 7542
2258 2276
2260 3763
2260 5609
2262 3543
2262 7898
2262 8755
2263 8160
2265 2898
2266 3555
2267 7722
2268 4242
2270 2667
2271 4970
2271 9489
2272 3895
2272 8116
2273 3502
2275 4048
2275 5759
2276 5073
2276 7034
2277 7259
2278 4648
2278 6948
2279 3047
2279 3124
2280 5399
2282 8828
2283 3184
2284 3706
2286 8724
2287 7620
2288 8276
2289 3491
2290 3054
2290 4599
2290 7060
2291 2986
2291 4903
2291 8955
2291 9492
2292 7750
2294 9797
2295 5285
2295 6654
2296 8428
2296 8969
2296 9409
2297 3575
2298 6505
2298 8161
2299 4666
2300 6410
2300 8589
2304 4346
2304 4348
2304 4528
2307 4121
2308 2814
2308 8038
2308 9592
2309 5251
2309 9243
2310 5364
2310 8161
2311 6857
2312 2483
2312 4795
2312 9369
2316 3451
2317 8520
2319 4810
2319 7168
2320 4068
2323 6036
2323 8378
2324 8952
2325 2412
2327 5030
2328 7318
2330 8101
2331 6616
2331 9013
2332 2544
2333 3065
2333 7203
2333 8013
2337 4356
2337 4389
2338 3072
2338 4715
2339 4191
2339 9229
2340 4266
2340 6696
2340 7355
2340 7794
2341 2829
2341 8650
2341 9134
2342 4014
2342 6456
2342 6490
2343 2588
2343 5106
2346 4569
2347 2629
2347 5358
2348 3367
2348 5389
2348 7296
2348 7702
2349 2413
2350 4665
2351 6548
2351 9745
2352 5973
2352 8081
2353 5175
2353 9173
2355 2817
2355 7932
2356 3754
2356 6537
2356 8076
2357 3610
2359 6576
2359 7900
2360 5203
2362 3036
2362 4728
2362 6105
2363 4950
2363 7767
2363 9302
2363 9882
2365 7741
2366 5492
2366 6889
2366 9219
2367 8211
2368 6181
2369 9343
2372 3014
2372 7261
2372 9573
2373 2901
2373 5517
2373 8959
2373 9559
2374 4798
2374 9632
2376 5927
2376 6764
2377 2860
2377 8303
2379 4312
2381 5392
2382 7839
2383 8039
2385 3274
2386 4851
2387 4959
2387 5613
2388 4140
2388 7467
2389 2570
2389 9171
2390 8461
2391 3363
2391 3928
2392 4540
2395 4538
2395 6569
2395 9655
2396 3973
2397 9787
2398 3356
2399 6195
2400 8984
2401 2485
2401 6954
2401 9053
2403 4438
2403 4500
2403 6025
2404 5466
2404 7041
2405 8770
2408 9614
2410 8037
2410 9222
2413 4421
2413 5778
2415 6920
2416 7173
2416 8480
2416 8560
2417 6955
2417 7191
2419 8296
2420 7771
2421 4381
2421 4884
2421 8188
2421 9622
2423 7489
2425 5443
2425 7343
2427 3226
2427 7880
2428 3544
2430 6828
2430 8575
2430 9949
2431 2724
2431 6642
2431 8383
2431 8772
2431 9024
2432 5723
2432 6123
2433 2801
2433 4219
2435 7265
2436 3182
2436 4043
2438 6216
2438 7978
2438 9728
2439 4289
2441 5804
2441 6663
2441 9481
2442 6327
2443 3138
2443 6142
2443 6904
2444 5213
2446 4371
2446 9889
2447 9499
2449 7358
2450 2697
2450 5543
2450 6650
2450 9224
2450 9434
2453 5729
2454 8045
2456 8814
2456 9092
2457 3261
2458 6547
2459 3929
2459 4115
2459 5465
2459 5541
2460 3094
2460 5236
2461 7231
2463 4382
2463 5488
2463 8274
2463 9553
2463 9911
2466 4208
2466 5862
2467 3300
2467 4270
2467 7556
2469 3701
2469 4134
2469 4145
2469 9808
2470 9216
2471 4905
2471 5624
2472 3035
2473 2683
2474 6660
2476 4522
2476 7452
2477 2560
2478 7477
2480 4984
2480 7963
2482 6873
2484 6654
2485 3781
2485 3970
2489 3760
2489 6502
2490 2823
2491 2735
2491 8003
2493 3038
2493 3308
2493 6716
2493 7425
2495 2793
2495 8665
2496 3139
2497 6418
2497 6545
2497 7119
2499 6983
2499 7198
2500 5497
2501 4726
2501 8264
2502 5746
2502 9047
2502 9944
2503 7693
2503 8185
2505 7088
2506 4447
2508 8730
2512 5318
2516 9321
2517 4495
2517 4599
2518 4307
2518 5897
2519 2747
2519 3592
2519 9903
2520 4089
2520 5323
2520 8359
2521 6597
2522 3768
2522 5011
2522 6399
2523 9096
2524 3472
2525 7814
2526 4888
2526 7448
2528 9823
2530 6696
2531 8171
2532 6237
2534 4975
2534 6145
2536 3741
2537 2913
2538 5389
2540 6421
2540 6672
2540 9150
2541 2958
2541 3101
2543 5209
2544 5341
2544 5445
2545 4167
2545 4192
2545 5173
2546 5538
2548 2813
2550 6372
2550 9034
2551 4859
2551 7687
2552 4085
2552 4464
2552 7218
2554 6046
2554 7080
2554 8789
2554 9262
2556 6296
2556 7790
2558 4988
2559 4113
2559 7736
2560 2849
2560 9374
2562 7786
2563 4666
2563 5627
2564 2847
2568 6517
2568 8355
2568 9736
2569 4407
2571 2904
2571 3213
2571 9433
2571 9642
2572 8392
2577 6531
2577 8258
2578 2721
2579 3316
2579 5244
2579 5288
2579 6243
2580 3808
2580 4239
2580 4811
2581 3527
2581 3540
2581 9668
2582 4336
2583 7027
2583 8637
2584 3946
2584 8617
2586 9016
2587 2760
2587 8885
2588 5521
2589 4194
2589 9031
2590 7777
2592 8116
2593 2624
2594 8849
2596 6242
2597 8972
2598 5301
2598 7569
2600 3948
2600 7351
2600 8416
2600 8586
2602 6011
2603 8732
2604 5673
2604 6120
2606 6058
2607 6604
2608 2962
2608 4210
2608 4463
2608 5211
2611 7575
2612 3246
2614 3202
2615 2770
2615 3077
2615 4976
2617 3380
2618 6559
2620 7664
2620 9019
2620 9434
2621 7662
2624 3226
2624 5793
2628 8076
2629 3891
2630 6901
2631 4565
2631 5906
2632 6217
2633 2736
2633 3392
2634 7463
2634 8600
2634 8683
2635 4733
2635 8126
2636 3072
2636 4524
2638 4857
2642 6827
2643 4476
2643 4939
2645 8500
2645 8582
2646 8186
2651 9303
2652 7109
2653 9103
2654 7295
2655 4985
2657 3701
2657 5112
2659 3362
2659 4528
2661 5470
2662 6109
2663 4228
2663 6480
2663 6706
2664 3896
2664 8281
2665 6745
2665 8474
2666 4058
2667 6511
2668 5186
2668 5671
2668 9078
2669 4716
2669 9719
2671 2920
2671 6088
2671 9025
2672 3629
2673 6192
2675 4162
2675 8849
2675 9097
2676 6343
2677 5543
2678 6189
2679 9109
2679 9317
2682 4914
2682 5331
2684 3960
2686 4146
2686 6039
2686 7510
2686 9781
2687 9285
2688 6460
2689 3742
2693 7518
2693 8661
2694 2817
2694 3520
2694 5265
2694 5824
2694 8052
2695 6205
2696 6154
2697 8812
2698 9387
2699 7275
2701 8987
2703 3846
2703 3987
2703 5900
2704 7863
2709 3068
2709 3355
2710 3369
2710 4537
2710 9463
2710 9493
2711 5326
2712 7229
2715 7305
2715 7416
2720 2880
2720 7277
2721 7681
2722 4314
2723 4496
2724 3524
2725 4573
2726 6338
2729 5209
2730 2784
2730 6062
2731 4258
2732 3570
2732 5364
2732 6844
2732 8267
2732 9496
2732 9849
2734 7793
2736 5756
2737 6687
2737 9666
2738 5434
2739 7301
2740 7157
2741 4568
2741 7215
2742 6559
2742 6829
2743 6521
2744 5373
2745 6936
2745 7215
2746 3327
2748 8951
2751 9745
2752 5719
2752 6330
2752 8089
2753 4849
2754 3721
2754 5178
2754 7955
2755 6411
2755 6874
2755 7150
2755 9340
2756 3442
2757 3835
2757 7708
2757 8324
2757 8845
2760 4563
2760 6089
2760 7980
2761 5339
2761 6194
2761 7834
2761 9502
2763 5697
2764 3770
2764 9107
2766 3864
2767 6394
2767 8258
2768 6388
2771 7452
2771 7877
2772 3336
2774 2874
2774 4648
2775 4824
2779 9569
2780 6038
2784 5392
2785 2792
2785 9691
2787 9839
2788 8288
2788 8860
2799 6656
2799 7915
2800 4204
2800 5081
2803 5248
2803 8827
2805 4689
2807 3314
2808 3397
2809 3368
2810 8919
2812 6682
2812 8677
2813 7166
2814 4097
2815 5760
2815 8089
2816 4768
2817 3620
2817 5313
2818 5673
2819 3481
2819 6579
2821 3394
2821 7145
2822 4207
2824 7434
2824 7962
2825 8442
2826 2936
2828 4575
2828 8158
2829 8103
2830 5014
2831 7722
2832 9344
2833 4793
2833 6564
2834 3839
2834 4598
2837 9671
2838 4329
2838 5355
2839 7972
2840 3712
2842 5338
2844 8545
2845 6716
2846 4872
2847 5160
2847 6343
2847 8465
2847 9916
2849 4704
2849 6832
2849 7186
2850 4581
2850 9420
2851 3011
2852 3642
2853 6868
2854 3234
2854 3921
2858 4306
2858 5552
2858 8422
2858 8752
2858 9297
2858 9646
2859 9364
2860 6951
2861 5698
2861 5889
2862 2865
2862 9094
2863 4752
2863 7666
2864 8309
2868 8363
2868 8770
2870 3449
2871 4557
2872 4973
2874 9274
2875 9385
2876 5929
2876 6031
2878 6544
2878 8246
2878 8323
2881 4326
2881 8005
2882 6883
2883 6092
2883 7424
2883 7749
2884 6373
2884 7891
2886 3672
2886 4863
2886 6003
2886 9248
2887 3723
2888 9359
2889 5652
2889 7505
2890 3397
2890 5219
2890 8293
2891 3825
2891 5045
2895 3368
2895 3459
2897 9575
2898 6924
2899 4940
2899 8425
2900 4078
2901 6934
2901 8866
2902 2964
2902 3841
2903 9312
2903 9974
2905 4825
2905 6994
2906 4663
2908 5986
2908 9607
2911 3634
2913 3011
2914 6783
2914 8011
2915 4061
2915 7264
2916 5711
2918 5007
2918 6362
2920 9719
2921 5668
2922 4826
2922 7317
2923 6011
2923 8225
2923 8815
2924 9373
2926 3689
2927 7399
2927 8400
2928 5251
2928 5493
2928 6784
2929 5859
2930 3372
2930 4834
2931 4807
2932 5342
2933 5862
2933 7341
2934 7464
2938 9728
2940 5288
2940 9156
2941 4040
2941 7163
2942 4155
2942 7405
2942 9918
2942 9919
2943 8430
2944 9648
2945 8808
2946 8788
2948 5319
2954 7278
2954 8850
2957 9918
2958 4422
2962 6811
2964 6697
2964 9531
2968 7113
2968 9113
2969 5581
2969 6031
2969 9006
2970 4057
2970 5155
2971 4033
2973 3297
2973 3501
2973 5162
2974 7425
2974 8243
2975 4660
2975 6213
2976 6052
2976 6864
2978 2999
2978 9944
2979 4656
2979 9442
2982 4838
2983 7479
2984 8070
2985 3517
2985 4506
2985 8236
2985 9338
2988 3160
2988 5388
2988 8903
2989 6577
2989 7439
2990 3347
2990 6160
2990 8830
2993 4826
2993 6994
2993 7378
2994 7734
2995 3087
2996 5430
2997 8346
2997 8905
2998 4235
2998 9293
2999 7851
3000 3291
3000 4788
3000 8967
3001 4130
3002 5346
3003 9277
3005 6091
3005 7054
3006 6552
3007 4663
3008 3297
3008 4094
3008 7096
3008 9045
3009 6440
3011 7597
3011 7824
3012 3366
3012 6157
3012 8271
3015 6402
3015 9650
3016 3270
3016 3752
3016 7944
3016 9300
3017 5667
3017 7156
3019 8773
3022 7831
3023 3796
3023 7192
3024 4577
3024 5221
3024 6743
3024 9270
3025 3113
3025 3679
3026 6214
3026 6535
3027 3195
3027 3956
3027 5622
3027 9313
3028 4295
3029 3400
3030 9936
3033 3045
3033 6217
3033 7157
3035 8730
3036 4704
3036 8541
3038 8279
3039 8629
3040 6836
3040 8275
3041 5049
3042 6940
3046 8488
3046 9027
3047 4082
3049 7000
3049 7690
3050 4103
3050 5340
3050 7052
3051 3180
3051 9950
3052 4401
3053 6691
3053 8096
3054 6320
3054 7946
3055 8764
3058 4911
3060 4792
3061 8482
3062 6419
3063 8315
3065 5809
3065 6873
3066 7289
3067 6976
3069 6140
3072 3115
3076 5120
3077 7200
3079 5900
3079 9144
3079 9846
3082 6949
3083 3258
3083 3489
3083 6227
3083 6828
3085 5487
3085 7904
3086 3176
3086 4503
3086 8897
3088 3642
3088 7638
3089 8183
3090 5171
3091 5701
3091 9639
3094 6038
3098 6036
3099 3605
3099 3685
3099 8034
3100 8511
3102 5077
3102 5078
3103 3196
3103 5802
3103 8457
3103 9215
3105 8054
3106 6694
3106 8638
3107 8539
3107 9577
3110 5844
3114 4376
3114 7695
3114 7956
3116 9802
3117 7427
3118 4717
3118 5446
3119 8690
3120 6993
3121 4092
3122 4066
3124 4567
3126 7043
3126 8116
3127 6611
3129 8873
3130 5981
3130 9161
3135 6580
3135 8671
3135 9355
3136 6968
3137 6761
3137 8779
3139 3525
3139 8644
3139 9574
3139 9927
3140 4624
3140 7751
3143 8420
3144 6317
3144 6492
3144 9639
3145 8252
3146 6311
3147 6239
3147 8548
3148 3502
3151 3284
3151 7676
3152 8597
3153 9910
3154 6429
3155 3462
3156 9719
3158 7150
3159 4299
3159 5671
3159 5993
3159 9500
3162 3470
3162 4762
3162 8041
3162 9498
3164 8898
3166 3262
3168 4970
3169 9273
3169 9366
3169 9446
3170 3256
3170 8814
3171 6602
3171 9064
3172 4633
3173 4943
3173 9090
3177 3989
3179 3220
3179 3543
3179 4140
3180 4651
3180 7820
3181 4013
3181 4653
3181 5882
3184 5352
3185 9727
3188 7922
3189 6525
3189 8539
3193 6001
3194 5591
3194 8639
3203 3461
3203 4506
3203 6671
3204 4610
3205 5137
3205 6423
3205 9329
3206 9370
3208 9857
3209 4887
3210 5474
3210 9551
3211 4030
3211 6308
3213 4294
3213 8301
3215 4008
3217 3517
3218 4287
3219 5644
3220 6470
3220 9626
3221 5838
3221 6412
3221 8351
3224 9422
3226 3645
3226 8518
3228 4702
3229 6290
3230 4078
3230 4837
3232 7998
3233 3967
3234 4351
3235 4429
3235 9121
3236 9523
3237 6025
3237 6453
3237 7565
3237 8559
3238 3395
3239 6192
3239 8798
3241 3854
3242 4386
3242 5545
3242 6327
3243 8884
3244 4873
3244 7277
3244 8324
3244 8878
3244 9232
3246 3669
3246 5634
3246 6441
3246 6752
3246 7515
3248 8132
3249 5242
3250 8125
3250 9539
3251 7097
3251 7293
3252 5223
3252 5331
3253 5010
3254 8142
3255 4542
3255 5121
3255 8589
3258 4157
3258 5453
3259 3618
3259 9927
3260 4347
3260 8413
3261 4969
3261 9561
3262 7469
3263 5350
3264 9930
3265 3715
3268 8556
3268 8764
3271 5368
3271 9945
3272 5027
3273 5378
3274 4141
3274 6571
3275 5901
3277 4720
3278 7534
3280 4182
3280 7201
3280 8894
3281 3776
3281 5301
3281 8249
3282 3934
3282 6779
3282 9667
3283 4751
3285 3718
3285 4652
3285 9352
3286 5293
3286 6026
3287 4228
3287 4432
3289 6078
3289 8071
3291 4441
3292 3584
3295 3657
3295 4502
3296 5630
3296 7185
3296 8229
3296 8645
3297 5531
3298 7209
3299 9220
3300 3763
3300 4229
3301 4501
3302 4824
3303 8608
3304 4649
3304 4651
3305 4993
3305 5570
3305 6832
3305 9022
3306 9379
3307 3929
3307 6440
3307 7315
3308 3762
3310 4634
3311 5536
3312 4916
3314 3778
3316 4334
3316 5979
3316 6898
3316 9800
3317 4272
3317 5391
3318 3815
3320 3375
3320 5908
3320 8702
3321 6874
3323 5337
3323 6289
3325 6423
3325 8505
3326 3339
3326 8572
3327 4822
3327 6189
3328 5424
3328 6775
3330 4210
3331 5380
3331 5864
3332 3427
3333 8110
3335 6729
3335 9125
3336 4230
3337 8132
3338 8298
3338 8575
3339 6117
3339 7910
3339 9375
3340 3677
3342 5795
3342 7830
3342 8389
3343 4396
3343 4913
3344 8344
3345 4394
3347 8137
3348 3520
3348 5889
3348 8159
3348 8608
3349 5670
3350 5263
3351 9922
3352 5628
3353 6274
3354 5100
3354 8096
3355 4703
3356 4761
3356 5552
3357 8309
3358 3857
3358 5429
3359 6458
3362 7783
3362 8246
3365 9166
3366 5304
3369 6017
3369 7706
3370 9941
3373 9279
3376 7111
3376 9358
3377 6893
3378 7347
3378 7964
3378 8144
3379 9029
3381 8823
3382 4446
3384 3621
3384 5780
3385 5536
3386 8644
3388 9702
3389 3873
3389 4246
3390 8418
3391 9123
3392 3447
3392 4548
3392 5470
3392 9509
3395 6663
3396 7228
3396 9014
3397 4481
3397 6768
3399 6419
3400 5808
3400 6289
3401 5211
3402 4811
3403 5315
3405 8739
3406 3594
3406 6844
3409 4640
3410 4460
3410 9953
3411 5170
3411 6228
3411 8609
3412 3922
3412 7010
3413 5277
3414 6615
3414 9683
3415 5854
3415 6012
3416 3804
3416 5752
3416 6218
3417 5982
3417 8242
3417 8422
3418 9766
3419 6212
3420 4861
3420 7501
3421 3631
3421 5666
3421 8096
3425 3505
3426 6504
3431 9424
3432 3891
3433 5906
3434 7138
3437 6334
3439 8950
3440 3444
3442 5549
3444 8670
3448 8099
3449 7809
3450 7399
3452 5682
3452 9372
3453 8880
3454 4099
3454 6506
3455 8194
3458 3511
3458 5838
3458 6741
3459 4227
3462 5426
3462 7397
3463 6525
3464 7674
3468 4303
3469 5123
3470 9054
3470 9656
3471 9891
3472 6958
3472 9688
3473 7920
3474 7806
3476 6962
3476 9684
3477 5972
3477 8097
3478 3813
3479 6605
3479 7552
3480 7369
3480 8314
3482 4346
3482 6981
3484 3801
3484 8664
3485 4372
3485 5472
3485 5596
3486 9611
3487 5646
3490 9348
3492 6073
3493 8666
3494 9649
3499 4057
3499 6021
3499 6701
3499 8183
3499 9801
3503 9193
3504 6639
3505 5901
3506 6497
3506 7647
3509 7678
3509 9091
3510 7892
3513 7496
3514 5202
3515 5761
3516 6492
3517 6458
3518 7733
3519 3885
3519 6042
3522 5154
3522 7119
3522 7327
3522 9794
3523 9687
3524 5339
3524 6488
3524 6509
3527 8671
3531 5599
3531 6744
3531 8470
3532 6779
3533 6032
3533 8875
3534 8126
3535 9894
3537 6974
3538 4887
3538 8504
3539 6402
3539 7586
3540 5402
3540 6937
3540 9802
3541 7578
3542 4053
3542 9130
3542 9308
3543 3796
3543 9217
3544 7263
3547 4723
3547 5522
3548 3918
3548 7659
3549 7655
3550 7834
3550 8029
3550 8210
3551 4684
3551 8580
3553 3841
3554 4134
3554 7296
3554 8798
3556 4719
3556 6735
3557 6608
3558 5581
3558 6127
3561 5367
3562 5190
3562 6036
3564 4190
3565 8841
3567 4951
3567 8773
3568 9939
3569 8478
3569 9828
3570 4024
3573 7935
3573 8310
3573 8768
3574 9542
3575 6448
3575 7623
3576 8605
3577 4423
3577 4755
3577 4794
3577 9317
3578 9710
3579 8931
3580 8055
3581 5313
3581 9210
3582 4523
3584 8091
3585 4937
3586 5910
3589 7967
3589 9426
3590 4257
3590 8116
3593 4642
3593 8774
3594 3804
3594 7358
3597 6569
3598 6904
3600 7761
3601 5399
3603 4182
3606 6525
3609 8079
3611 7425
3611 7874
3613 7314
3613 9859
3618 5405
3618 9003
3620 8872
3621 4071
3622 4795
3622 5189
3623 6950
3623 7779
3624 6230
3625 6428
3627 7571
3628 6783
3631 7711
3632 4240
3632 7501
3633 6189
3633 9453
3634 3779
3635 4048
3635 9792
3642 9681
3647 4307
3647 7964
3648 4414
3648 5148
3648 7220
3648 8754
3648 9969
3649 5761
3649 8317
3650 4915
3650 7461
3650 7593
3653 7663
3654 3942
3654 3992
3656 6847
3656 7367
3656 7566
3657 8120
3657 8575
3658 5612
3659 5548
3659 9262
3659 9802
3660 3980
3660 7633
3661 7292
3662 4098
3662 6051
3662 9583
3663 3844
3663 5099
3663 6797
3665 5045
3665 8217
3667 6590
3668 4765
3668 8758
3670 5799
3670 5912
3671 4282
3674 6630
3675 5853
3677 7378
3678 4809
3678 5785
3678 8322
3681 6191
3681 6260
3683 7194
3686 6198
3692 8458
3693 8412
3695 6376
3696 3754
3696 5176
3697 8615
3701 9292
3701 9572
3702 7751
3703 5179
3704 9869
3706 7131
3707 4196
3707 5055
3707 6617
3710 4530
3710 6708
3710 6878
3710 8081
3711 5105
3711 7528
3712 3880
3713 4735
3713 9006
3714 4894
3714 9526
3715 9028
3717 4176
3718 3939
3718 8423
3718 9217
3721 4038
3721 6437
3722 5574
3723 7335
3724 6600
3724 8214
3725 8460
3727 5650
3728 5416
3728 5994
3728 8577
3728 9401
3729 7974
3732 6274
3732 8013
3732 8283
3733 8582
3734 8701
3736 7482
3736 9463
3740 9403
3743 5515
3743 6828
3744 4328
3744 4952
3744 8311
3745 8519
3748 9773
3749 3817
3751 5270
3751 7988
3752 7061
3753 6171
3754 7752
3755 4197
3760 8095
3765 8355
3765 8514
3766 9214
3767 6792
3767 7925
3770 7734
3771 5717
3771 7958
3775 8938
3775 9082
3777 4360
3777 6806
3780 5718
3780 6135
3780 7279
3781 9525
3782 5316
3782 7489
3783 6263
3783 8630
3783 9973
3785 9191
3787 7504
3787 9784
3788 6611
3789 6166
3791 4501
3791 6538
3792 6374
3793 8906
3794 5786
3794 8214
3796 4058
3796 5831
3797 5738
3798 6805
3799 7831
3799 9152
3800 4279
3803 6628
3803 8716
3805 7289
3805 9364
3806 8467
3807 4113
3807 5661
3807 5690
3807 6756
3808 7503
3808 8144
3809 3985
3809 6542
3809 9671
3809 9691
3811 9414
3813 6719
3817 3899
3817 4696
3817 9557
3818 6022
3819 7194
3819 8724
3820 8647
3821 5423
3821 7241
3822 4259
3822 7733
3822 9690
3825 5326
3827 4261
3828 7058
3828 7840
3828 8425
3830 6372
3833 8217
3834 8250
3836 8169
3837 4332
3837 4783
3837 7358
3840 4670
3840 5572
3840 6307
3841 7558
3842 3985
3844 6958
3845 5151
3845 8354
3847 9269
3851 4970
3852 8489
3853 9700
3854 9584
3857 6315
3858 6961
3859 4598
3860 6325
3860 7584
3862 8010
3863 4990
3863 5109
3863 5375
3864 5112
3865 8469
3870 7158
3871 8247
3872 7047
3873 4618
3873 4624
3873 4939
3875 6072
3875 7839
3876 4794
3877 5414
3878 8846
3879 4027
3880 7032
3880 9355
3882 5239
3883 7122
3883 7681
3884 8707
3884 8818
3889 4458
3890 8038
3890 8716
3892 4890
3892 5507
3892 8241
3892 8672
3892 9172
3894 4923
3895 6644
3895 8411
3896 6233
3898 6439
3900 4502
3903 7536
3904 8595
3905 4885
3906 7556
3908 5955
3908 8173
3908 9142
3910 5969
3911 3959
3912 8937
3915 9067
3916 5524
3916 8610
3916 8654
3917 7351
3917 7857
3917 9423
3919 7246
3920 4347
3920 7453
3920 9621
3921 5277
3922 5690
3922 7540
3925 6315
3926 7691
3927 6217
3928 4100
3928 6138
3931 8895
3932 4332
3932 6771
3932 7647
3935 9023
3937 4141
3937 6170
3937 7837
3938 6110
3938 9144
3938 9736
3939 6947
3940 6429
3940 7678
3941 7796
3941 8715
3942 4816
3943 6758
3943 9479
3945 9403
3948 4703
3948 5479
3948 9788
3949 6873
3949 7345
3951 6987
3955 6071
3955 6654
3955 7654
3956 7083
3958 4607
3958 9569
3962 8065
3963 7235
3965 6017
3966 8924
3967 4055
3967 4267
3968 5378
3970 7271
3970 9623
3971 8595
3972 8876
3972 9361
3973 6619
3973 7649
3973 7839
3977 4885
3977 6817
3977 9838
3978 5469
3978 7499
3978 8655
3979 9516
3980 7618
3981 4111
3981 5533
3981 9852
3984 5587
3986 5999
3987 5403
3987 6104
3988 4220
3988 7880
3988 8482
3988 9596
3989 4162
3989 4187
3989 6671
3989 8918
3990 7181
3992 4388
3993 4742
3993 8001
3994 4305
3995 5123
3998 5995
3998 7292
3999 7406
4000 5688
4000 8442
4001 6442
4004 9718
4006 4927
4007 6394
4007 7903
4007 9187
4008 6836
4009 5323
4009 8120
4009 8918
4012 6780
4012 8215
4012 9376
4014 6206
4015 4617
4015 5324
4015 7325
4015 9389
4016 5207
4017 6172
4019 8125
4023 8877
4024 6730
4025 7772
4025 8915
4025 9230
4026 4462
4028 7556
4028 9326
4029 7540
4030 5233
4030 5686
4031 5372
4032 4146
4032 7833
4033 5459
4033 6519
4035 5487
4036 7074
4040 6882
4041 8071
4044 4309
4044 5215
4044 6354
4045 6529
4047 5203
4050 5047
4050 8933
4051 8203
4053 4592
4053 5934
4054 5810
4057 8383
4057 9112
4058 5298
4059 5469
4060 9961
4061 4214
4063 8680
4064 6175
4065 8329
4066 4405
4066 6328
4067 9506
4068 7787
4069 9400
4070 4674
4071 6595
4071 9353
4074 9832
4076 6145
4081 5891
4081 9528
4082 7884
4086 4796
4088 4799
4090 4538
4090 8338
4091 5811
4091 5954
4092 8655
4093 7868
4095 4703
4095 6177
4095 9434
4096 6907
4099 7296
4101 4129
4103 7825
4104 7899
4104 9127
4105 4565
4105 9485
4106 5472
4107 5895
4108 9471
4110 7672
4111 6236
4111 6863
4111 8993
4112 4354
4115 7673
4116 8954
4116 9753
4121 6529
4121 8606
4125 9928
4126 7835
4127 5596
4127 8028
4129 5243
4130 6403
4131 9624
4133 8583
4134 5979
4134 6195
4135 6229
4136 7176
4137 8296
4137 8665
4139 9409
4140 7779
4140 8051
4141 9109
4143 4629
4143 4662
4143 6214
4144 5375
4145 8578
4145 9823
4146 4984
4150 7382
4150 8896
4151 6628
4151 9695
4154 5230
4154 9796
4154 9843
4156 6693
4157 4784
4157 7148
4157 9724
4158 8487
4159 6547
4162 6484
4162 6508
4163 7113
4165 5476
4166 5126
4166 8275
4167 4952
4168 5232
4168 5840
4168 7916
4169 4235
4169 8197
4169 8553
4171 4550
4171 4868
4171 6652
4172 8442
4175 4216
4175 6354
4175 6386
4175 6735
4177 7834
4178 7864
4179 6419
4181 5974
4187 5625
4189 7765
4191 5327
4192 4933
4192 9220
4194 4809
4197 4419
4198 6287
4202 7690
4204 9853
4205 6587
4206 5222
4206 8235
4207 5920
4211 4406
4211 4715
4212 6505
4213 8477
4214 6873
4216 8001
4216 8075
4218 8722
4219 9704
4220 9415
4223 7610
4224 5067
4224 8440
4226 4311
4233 8183
4233 9126
4233 9554
4235 8389
4237 7712
4237 8316
4238 6082
4239 4507
4239 5877
4239 6237
4241 6431
4242 4614
4244 4627
4244 7712
4245 8113
4246 6556
4246 9965
4247 8701
4250 7811
4251 8317
4253 8636
4256 5297
4258 4631
4258 6094
4258 6189
4259 6425
4259 7773
4260 4672
4260 9666
4265 9156
4266 6105
4266 6790
4268 7786
4269 7351
4269 9120
4270 5475
4271 9818
4273 5845
4274 7663
4277 5669
4281 5163
4281 7551
4284 7506
4286 6608
4287 9687
4288 8807
4289 4825
4289 7239
4289 7538
4290 5922
4290 8739
4290 9424
4291 5850
4291 7554
4292 8774
4294 9974
4295 8534
4295 9630
4296 6072
4298 5479
4298 8750
4299 9006
4300 7587
4301 5250
4301 5856
4302 8759
4304 6029
4304 9745
4307 8634
4311 4856
4312 5242
4312 8141
4313 8625
4314 5252
4315 5426
4315 8954
4317 6717
4317 7153
4317 7842
4317 9012
4318 5826
4319 7249
4321 7390
4321 9464
4322 7818
4323 7309
4323 7315
4325 5500
4325 7538
4326 7132
4327 7637
4327 9737
4329 8871
4332 5772
4332 9590
4332 9693
4335 6503
4337 5176
4339 5954
4340 6594
4340 6761
4341 5910
4342 7713
4343 8523
4343 8662
4344 7503
4344 8551
4346 8314
4346 8424
4346 8677
4349 5887
4351 8469
4353 6540
4354 9726
4356 9514
4357 8503
4357 9013
4358 6266
4359 4791
4359 7501
4361 8555
4362 7325
4363 7931
4364 7847
4364 9246
4367 4941
4369 6891
4370 7529
4370 8499
4372 7563
4372 8252
4373 5617
4373 9679
4375 8955
4376 8773
4377 6904
4377 6963
4377 7287
4380 9093
4381 4604
4381 9763
4382 4755
4383 7403
4384 8349
4385 4549
4386 6728
4388 5575
4391 4968
4392 4769
4392 6273
4392 7438
4393 5488
4393 6780
4397 5922
4397 6310
4397 6764
4397 9137
4398 5132
4402 9505
4406 5723
4406 9458
4408 8217
4409 4973
4410 6469
4411 7657
4411 7748
4411 8919
4413 6009
4414 5852
4414 9645
4415 8124
4416 6103
4416 8974
4417 5866
4417 8253
4418 6309
4420 7736
4422 7110
4422 8147
4422 8172
4423 5131
4426 8446
4427 6357
4428 7035
4434 5199
4434 6078
4435 6628
4442 5528
4443 4874
4447 5647
4447 5893
4450 4490
4450 8536
4452 6525
4455 5200
4456 8093
4456 9322
4459 4579
4460 7915
4463 8040
4464 6154
4466 7718
4467 8412
4468 5614
4468 5867
4469 9672
4470 6918
4473 5162
4473 6901
4473 7753
4473 9828
4477 4818
4478 6815
4480 6965
4481 4851
4481 7112
4482 4945
4483 5643
4483 8890
4484 5656
4484 7426
4484 8748
4486 5039
4487 7130
4489 6925
4490 8096
4492 7800
4493 4755
4494 6293
4496 8501
4497 9134
4499 6120
4499 6927
4499 8824
4500 5294
4503 4942
4503 5165
4503 5387
4503 9814
4504 7197
4504 8030
4504 9140
4505 8512
4506 7712
4507 8640
4510 7868
4511 6356
4511 9291
4512 4950
4512 7248
4512 9872
4513 4851
4514 4788
4514 5482
4516 6998
4518 8534
4518 8854
4519 7791
4521 9273
4522 8222
4524 7744
4525 4664
4528 6386
4529 5950
4529 7246
4529 7759
4530 8745
4539 7297
4545 5953
4546 7348
4546 9331
4546 9522
4548 5845
4550 4860
4551 8768
4552 6354
4554 7697
4555 9800
4556 4790
4558 5468
4559 4844
4561 5761
4561 5961
4561 8488
4562 4573
4563 8286
4563 9747
4564 6430
4566 5539
4568 8427
4569 8617
4570 5858
4570 6356
4571 4778
4572 7017
4572 8603
4573 8821
4576 7081
4577 4718
4577 5398
4577 9075
4580 6056
4580 7520
4581 7910
4582 5429
4582 7964
4584 9961
4586 8045
4586 9815
4587 6102
4587 9828
4589 6541
4592 6660
4593 5062
4593 9902
4595 6646
4597 5605
4598 8280
4602 7218
4602 9752
4603 7282
4603 7601
4605 5739
4606 7333
4610 7297
4611 5699
4611 7608
4613 8632
4614 5942
4616 8404
4618 6423
4620 7627
4622 4776
4622 6230
4624 5114
4624 7275
4625 5728
4628 7250
4631 6399
4633 6018
4633 8633
4634 4965
4635 9624
4636 6215
4638 4815
4643 7955
4644 6758
4645 6636
4645 7003
4646 6835
4647 5859
4647 5999
4647 9175
4649 7060
4654 7681
4654 9579
4655 4824
4655 8124
4656 7769
4656 9398
4659 6666
4659 6825
4660 7073
4660 7165
4663 5686
4663 9355
4664 5351
4664 6000
4664 6157
4666 6719
4666 7428
4669 6343
4670 6628
4672 5800
4672 6247
4674 9867
4675 7080
4678 6748
4678 8692
4679 5047
4679 6596
4684 7687
4685 5231
4686 7328
4689 5799
4690 9352
4691 5056
4692 5939
4693 6093
4694 8977
4696 8585
4699 5944
4703 5384
4703 8538
4704 6663
4705 4741
4707 7450
4709 6726
4710 9154
4711 6352
4711 7983
4712 5474
4712 6118
4714 5425
4715 4927
4716 8187
4718 7074
4720 6687
4727 7489
4728 6242
4728 8684
4729 5332
4730 5800
4732 5369
4732 9643
4733 6693
4733 6973
4733 9951
4736 6804
4737 5206
4738 6824
4739 6893
4739 9500
4740 9325
4742 5914
4743 6285
4743 7673
4744 5572
4744 8049
4745 4757
4748 5476
4750 8090
4751 9347
4753 7665
4755 5455
4755 5933
4755 6235
4757 7758
4762 7914
4763 9327
4763 9420
4764 6144
4766 6610
4767 6951
4768 7429
4768 7871
4770 5789
4770 6549
4771 7706
4773 5337
4773 7394
4775 8455
4778 9188
4779 6304
4780 7011
4781 6347
4781 9079
4783 8122
4783 9079
4784 5580
4784 7422
4785 5900
4785 6212
4785 6893
4786 6625
4786 7407
4786 7902
4787 9785
4788 6150
4789 5119
4789 6586
4789 8073
4789 9202
4790 5415
4790 8086
4790 9047
4792 7781
4792 8064
4793 9878
4794 6141
4794 6343
4800 8022
4801 8110
4802 7723
4803 7074
4803 9856
4804 7279
4805 8628
4808 8175
4808 8497
4808 9348
4810 6242
4811 4944
4814 5008
4817 8178
4818 5916
4818 9688
4819 7355
4823 8032
4826 5295
4826 9626
4827 9724
4828 5734
4828 7734
4829 9942
4831 9937
4832 8112
4834 5367
4835 9383
4836 6954
4839 7012
4840 4958
4841 5667
4841 7021
4842 7703
4845 4904
4845 6465
4845 6689
4846 5820
4847 5265
4849 7840
4849 7907
4849 8338
4850 7162
4850 7192
4852 8511
4852 8909
4853 5161
4857 6442
4857 6853
4858 7106
4858 8033
4863 9140
4864 7362
4865 9872
4871 8773
4872 5439
4873 6014
4879 7586
4879 9295
4882 4914
4884 5279
4884 6884
4885 7841
4885 9008
4886 6585
4887 6212
4891 5051
4892 9883
4894 5482
4894 7883
4895 9881
4896 5559
4898 8776
4898 9473
4903 5046
4904 7354
4904 9278
4905 6387
4905 9672
4906 4997
4906 9484
4909 5721
4910 9733
4911 5962
4911 8486
4916 7028
4923 9493
4927 8650
4929 7744
4929 8668
4930 7284
4931 9217
4932 6555
4933 6792
4934 6725
4937 4948
4937 8083
4938 9362
4939 5252
4942 7655
4946 6440
4947 8271
4949 5549
4952 7937
4954 5546
4956 6239
4956 7264
4958 7273
4959 9015
4960 5784
4961 8019
4962 5337
4962 9276
4963 5766
4964 8482
4964 8517
4965 7035
4965 9593
4967 5291
4968 6453
4968 8245
4969 6712
4970 8011
4971 6716
4973 6664
4973 7709
4976 6339
4976 7652
4976 8178
4978 7352
4978 9239
4978 9360
4978 9405
4980 7059
4981 5125
4981 6663
4981 9456
4982 6812
4983 5477
4985 6355
4986 6094
4986 6817
4991 8898
4991 9607
4992 5622
4992 5817
4992 7888
4993 7036
4994 5788
4994 7184
4996 8478
4997 8209
4998 8626
4999 8289
4999 9146
5001 9320
5002 5926
5003 8922
5003 9641
5005 6237
5005 7609
5006 9908
5007 9148
5010 6969
5011 9647
5012 6052
5012 6631
5014 9832
5015 8325
5016 6680
5017 6401
5018 9740
5019 6744
5021 6852
5021 8836
5022 5988
5022 9191
5023 8714
5024 7517
5024 9849
5025 6944
5025 7231
5028 6980
5028 7550
5029 8110
5030 5197
5030 8293
5031 6577
5033 7615
5035 7345
5036 9051
5041 7214
5041 7637
5042 6109
5043 8088
5043 9608
5044 5777
5044 8396
5044 9159
5048 7006
5053 5209
5054 6198
5055 8691
5057 7217
5059 9461
5060 5713
5063 6834
5064 7066
5064 9927
5066 9617
5067 5558
5067 8009
5068 5091
5069 5978
5070 6992
5075 7668
5077 7209
5078 8826
5078 9796
5080 5836
5083 5814
5085 7003
5086 6129
5088 9500
5088 9522
5090 5927
5090 6220
5092 9113
5093 7949
5097 9580
5098 7400
5099 7931
5099 9799
5100 9403
5101 8572
5102 6355
5102 9333
5104 9143
5108 5356
5108 6689
5108 6875
5108 9786
5110 7679
5112 5661
5113 8266
5114 8829
5115 6225
5115 7299
5117 5175
5117 5761
5117 9088
5117 9528
5118 6697
5118 7336
5118 9859
5122 7716
5122 9458
5124 9365
5127 6692
5128 7278
5129 7560
5134 5960
5136 8409
5136 9839
5138 8159
5138 9240
5139 5547
5141 7910
5141 7977
5141 7980
5143 5238
5143 6332
5143 8847
5143 9718
5145 8692
5146 6083
5146 6932
5147 5430
5147 6594
5147 7411
5149 7122
5150 7536
5151 7897
5153 9683
5154 5575
5154 6285
5155 6196
5156 9756
5157 7595
5157 8135
5158 7480
5159 6289
5159 6940
5162 8132
5164 7914
5165 6962
5167 5829
5172 9759
5173 5715
5173 6117
5174 7503
5175 7178
5176 6485
5178 7232
5178 8965
5179 8610
5179 9679
5181 7495
5185 8133
5186 6966
5186 9293
5188 6125
5189 6367
5194 8152
5195 9123
5197 6176
5197 7268
5198 6166
5200 8462
5201 7281
5203 8730
5205 5387
5206 5351
5211 7157
5213 6548
5216 6372
5216 8073
5216 8371
5217 6066
5219 8592
5220 6435
5222 9076
5222 9714
5223 7624
5223 8899
5225 5848
5225 6672
5232 7293
5233 8122
5235 8430
5236 7119
5237 6907
5239 5961
5240 9248
5243 6569
5244 8121
5247 5551
5248 8732
5250 8771
5251 6524
5252 7856
5258 9389
5261 9914
5263 5487
5263 7937
5264 9973
5268 6759
5268 7055
5270 7476
5271 8941
5271 9328
5271 9482
5272 6534
5273 5848
5275 6216
5281 6757
5282 7557
5284 9460
5286 6928
5287 5522
5289 8080
5293 7504
5293 9289
5295 6514
5295 9910
5296 6864
5299 7536
5301 5702
5301 8666
5303 5466
5304 7550
5308 5356
5308 8799
5310 8117
5311 5403
5311 5725
5311 6881
5312 5934
5313 8217
5315 8741
5320 8247
5323 9860
5324 5834
5324 6772
5330 8206
5332 5905
5333 8760
5335 5408
5337 7634
5337 9931
5341 7251
5342 9791
5344 7786
5345 8288
5346 6805
5347 6725
5347 7286
5347 9704
5348 8798
5351 6567
5352 6157
5354 7616
5355 8128
5357 8592
5362 5452
5363 8746
5366 8080
5366 9745
5368 6850
5369 5742
5369 6332
5369 7825
5370 7109
5370 8221
5372 5601
5373 6361
5374 8933
5376 9084
5377 5725
5379 8817
5379 9570
5381 7178
5385 9774
5386 6134
5388 6669
5389 5615
5389 7790
5390 5946
5391 5886
5391 6127
5392 6821
5392 8733
5392 8922
5393 6646
5393 8574
5394 6406
5397 7246
5398 6550
5398 7787
5400 5622
5402 8938
5406 8840
5407 9503
5408 7025
5412 7874
5412 9598
5415 6680
5415 7505
5415 8746
5416 7437
5416 8039
5418 8603
5419 9339
5420 7404
5422 9913
5423 7119
5426 5641
5429 6473
5429 8174
5432 5812
5434 6728
5436 8141
5437 6749
5437 6852
5437 8799
5438 8167
5438 9885
5439 7405
5439 8708
5440 8293
5445 8267
5445 9300
5447 7531
5448 8299
5448 8875
5449 6773
5455 9880
5456 7878
5456 8047
5457 5830
5457 9260
5460 6826
5463 8721
5465 6082
5470 7516
5470 8479
5472 7466
5474 5865
5474 7315
5474 8091
5474 9435
5475 7275
5477 7715
5479 6762
5480 8961
5481 6163
5482 6756
5482 8911
5485 9760
5490 8574
5492 9287
5496 8473
5496 8861
5497 8942
5500 6719
5503 7141
5503 7566
5504 7297
5505 5870
5509 7071
5510 8122
5510 8180
5511 6199
5512 9936
5514 8095
5521 5738
5521 7211
5523 7009
5523 7435
5523 8372
5523 8713
5523 8903
5528 5556
5528 6863
5528 9308
5531 9808
5534 7173
5537 8901
5538 5922
5543 5706
5543 6681
5543 8619
5543 9409
5545 7006
5547 6167
5548 8820
5549 8626
5551 6469
5551 7577
5552 6330
5553 8047
5556 6631
5557 7827
5558 7985
5560 6941
5561 7580
5568 7562
5568 8145
5571 7102
5571 9744
5572 8922
5573 6662
5576 9548
5579 6471
5581 6161
5584 6939
5591 7908
5593 7268
5593 8678
5593 9933
5594 5801
5595 7482
5596 5924
5596 6052
5599 7743
5601 9136
5601 9448
5603 7770
5606 5782
5606 9314
5613 7524
5613 8665
5614 6149
5615 8108
5616 8786
5616 9201
5617 8288
5620 8612
5620 9321
5621 5630
5621 5787
5621 6966
5625 8268
5625 8732
5626 7874
5627 6086
5627 8575
5628 8783
5630 5760
5631 9178
5633 8633
5636 7118
5639 9074
5641 5868
5648 6489
5649 5833
5649 8721
5649 9306
5651 9404
5651 9662
5655 9224
5657 6705
5657 9700
5659 6224
5661 9033
5661 9907
5662 6946
5662 8768
5664 9085
5665 7269
5665 7559
5675 6387
5679 6425
5681 6607
5681 6996
5682 9666
5684 8431
5688 9618
5689 7679
5690 7511
5692 5902
5692 7464
5692 8234
5692 9309
5694 8354
5698 6211
5698 7757
5698 9518
5700 8227
5701 9973
5702 7043
5702 8962
5703 9839
5704 7043
5704 8305
5705 8620
5707 6638
5713 9472
5714 7609
5716 7439
5718 6996
5718 9966
5719 9180
5722 8600
5723 9497
5724 8535
5724 9388
5729 7613
5732 9313
5732 9778
5735 7851
5736 5918
5736 8642
5737 6968
5737 7106
5737 8521
5739 9420
5740 6302
5741 6106
5742 6533
5742 6553
5743 6568
5744 6932
5745 6860
5745 9155
5746 6651
5746 8065
5746 8707
5748 9031
5749 9762
5750 9413
5750 9922
5754 6297
5754 7937
5755 8454
5756 6329
5756 7249
5756 9509
5758 8976
5759 8193
5762 7514
5763 7837
5765 5855
5766 5798
5766 7463
5768 6859
5772 9461
5773 8440
5773 8545
5773 9583
5775 6150
5775 7478
5776 6517
5778 9217
5779 9268
5781 9497
5793 5870
5793 6530
5795 6855
5796 9397
5797 6759
5798 8775
5798 9746
5799 7797
5800 7908
5802 9187
5806 9608
5807 8488
5808 7396
5811 6449
5813 5944
5813 6873
5813 7801
5814 9611
5818 8008
5822 9425
5828 6033
5828 6922
5833 9671
5836 6454
5836 7428
5836 8490
5837 7098
5837 8315
5837 9099
5838 7598
5841 8073
5841 8623
5842 9455
5843 9680
5845 9132
5850 9429
5852 6626
5852 7380
5854 6615
5854 7540
5854 8644
5856 8331
5857 6384
5858 9402
5858 9970
5860 6010
5860 6870
5865 6690
5865 9536
5866 7631
5866 9928
5867 5882
5868 8219
5868 8484
5870 8458
5875 7218
5876 8287
5878 8991
5880 6335
5881 5905
5883 6870
5883 8436
5885 6085
5885 8255
5887 6526
5889 9261
5890 9130
5891 8648
5892 6053
5895 6228
5896 8899
5897 6192
5898 7446
5898 9608
5901 6291
5904 7493
5905 6158
5905 7350
5907 6166
5907 7591
5909 7667
5909 8123
5909 9518
5910 9331
5911 8059
5912 9356
5913 7536
5914 9286
5915 7048
5918 9293
5920 6211
5920 6989
5923 7059
5925 6080
5926 9058
5927 9158
5928 7790
5931 9021
5932 9929
5933 6184
5933 8978
5934 7141
5934 7343
5934 8760
5935 8087
5935 9172
5936 6404
5937 7607
5937 8571
5938 6056
5938 6654
5941 8334
5943 5990
5943 8063
5945 9144
5946 7180
5946 9931
5947 7569
5949 8329
5953 8217
5954 6023
5954 8320
5955 9834
5958 8330
5962 8586
5965 8040
5966 6521
5966 6569
5969 8975
5971 6621
5971 9815
5972 8725
5972 9498
5973 8711
5976 7485
5977 8908
5978 8537
5979 8339
5980 6429
5980 7245
5983 8726
5984 8492
5985 7654
5985 8322
5986 8096
5987 6047
5988 6403
5988 6420
5990 7902
5990 7953
5990 9233
5991 5992
5991 7307
5991 9009
5991 9435
6000 8246
6000 8328
6002 6667
6003 7084
6005 8202
6006 8098
6007 6543
6008 6498
6009 8963
6011 7341
6011 7347
6011 8296
6013 8156
6016 6995
6017 8826
6019 8630
6021 7413
6021 7748
6021 9159
6023 7154
6026 6486
6027 8636
6028 8949
6028 9112
6029 7649
6031 9659
6033 8596
6035 9796
6038 8566
6040 6512
6043 8393
6044 6459
6044 7848
6049 8076
6050 7753
6052 6553
6053 8244
6059 8149
6059 8827
6061 6413
6061 9421
6062 7691
6062 8617
6062 9668
6067 9621
6071 7401
6072 8798
6073 6324
6073 6748
6075 6512
6075 6882
6075 9515
6076 9968
6077 8859
6080 6102
6080 7998
6080 9908
6083 6520
6083 7911
6084 7018
6085 6609
6088 9282
6089 6960
6089 7719
6089 8557
6090 6095
6090 9070
6091 8536
6092 9213
6093 6265
6099 9430
6105 7514
6108 6215
6108 9495
6109 8810
6110 9380
6112 9535
6114 8655
6114 9426
6115 6381
6117 7243
6117 8561
6118 7373
6118 8333
6121 7132
6122 8397
6124 7675
6125 7181
6127 8478
6128 6468
6130 6856
6132 6775
6133 7479
6133 9796
6135 9489
6137 8899
6139 8479
6139 9658
6141 8091
6141 9118
6147 6244
6147 8608
6147 9701
6148 6620
6149 7815
6151 9044
6151 9777
6160 6745
6161 9810
6162 9780
6163 7223
6165 7767
6165 7845
6165 9094
6173 6911
6175 7805
6176 6815
6176 9325
6176 9967
6177 9175
6177 9579
6178 6797
6178 7561
6180 8206
6181 7293
6185 7752
6186 6440
6187 6692
6194 6859
6194 6987
6194 7767
6195 9377
6196 8131
6196 9386
6197 7930
6199 9226
6203 7859
6205 8814
6205 9969
6207 7338
6211 6743
6211 9139
6211 9833
6212 7181
6216 8646
6220 7118
6222 7517
6225 9129
6226 8164
6227 6834
6230 8001
6232 6381
6232 7204
6237 6786
6241 7973
6243 8044
6245 6406
6245 8661
6245 9877
6247 8913
6248 8965
6250 9051
6251 7661
6253 7111
6256 8959
6257 7505
6259 6515
6259 9382
6262 7932
6265 7048
6267 8861
6269 6711
6272 7564
6272 8322
6273 7586
6275 6837
6277 7697
6278 7977
6280 8900
6281 7896
6283 8606
6283 8686
6289 6533
6289 8850
6290 6572
6298 6707
6299 7601
6300 6820
6300 8005
6303 7600
6305 8415
6305 8704
6313 6571
6316 7306
6319 7186
6323 8387
6325 7550
6325 8031
6328 7190
6329 6508
6329 9029
6331 8871
6331 9844
6332 7149
6333 8539
6338 9569
6339 8373
6340 9134
6341 9896
6343 6520
6346 8092
6347 9283
6351 7565
6353 9347
6354 9809
6355 7886
6355 8335
6357 7864
6358 6902
6360 8066
6360 8440
6361 7481
6362 9030
6366 7888
6367 6377
6368 7544
6369 8611
6370 6516
6371 6641
6371 7557
6375 8678
6377 6404
6378 7946
6380 9498
6380 9733
6385 7437
6386 8288
6386 8689
6386 9296
6386 9754
6390 6950
6390 9203
6392 8586
6393 8753
6394 9316
6396 9202
6397 6974
6397 7418
6397 7551
6397 8555
6398 9789
6399 7881
6399 8504
6399 8613
6402 8611
6406 8516
6410 6572
6412 8190
6414 7850
6414 8177
6415 8405
6416 7650
6420 8597
6422 6826
6425 7921
6426 7549
6427 7285
6427 7697
6428 9569
6429 9414
6430 8875
6433 9263
6435 6463
6435 8585
6438 8730
6440 6683
6440 9676
6443 7557
6447 6987
6448 8687
6454 8305
6455 8372
6459 9107
6462 7137
6465 7327
6468 7413
6470 7781
6473 7995
6477 7303
6478 7053
6479 6888
6479 7292
6480 8470
6480 8579
6482 8327
6482 8943
6483 6577
6484 7540
6485 9235
6486 7160
6487 6635
6495 6519
6495 7637
6499 7191
6499 9369
6503 9355
6506 7090
6506 9512
6509 7548
6514 6771
6514 8142
6515 6795
6516 7220
6517 9179
6518 8841
6520 7958
6520 8543
6521 7758
6522 6736
6522 7631
6526 9619
6527 8853
6528 8536
6531 9214
6533 6866
6533 7419
6536 9108
6536 9162
6549 8329
6552 8285
6553 6560
6554 8952
6559 9013
6571 8025
6572 8483
6573 7855
6576 9470
6578 6809
6581 8791
6582 6839
6585 9648
6585 9806
6586 6990
6588 6777
6589 7172
6592 9600
6597 6762
6598 7903
6599 6698
6602 9005
6604 7883
6606 7384
6608 8806
6610 7590
6613 7066
6614 7262
6617 9031
6619 8324
6619 9548
6623 7491
6625 9695
6628 7173
6631 9845
6632 8637
6633 8162
6634 7918
6638 7700
6638 9740
6642 8727
6643 7525
6643 7696
6644 7784
6644 7902
6645 6786
6645 7108
6649 8913
6649 9138
6650 6748
6650 7562
6653 8484
6657 9037
6666 7509
6668 9028
6668 9230
6671 9138
6672 9260
6675 6870
6676 7085
6678 9327
6679 7523
6679 8732
6679 9897
6683 7959
6683 8231
6683 9772
6685 6699
6686 7430
6686 8483
6688 8398
6688 9904
6690 6795
6692 7036
6692 9301
6692 9504
6694 7613
6696 7148
6698 7233
6700 7136
6701 9425
6702 9000
6703 8853
6704 9864
6705 8277
6707 8669
6707 9671
6708 8563
6710 8171
6714 7289
6714 8003
6716 7110
6717 8330
6718 8499
6718 9431
6719 7783
6720 8448
6727 7813
6728 9535
6735 9968
6738 7974
6740 9343
6742 8749
6744 7846
6744 9146
6745 7777
6746 9896
6747 6827
6747 8171
6750 8379
6752 7102
6755 6993
6757 8903
6760 7325
6761 6908
6761 8006
6762 8391
6768 8096
6768 9716
6771 9640
6772 8034
6772 8037
6772 8208
6774 6816
6781 7222
6781 8598
6782 7410
6784 7150
6784 7316
6784 8672
6785 8655
6786 7068
6787 7908
6788 8916
6789 9835
6791 8398
6795 9639
6798 9634
6799 7993
6801 7692
6803 7510
6804 7719
6806 8491
6806 8886
6807 9974
6808 7711
6808 9068
6809 9456
6810 7305
6810 8287
6813 9679
6814 9294
6816 6997
6817 9215
6822 7475
6822 8177
6823 9101
6824 7905
6824 8708
6825 9860
6826 7115
6826 7773
6826 9867
6829 9974
6831 7051
6831 7909
6832 9186
6834 7633
6838 6894
6838 9869
6840 9291
6843 8848
6844 8800
6848 9920
6853 7810
6853 8742
6858 7120
6862 9526
6862 9852
6863 7528
6863 8696
6867 8759
6867 9816
6870 8850
6870 9061
6872 8361
6873 9260
6875 8935
6878 8827
6880 9842
6883 9566
6884 9533
6887 7848
6890 7376
6891 6968
6891 9382
6893 7334
6896 8885
6897 6954
6898 8030
6898 8194
6898 8755
6899 8248
6899 9526
6900 8029
6902 9580
6906 8143
6910 7574
6914 7044
6914 9605
6915 8207
6915 8636
6917 8615
6924 9691
6927 7645
6931 7579
6931 8922
6934 8882
6941 7961
6941 8584
6942 9011
6943 7126
6945 7627
6954 8935
6955 9104
6958 9521
6959 8363
6962 7891
6962 8625
6965 9535
6965 9596
6966 8904
6966 9418
6966 9944
6979 8722
6981 9659
6984 8636
6985 7042
6985 8369
6986 7400
6986 9275
6988 9064
6994 9366
6995 9533
6997 8939
6998 8304
6999 7173
7002 7518
7007 7777
7007 8753
7014 8363
7015 8471
7016 9773
7017 7282
7021 8544
7030 7329
7032 7833
7033 8689
7039 8634
7044 7687
7045 8088
7046 7545
7047 7346
7047 8778
7048 7698
7050 9712
7050 9827
7052 8084
7055 7260
7056 8689
7057 8731
7058 8122
7058 8815
7064 7713
7066 8905
7067 8551
7068 8640
7069 9655
7070 8396
7071 9582
7072 7800
7077 7313
7077 8079
7077 9183
7079 8476
7083 9960
7084 9084
7085 8114
7088 7760
7089 8687
7094 9329
7096 8096
7100 7564
7102 9248
7103 9588
7104 7187
7104 7755
7111 7491
7115 9940
7116 8711
7116 9928
7118 9974
7119 7759
7120 9230
7121 9140
7122 9447
7122 9540
7124 7624
7124 7988
7124 9049
7127 9058
7128 7556
7145 9140
7147 8267
7151 7754
7151 9157
7156 8005
7157 8344
7168 8454
7169 7574
7170 7729
7173 9020
7173 9483
7174 7379
7174 9247
7175 9243
7178 8975
7179 7805
7181 9489
7183 8178
7185 8479
7186 8736
7187 8868
7191 9318
7193 9972
7194 7977
7195 8264
7210 8870
7216 7643
7216 8094
7217 8059
7221 8207
7226 7516
7227 9703
7230 7893
7230 9384
7231 8855
7232 9523
7235 8321
7235 8407
7236 7353
7239 8542
7244 9060
7245 7998
7246 9217
7251 9740
7256 8006
7256 8087
7258 7393
7259 9816
7260 8969
7261 8505
7263 8882
7265 9448
7272 9245
7274 8942
7279 8122
7279 9762
7283 9091
7285 8554
7287 9770
7289 9316
7292 7578
7292 8139
7296 9159
7300 8827
7300 9081
7300 9107
7301 7947
7304 8866
7305 7355
7306 9512
7308 7341
7310 9918
7311 7573
7313 9443
7316 7589
7316 8835
7317 7801
7325 9302
7325 9717
7327 7998
7328 8052
7329 8729
7332 8721
7332 9699
7333 7367
7334 9715
7336 8131
7338 9387
7341 7775
7348 9346
7350 9011
7354 7556
7355 7511
7356 8381
7357 7745
7357 8824
7364 7752
7364 9869
7365 8071
7369 9353
7372 9109
7372 9724
7383 9502
7384 8813
7388 9403
7391 8750
7391 8850
7394 9677
7398 7546
7398 9168
7399 7641
7401 8628
7403 8596
7407 8926
7408 9181
7408 9478
7409 7816
7410 8109
7413 7702
7415 8049
7417 7923
7418 7522
7420 8089
7420 8200
7421 9717
7422 9552
7425 9743
7427 8565
7429 8055
7429 9331
7430 9251
7431 9003
7432 9391
7433 9074
7434 7565
7438 9949
7439 8753
7444 9884
7446 9784
7448 9711
7451 7519
7452 9759
7453 8149
7455 7856
7457 8658
7458 8892
7460 7717
7460 8220
7462 8172
7464 9695
7465 8103
7466 7790
7466 8172
7470 8496
7471 7791
7471 9310
7472 9829
7474 9843
7476 7504
7479 9720
7481 9410
7481 9553
7486 7783
7486 9149
7486 9607
7492 8549
7493 8048
7495 9408
7496 9779
7499 8669
7501 8789
7501 9366
7507 7706
7515 9284
7516 8462
7516 9175
7519 8582
7530 8074
7530 9358
7530 9625
7534 9130
7537 8245
7541 7966
7542 9023
7550 8242
7558 9486
7562 9603
7565 8063
7567 8138
7569 8431
7573 8680
7577 8325
7577 9567
7578 8083
7580 8069
7583 8432
7587 9911
7589 8409
7591 9009
7592 9867
7607 9252
7607 9272
7610 9620
7611 9338
7611 9925
7616 9957
7617 8170
7619 7907
7619 8056
7623 9809
7631 7858
7631 8694
7632 9297
7633 8083
7637 9045
7638 7921
7638 9268
7639 8312
7642 8797
7642 9555
7646 7768
7646 8600
7647 8933
7648 7827
7653 8508
7657 8599
7657 8940
7658 9165
7661 7763
7661 8748
7664 8267
7664 9505
7665 9068
7666 9803
7667 9628
7668 8135
7674 9337
7675 8725
7677 7931
7683 8537
7689 7918
7698 8124
7700 8172
7704 7916
7704 8980
7708 8804
7710 7718
7713 8188
7714 9358
7721 8508
7721 9824
7723 9928
7725 8269
7727 8425
7730 8761
7734 8047
7735 8396
7740 8601
7741 9679
7742 8360
7743 9867
7746 8058
7746 9249
7753 8386
7753 9530
7755 9015
7756 9069
7760 9146
7760 9509
7764 7824
7771 8737
7771 8739
7774 9197
7777 9925
7780 8457
7780 8524
7780 9921
7783 8404
7785 9179
7786 8252
7788 9263
7789 9679
7790 8283
7794 8553
7795 9947
7796 8880
7796 9140
7802 9026
7805 9047
7812 9381
7813 8032
7817 9627
7821 8688
7827 8934
7836 8077
7837 7942
7852 9089
7854 9862
7857 8769
7858 8541
7861 9170
7864 8187
7864 9476
7866 9840
7876 8788
7879 8562
7884 8063
7884 8672
7884 8914
7895 9534
7897 9821
7898 8784
7900 8436
7901 8517
7901 8679
7903 9319
7904 8886
7906 9441
7906 9920
7907 9432
7909 7953
7909 9541
7910 8623
7911 9490
7911 9725
7916 9537
7923 7958
7924 8288
7925 8626
7928 8278
7931 8417
7934 8654
7943 8153
7943 8441
7946 8268
7946 9283
7947 9880
7951 8739
7955 9555
7957 8601
7958 8253
7958 9705
7960 9610
7963 8498
7964 9265
7966 8315
7967 9515
7970 9219
7970 9247
7978 8723
7982 9794
7984 9760
7986 8725
7996 9781
7999 9122
8002 8811
8005 9636
8009 8382
8011 8220
8014 9961
8016 9008
8020 8201
8029 8093
8035 8074
8043 8552
8051 9154
8055 8088
8061 8464
8065 9527
8069 9693
8074 9794
8077 8940
8078 9414
8080 8245
8082 8980
8085 8619
8092 8685
8096 8259
8099 9726
8102 8569
8102 9113
8105 8696
8110 8725
8110 8938
8112 8784
8116 9677
8120 9657
8127 9129
8128 9407
8130 8754
8131 8856
8135 8850
8142 9900
8152 8348
8159 8641
8162 8391
8162 9917
8163 9493
8164 8517
8170 9516
8172 9395
8173 8301
8178 9922
8187 9880
8190 8309
8192 8849
8193 8484
8193 9526
8195 9226
8198 8211
8202 9743
8203 8926
8206 8311
8212 8488
8213 8560
8216 9704
8220 9847
8225 9730
8228 9469
8238 8961
8242 8546
8246 9768
8251 9002
8254 8790
8256 9815
8260 8963
8261 9386
8268 8374
8268 8991
8268 9175
8271 9074
8274 9904
8276 8418
8278 9334
8280 9410
8281 9723
8282 9355
8285 9003
8285 9181
8285 9853
8286 9848
8289 8775
8291 9861
8292 8726
8292 9348
8295 9107
8301 9850
8302 8628
8304 9414
8307 9591
8313 8992
8317 8746
8320 9800
8321 8508
8327 8550
8333 8409
8333 9770
8340 8657
8352 9372
8360 9432
8360 9507
8374 8520
8374 9421
8378 8956
8381 8701
8382 8947
8384 9131
8389 9536
8393 8947
8395 8427
8398 9782
8400 9352
8406 9008
8408 8957
8411 9042
8415 8948
8432 8918
8433 8536
8458 8525
8460 8681
8461 9175
8463 9506
8469 9008
8474 9182
8475 8878
8475 9558
8478 8497
8483 8736
8491 9785
8495 9248
8503 9142
8505 9908
8506 9502
8516 9435
8543 9827
8560 9256
8576 8856
8582 9397
8587 9318
8589 8610
8604 9334
8611 9816
8614 9627
8621 8716
8622 9335
8623 9488
8623 9784
8624 9423
8634 9178
8636 9641
8637 9219
8645 8664
8655 9272
8660 9666
8663 9237
8677 9658
8679 9083
8681 9768
8683 9845
8687 9558
8691 9808
8694 9625
8696 9855
8697 9886
8707 8981
8708 9360
8710 8882
8711 8947
8711 9630
8712 9385
8716 8749
8716 9886
8717 8819
8724 9697
8726 9505
8728 9596
8733 8905
8733 9202
8733 9775
8735 9185
8743 9671
8749 9089
8751 9251
8752 8915
8760 8898
8761 9356
8765 9935
8770 9159
8774 8991
8788 9683
8793 9553
8819 9877
8827 9846
8828 9084
8829 9727
8831 9022
8842 9084
8845 9392
8848 9893
8856 8900
8857 9301
8863 9946
8871 9556
8873 9888
8877 9704
8880 9356
8882 9206
8887 8977
8896 9266
8901 9182
8909 9208
8915 9600
8917 9617
8920 9101
8927 9286
8935 9073
8936 9530
8937 9523
8942 9060
8944 8946
8961 9662
8963 9829
8966 9686
8971 9662
8987 9757
8995 9407
9001 9155
9003 9315
9004 9537
9006 9848
9042 9741
9042 9841
9049 9364
9053 9548
9061 9746
9094 9487
9105 9649
9109 9418
9111 9140
9111 9215
9118 9429
9125 9244
9152 9882
9158 9560
9159 9336
9174 9482
9175 9486
9176 9226
9184 9456
9185 9569
9204 9955
9210 9633
9211 9930
9231 9483
9240 9474
9245 9604
9248 9672
9262 9820
9303 9551
9305 9484
9317 9661
9327 9816
9340 9678
9348 9368
9355 9544
9355 9930
9356 9729
9361 9830
9365 9507
9372 9698
9376 9917
9377 9620
9383 9521
9388 9744
9390 9692
9403 9747
9431 9559
9456 9750
9506 9599
9507 9840
9518 9869
9520 9876
9527 9644
9575 9725
9575 9946
9576 9823
9587 9672
9589 9716
9625 9859
9641 9791
9646 9910
9647 9867
9652 9906
9657 9917
9689 9739
9690 9910
9698 9972
9719 9951
9724 9746
9755 9800
9767 9814
9876 9936
9909 9916
