9904 8814
0 1076
0 7669
0 8776
0 9833
2 5819
2 6811
3 984
3 3453
3 7007
4 1993
4 5015
4 7473
4 8929
5 8085
6 930
7 1664
7 5586
7 7067
8 1472
9 2786
9 9034
10 2028
10 9607
11 5094
12 1792
14 3187
14 4598
15 822
17 4291
17 5506
17 8449
18 2100
19 1678
19 2114
21 1377
21 4954
21 8191
21 8828
22 1177
22 5278
22 6715
22 7839
22 8248
22 9077
22 9179
22 9822
24 2836
24 6654
24 8248
25 1636
25 3700
25 7275
25 8018
26 9074
27 375
27 1373
27 1542
27 4778
27 5577
28 4901
28 7540
29 6932
29 8162
30 1448
30 3146
30 3324
31 1708
31 5717
32 4725
32 5188
32 8978
33 3228
33 4409
33 5922
33 8317
34 604
34 1372
34 1528
35 974
38 5369
39 1568
39 2616
41 2763
41 2983
41 5033
41 6761
42 7303
42 7812
43 2762
44 1828
45 1219
46 2967
46 5203
46 6755
47 97
47 2407
49 6699
50 5160
50 9044
51 6137
51 7592
51 8406
52 6273
53 2237
53 2824
53 3794
53 6926
53 7554
53 8688
54 560
54 8052
55 8430
56 284
56 4375
57 2353
57 3207
57 3994
57 5272
57 6467
59 4937
59 8495
59 8797
59 9291
61 7363
61 8981
63 2179
63 3098
64 981
64 1498
65 1834
67 1616
67 1895
67 3703
67 3947
68 399
68 2348
70 6932
72 956
72 5928
72 6022
73 6446
74 3254
74 7673
74 8656
75 4975
75 9262
76 7076
76 8243
77 8189
79 3285
79 5841
79 6216
79 8522
80 5592
80 7545
81 2255
81 5757
81 6920
83 5983
83 9477
84 848
84 7567
85 5091
85 9195
87 4444
88 1808
88 2367
88 7015
89 4733
89 7424
90 5092
90 5199
91 2492
91 4367
91 7178
93 3379
93 6354
93 6799
93 9456
94 5567
94 5958
94 6064
94 7695
95 2391
96 1768
96 8477
97 513
97 8632
99 1822
100 4534
100 7805
101 3256
101 4155
102 7304
103 5232
103 9759
105 8437
106 2001
106 2697
107 1278
107 1440
107 9226
108 8775
109 202
109 4966
109 5946
110 853
110 6939
110 9286
111 2452
112 1763
112 5444
113 4019
114 2439
114 3808
114 6173
115 2577
116 3886
116 8576
117 3293
117 4139
117 6001
118 4164
119 5295
119 6131
119 6271
119 8073
120 2874
120 4699
121 1101
121 1188
121 6330
122 997
122 7152
122 9666
123 1082
123 3753
123 7103
124 2934
126 4405
126 9372
127 1004
127 2424
127 5796
127 8631
128 8934
129 932
129 1249
129 3006
131 3086
131 7039
132 753
132 2473
132 3769
133 3790
133 5330
134 1765
134 1986
134 2573
134 2583
134 4244
134 4611
135 1719
135 3612
135 3981
135 6536
135 8228
136 6143
136 8155
137 6132
137 7656
139 1973
142 3978
143 3646
145 3293
145 3535
145 5899
145 6700
145 8566
146 4784
146 6677
146 9523
147 8401
148 6043
148 7396
150 4718
150 5559
150 8102
150 8657
150 9549
151 2141
151 6155
152 2455
152 5789
153 8920
154 3407
155 6247
157 2217
157 8796
159 3013
160 5703
160 7332
162 1501
162 5880
164 8504
167 3496
168 2639
168 8416
169 4946
169 9289
169 9740
171 1937
171 7932
172 741
172 841
172 1068
174 191
174 2428
174 3250
175 2148
175 3109
175 3196
175 3754
177 4963
178 2169
178 7989
179 1227
180 589
180 3805
180 4934
180 9473
180 9601
181 5508
182 701
182 2287
182 4349
183 2074
184 252
184 3093
184 8537
185 282
185 1849
185 6223
186 5365
186 6054
187 2319
187 9119
189 1298
189 6324
190 3754
190 4753
190 7329
190 8239
190 9497
191 228
191 4923
192 2412
193 4972
193 8318
194 9606
195 3296
195 3745
195 8008
195 8820
196 4638
196 6963
197 5950
198 2368
198 3240
198 9742
199 5424
200 7494
205 1267
205 1438
205 1879
205 3067
206 989
206 4472
206 5132
206 6265
207 1369
207 5009
208 2474
208 6530
208 6691
208 8340
209 3428
209 8543
210 1714
210 4228
210 7917
211 701
211 4169
212 4124
213 1678
213 8995
213 9634
214 4178
214 6668
214 8127
215 3395
215 4523
215 7014
216 2874
216 7492
216 8405
217 7939
219 577
220 243
220 448
220 4109
220 6549
220 8246
221 2437
222 7996
224 5681
224 6278
225 2666
225 3762
226 2020
226 4614
226 8456
227 9241
228 4404
230 3824
230 7035
230 8231
231 384
231 6329
232 2044
232 4565
232 5546
232 6139
232 7061
232 7748
233 745
233 3936
233 7659
234 8101
234 8524
235 2174
236 1140
238 4119
239 6262
240 3525
240 4061
242 373
242 5075
243 4328
243 6023
244 1131
245 7628
247 823
247 1773
247 5176
248 1794
249 3031
249 4750
250 8509
250 9652
251 1287
251 3994
251 6343
252 2566
252 9743
254 3196
254 3936
255 7270
256 555
256 9328
257 3350
257 6741
258 7664
259 7178
259 8336
259 8596
260 3776
262 804
262 4066
262 5905
262 6865
263 5200
264 1523
265 6731
267 4697
267 4857
267 5454
267 7019
267 8408
268 7581
269 428
269 3497
269 4263
270 6298
272 6895
272 9339
274 5146
274 5452
277 4947
277 8275
277 8394
278 1114
278 2910
278 9517
279 8514
279 9338
280 7056
280 8715
281 5904
281 6686
282 1097
283 6819
283 7061
284 5512
285 1571
285 6636
285 6892
285 6916
287 2688
288 2240
288 5263
288 6357
288 9766
290 6809
290 7813
291 4279
291 7494
292 4400
293 854
293 5806
294 759
294 5267
296 1452
296 7134
298 6708
298 9604
299 3774
300 1436
300 7735
301 1488
301 5459
302 2242
303 7018
303 7911
303 8177
304 756
304 7033
304 8400
306 2785
307 2165
308 4715
309 5803
309 5986
310 5151
311 4060
312 4298
312 4439
312 8371
313 4880
314 6539
315 1509
315 1551
315 1630
315 9361
316 6679
316 7214
318 3480
320 2664
321 483
321 4178
321 8090
322 7776
323 1802
323 2328
323 2417
324 2696
324 2794
324 5113
324 8890
325 761
325 3678
325 4594
326 7088
327 4940
327 6318
327 9613
328 1306
328 7741
329 1402
329 2838
329 3812
331 6165
331 8105
332 3527
332 6094
332 7004
333 7538
334 8870
335 3579
335 3748
335 5761
335 7135
336 2872
336 4637
336 9541
337 6899
337 8041
338 4211
339 4216
341 400
341 800
341 2662
342 3035
342 4714
342 7398
342 8894
343 5687
343 6315
343 7632
343 8304
345 7260
346 592
347 1574
347 1914
348 6908
351 431
351 1087
351 5604
351 8816
352 1381
353 4925
354 2180
354 7860
355 1691
355 4140
355 5655
355 5826
356 997
356 5676
358 1240
358 7384
359 5117
359 8998
360 1352
360 2632
360 7619
361 3825
361 5438
361 7181
362 4628
365 4308
365 5837
366 376
366 1212
366 6844
367 4575
368 1013
368 1971
368 7347
371 2272
371 2561
371 5721
371 9466
372 659
373 2327
373 4534
373 8763
373 9835
374 1508
374 6128
375 3029
375 3135
375 3946
375 8633
376 971
376 1215
376 7834
377 1626
377 2281
377 4030
378 847
378 2398
378 5372
378 6592
378 8120
378 8484
379 3862
379 6982
379 7122
380 4803
380 6619
380 7064
381 1489
382 1541
382 3973
382 4308
382 5411
383 3595
384 1962
384 7239
384 7599
385 846
385 2763
386 515
386 8104
386 9599
387 2335
387 6181
389 1462
389 2423
389 4669
389 6248
390 3817
390 6300
391 4615
391 9617
392 1827
393 7207
393 8441
394 1578
394 1857
394 3733
394 5743
394 7203
395 2518
395 5577
395 6797
395 8088
396 1011
396 2334
396 6311
397 1941
397 9606
398 1014
398 3449
399 5441
399 6760
400 4900
400 5100
401 2098
401 8476
403 8021
404 2284
404 5320
406 9023
407 1444
407 4819
407 9641
408 9894
410 2901
412 2487
415 3678
416 2714
416 3041
416 8103
417 5106
418 4626
418 7042
419 8248
420 463
420 3066
421 717
422 3695
422 6738
422 9833
424 9124
425 768
425 4381
426 2320
426 3794
427 8148
428 636
428 9850
429 2662
429 9003
431 3422
431 6976
431 8662
433 7718
434 3286
434 8275
435 2176
435 5442
436 8976
437 1072
437 5592
437 5879
437 7566
437 9312
437 9487
438 5508
438 9866
440 3646
440 3983
440 9066
440 9875
441 4704
443 5283
443 7770
444 1130
444 2147
444 5010
445 1917
445 4166
446 2613
446 3166
446 4486
447 8354
448 4407
448 8296
448 8341
448 9685
450 9221
451 2191
451 4990
451 9515
452 3326
453 2973
454 2822
454 3380
454 4431
454 4444
455 5201
455 6531
456 5537
457 3148
457 4585
457 5274
457 7135
458 6008
458 6262
458 9590
459 2619
459 7930
459 7993
459 9401
461 4724
461 6126
461 6884
461 9289
462 8446
463 1558
463 1914
463 2664
463 6065
464 3450
465 1347
465 4862
469 6693
469 6699
470 843
470 2930
471 3045
472 494
472 2125
472 8035
473 1209
474 6313
474 6882
475 8672
479 1474
479 3245
479 7639
480 2311
480 4352
480 4974
480 6755
482 3644
482 5226
482 8363
483 4935
483 6489
483 8054
483 8517
484 485
484 521
484 2370
484 7469
485 3544
485 5782
485 7068
486 3058
487 5059
487 7056
487 8598
487 9294
488 1152
488 2337
488 9144
489 2864
489 6058
492 2428
492 2743
493 9583
494 5908
494 9777
495 8759
496 3356
498 1912
499 3132
501 1730
501 2395
502 5857
503 5496
504 697
504 809
504 8135
504 9722
505 4520
505 9186
506 6500
506 9615
507 3509
507 4982
509 9724
510 9438
511 4226
512 9805
513 1276
513 1573
516 5224
516 6004
517 7664
518 7210
518 7218
518 7294
519 6230
519 9862
521 1647
521 7332
522 2338
522 4470
522 8395
523 6007
523 7451
523 9618
524 3913
524 8542
525 3373
525 5782
526 6743
529 6573
530 1071
530 3184
532 8039
532 9012
533 685
533 7286
534 754
535 3120
535 5533
537 1069
537 4762
537 7695
537 7816
537 7932
537 8182
538 5983
538 7064
539 7996
540 1948
540 6224
541 6221
542 3182
542 9520
543 3778
543 4258
543 8515
544 6034
545 1462
545 7119
546 6480
546 8307
547 739
547 6345
548 1751
548 6866
549 860
550 712
550 1505
550 4009
552 1190
552 3840
552 6388
554 2879
554 5999
555 4205
555 5714
556 9775
557 7683
559 6364
560 3446
560 3860
561 740
561 5155
562 3433
562 4074
562 4559
562 8397
563 4988
564 4652
564 9091
565 5060
566 5688
566 6749
566 9773
567 837
567 8287
568 2378
569 5291
570 4619
570 6652
570 9214
571 3466
571 4173
572 8506
573 1839
573 7642
574 8909
575 1164
575 6693
576 2872
576 3356
577 2225
577 6661
578 2665
578 8344
578 9507
579 4262
579 8622
580 4651
581 5126
581 9300
582 5223
586 7711
586 9684
587 3126
587 3748
588 6702
588 8227
588 8424
589 8277
590 3479
590 4263
590 4975
590 5015
591 917
591 5788
592 3190
592 7965
592 8376
593 4319
594 4143
594 9108
595 609
595 2816
595 3919
597 4627
599 1352
600 1031
601 3339
602 729
602 3921
602 6182
603 1997
604 2078
604 5616
605 7280
606 8379
606 9171
607 2677
607 3106
607 5197
608 2498
608 7646
609 7665
609 9485
611 3887
611 5927
611 8582
612 4903
612 6163
614 750
615 4961
616 5529
616 9288
617 3478
617 5526
618 4856
618 6104
619 7122
620 5761
620 8944
623 5006
623 9284
624 3285
624 6097
626 3330
626 6255
626 8286
626 8337
626 9010
627 2475
628 5158
629 9633
630 5283
630 5295
630 8113
631 1492
631 6026
632 2348
632 4005
633 3037
633 3155
633 5175
633 5403
634 9493
635 6682
635 7819
636 7046
637 2738
637 8345
638 4716
639 3061
640 1202
640 7966
640 8840
641 1057
642 2976
642 6439
643 1929
645 3240
646 6522
646 8813
647 9011
649 4919
650 2216
651 821
651 6221
652 9462
652 9737
653 2930
653 8831
654 3204
654 4006
654 5449
654 6936
655 3323
656 3575
657 1762
657 3124
658 5162
658 7805
658 8026
659 1554
659 4967
660 753
661 3694
661 7463
662 2030
662 5572
663 5077
664 2441
664 5561
665 6630
666 1655
668 3777
668 6086
668 8098
668 8495
668 9018
669 3840
671 2809
671 7700
671 8006
672 717
674 935
675 1243
675 3680
676 2811
676 5210
677 5918
677 6399
678 3668
678 6773
678 8308
678 9405
679 3876
679 6571
679 7478
680 4303
681 3531
681 4446
681 7144
681 9297
682 1563
682 4149
683 1608
683 2093
683 4949
684 2083
684 7021
684 8411
685 4317
685 4650
685 5952
685 7536
686 5812
686 6109
686 8787
688 5655
689 1170
689 4059
689 6009
689 8993
689 9163
692 1028
692 5584
692 8322
693 1072
693 7118
695 1739
696 5062
698 4782
698 7458
699 9564
700 1102
700 4764
700 7550
701 2208
702 6092
702 6477
704 1504
705 1048
705 5876
705 6009
706 8667
708 7240
709 3730
709 8177
710 5309
710 5311
711 8343
712 5445
713 9427
713 9723
714 8845
717 2028
717 7280
718 1544
720 3963
722 1287
722 5994
723 3074
723 3886
723 9342
724 5946
725 3637
725 9573
726 4984
726 6660
726 7950
727 8941
729 3930
730 4710
730 6489
731 1067
732 1473
732 2640
733 4255
733 6192
734 5676
735 6887
735 8282
735 9219
736 2058
736 2248
736 4379
737 6245
737 9818
739 8561
740 824
740 7410
741 3748
741 6004
742 9865
743 9820
745 3508
745 3588
745 5961
746 2676
746 3645
748 869
748 2720
749 1294
749 1522
749 8098
750 2835
751 5090
753 9259
756 1590
756 3426
756 4421
756 5587
757 2666
757 3690
757 4024
757 4577
757 5894
757 7907
758 2970
759 3893
759 4292
760 9109
761 4765
761 6027
762 1431
762 2180
762 8224
762 8459
763 1753
763 2549
763 5004
763 6523
764 1355
764 9062
765 2934
766 2327
768 3561
768 9230
771 3193
771 5469
772 2543
772 4825
772 7229
772 7485
772 9461
773 6553
773 9670
774 1764
774 6527
774 7896
777 6652
778 1767
778 2448
779 4934
780 3237
780 5432
781 1028
782 8967
783 2528
783 2936
784 2951
784 5439
785 5183
785 7815
785 7958
787 4162
787 4382
788 3494
789 3020
789 4226
789 4285
789 5147
789 5474
789 7549
790 4721
791 1472
791 2623
791 2970
794 6861
795 3466
795 4451
796 5556
796 7098
796 7155
796 8190
797 7586
798 7978
798 8414
799 5919
800 6729
801 5522
802 1051
802 3116
802 8894
802 8899
803 2914
803 5221
804 9502
805 6793
805 7853
806 1122
807 4348
807 8298
808 7420
808 7866
809 2498
809 2826
809 6906
809 8795
810 8677
812 2323
812 4566
813 1389
813 1841
814 1333
815 9082
816 4708
816 6181
816 9259
817 906
818 8006
820 1220
820 2538
820 3384
820 4254
820 4827
820 7986
821 7988
822 3213
822 4537
822 8026
823 4709
824 1705
826 5393
826 7794
827 6640
827 6999
828 1112
828 4317
828 8114
829 2039
829 8781
830 4780
831 839
831 6054
832 4233
833 2838
833 6095
833 7755
833 9729
834 3028
834 4594
834 8113
835 1590
836 5854
837 7737
838 7691
839 4564
840 9294
841 3930
841 4422
841 6109
843 3015
843 9318
844 1993
844 5271
844 6066
845 1814
846 9101
847 5253
848 8122
850 1381
850 6104
852 7870
853 1898
854 1180
854 8069
854 8176
855 6069
855 6345
855 8627
855 9557
857 9134
858 4090
860 3699
860 5923
860 7093
861 5507
861 8865
861 9284
862 4945
862 5841
863 5045
864 1969
865 7321
865 8237
866 2027
867 3427
868 1471
868 7687
868 8441
869 1584
869 6793
870 1951
870 6909
870 8083
871 1235
871 1843
871 5894
871 7732
871 9354
872 1608
872 5083
873 1311
874 7830
877 1826
877 2516
877 6077
878 994
878 6147
879 5858
879 7790
879 7814
880 1296
880 5239
881 6299
882 4869
882 9188
883 6096
883 9811
885 1263
885 7341
887 1944
887 3964
888 3824
888 4283
890 3234
890 8759
890 9383
891 7862
892 1591
892 3414
892 5584
892 7485
892 9209
893 2381
893 7122
893 7557
894 5788
896 5801
897 4389
898 5904
900 5790
900 7623
901 4703
903 3799
904 4241
904 7762
906 1723
906 5605
906 8521
907 4811
907 6786
907 8003
908 3364
908 4316
908 6669
908 7253
908 8232
909 2391
909 4014
909 4523
909 9681
911 3964
912 1472
912 2109
912 8228
913 5511
913 7958
913 9547
914 5727
914 7215
914 9844
915 5375
915 7768
917 3138
918 8397
919 1012
919 3905
919 9018
919 9431
920 2166
920 4475
920 7001
921 5265
922 3959
923 4438
923 6858
924 6899
925 5921
926 2308
926 7361
927 1368
927 9095
928 3702
928 4377
928 5318
928 7637
930 2150
930 2605
930 6890
930 6946
931 9084
932 6098
933 1075
933 8749
934 9314
936 6691
937 5234
937 5393
937 6824
937 9275
938 3745
939 4752
939 4944
940 7124
941 3001
941 6451
942 2835
943 7075
944 3118
944 7063
946 8034
947 1619
947 3961
947 6106
947 8780
948 3778
948 6923
949 5646
950 6206
950 7430
951 9420
952 4844
953 8695
954 8887
955 4925
955 4979
955 5946
955 7530
956 1474
956 2262
956 2701
956 5067
958 3481
959 6047
959 7312
959 9743
961 8659
962 6245
962 6757
962 7513
962 9691
963 4279
964 2076
964 6040
966 5826
967 4764
967 9332
968 1258
968 4451
969 1711
973 6481
974 7762
974 7976
976 3468
977 1006
977 6023
978 1075
978 2173
978 2490
978 7617
979 5465
980 6600
981 6443
981 8844
983 5786
983 6150
984 2744
984 3414
984 9397
985 9029
986 2007
986 6930
986 9191
987 8569
988 1060
988 7835
989 2453
989 9299
990 7043
990 7593
991 3361
991 5570
991 6411
991 7497
992 7492
994 5670
994 6147
994 8166
996 9739
998 2315
999 5637
1002 8068
1002 9852
1003 6304
1004 2287
1005 3845
1005 6508
1005 6968
1006 6095
1006 8173
1007 3329
1008 2201
1009 1961
1009 4424
1010 2059
1010 2361
1010 6598
1011 7558
1011 9768
1012 1859
1012 5419
1013 2283
1013 6123
1013 8094
1013 9689
1016 1796
1018 2331
1019 1323
1019 2881
1020 2182
1020 4756
1021 4869
1021 5270
1022 1432
1022 2393
1025 6108
1026 1091
1026 3489
1031 6148
1031 8062
1032 2182
1032 6328
1033 2572
1034 2442
1034 5286
1035 2447
1035 6235
1035 6482
1036 5800
1038 6696
1039 4846
1039 7196
1039 7775
1039 8608
1040 1274
1040 2276
1040 3405
1042 1881
1043 2372
1043 2466
1043 3334
1045 5686
1045 7480
1046 4129
1047 4399
1047 8501
1048 1508
1048 3970
1048 4512
1048 6528
1049 5316
1049 9058
1050 5771
1051 2365
1051 2828
1051 6999
1051 7313
1051 7817
1052 5590
1053 1339
1053 2082
1053 3376
1054 2172
1054 7396
1055 1173
1055 2596
1055 4491
1057 3997
1057 7901
1058 3614
1060 3704
1060 4932
1061 3055
1061 3801
1061 4402
1061 5461
1061 7332
1061 8240
1061 9365
1062 1084
1063 4933
1063 7602
1064 2972
1064 5408
1064 5813
1065 6037
1065 7894
1066 4620
1067 1470
1067 6700
1068 8611
1069 2161
1069 9387
1070 5880
1071 2334
1072 4222
1073 2213
1073 3198
1073 8984
1075 5887
1075 9368
1077 1160
1077 3835
1078 8465
1079 3895
1079 7386
1081 5773
1081 6615
1083 5629
1083 9842
1084 5397
1084 7207
1084 9020
1086 4654
1086 5071
1086 8868
1087 1747
1087 5977
1087 6209
1087 8915
1088 9174
1089 1992
1089 7626
1090 9423
1092 2814
1092 4666
1093 4819
1094 1430
1094 4504
1094 5994
1095 2329
1095 6984
1095 8597
1096 1780
1096 5787
1097 3771
1097 5253
1097 5951
1098 3587
1098 4214
1098 4917
1099 2407
1099 4503
1099 4603
1101 7241
1103 1622
1103 4916
1103 5797
1104 2518
1104 6287
1104 8112
1107 7866
1108 5139
1108 6718
1108 8528
1108 9098
1109 5113
1109 7133
1110 6960
1110 7658
1111 8626
1112 9485
1113 3655
1113 8629
1114 3947
1114 4178
1114 4461
1116 1363
1116 1876
1118 2996
1120 3503
1120 5183
1120 7044
1121 7206
1122 2579
1123 7664
1123 8793
1127 3765
1127 8902
1128 7111
1128 8531
1129 1269
1131 2154
1131 6433
1131 8532
1132 4652
1135 2539
1135 6575
1138 5134
1139 3432
1139 4029
1139 4395
1139 6018
1140 7147
1140 8675
1140 9240
1141 6691
1141 7011
1142 3506
1142 4153
1142 5723
1143 5080
1145 2233
1145 5459
1146 5083
1146 6285
1148 9344
1149 3659
1150 7138
1152 6301
1153 4885
1153 5257
1154 3502
1154 4124
1154 5309
1155 1689
1155 9864
1156 2889
1157 6334
1157 6858
1158 1420
1158 4582
1158 8210
1159 3114
1159 3505
1160 5526
1162 2434
1162 3195
1162 3264
1162 4594
1163 4124
1164 4044
1164 9191
1165 1825
1165 3267
1166 3085
1166 5077
1166 5517
1167 1739
1167 8512
1167 9241
1168 1717
1168 5487
1168 6176
1168 6564
1168 7214
1169 4455
1173 3124
1173 9102
1174 4117
1175 7122
1175 8170
1176 1601
1176 9388
1178 2123
1179 3206
1179 7074
1179 9568
1181 2907
1181 7516
1182 7400
1182 7828
1183 5367
1183 9280
1183 9621
1184 1384
1184 7115
1185 5006
1185 6051
1186 3873
1186 8439
1187 3102
1188 8330
1190 3049
1190 3622
1190 6696
1190 8144
1191 7852
1192 3291
1192 4180
1193 1858
1193 9842
1194 6076
1194 6871
1195 7303
1196 3401
1196 4944
1197 7935
1197 9592
1198 1616
1198 2658
1199 2703
1199 4469
1199 6127
1199 7510
1199 8349
1201 1772
1201 9074
1202 2459
1202 9467
1203 4745
1203 5384
1203 8846
1203 9628
1204 5121
1204 9184
1205 1910
1205 4466
1205 5028
1206 7304
1207 1607
1207 8639
1208 3569
1208 4102
1209 1736
1209 7776
1210 3698
1210 5069
1211 1343
1212 7583
1213 3743
1214 5709
1214 6711
1216 3414
1216 7086
1216 8650
1218 7099
1218 8384
1219 1933
1219 3444
1220 2301
1221 7284
1222 3577
1222 5835
1222 9387
1223 9109
1224 2196
1224 2455
1224 5186
1224 5443
1224 6533
1226 2895
1226 7411
1226 8060
1227 2310
1230 1456
1230 1724
1230 4536
1230 9598
1232 1708
1232 3459
1232 8303
1235 7183
1236 7199
1236 9681
1237 1247
1237 7048
1238 3167
1238 4138
1239 1669
1240 8376
1241 2573
1241 5365
1242 4092
1242 4566
1243 7965
1245 4185
1245 4192
1245 6888
1246 8983
1248 2734
1248 5571
1248 5693
1249 6366
1249 9742
1250 2695
1250 6377
1250 8726
1251 9593
1252 4688
1252 7555
1253 4172
1254 1749
1254 5119
1255 4200
1255 5085
1255 5396
1255 5840
1255 7575
1256 5199
1256 7572
1257 3768
1257 5852
1257 9457
1258 6854
1259 9442
1260 5581
1260 7414
1260 8535
1261 9041
1261 9539
1262 2691
1262 5225
1262 8582
1263 6091
1263 7688
1263 9017
1263 9268
1264 5043
1264 9642
1267 4104
1268 1464
1268 6311
1268 6481
1268 7588
1270 9284
1271 9694
1272 6589
1273 9607
1274 6587
1274 8498
1275 8393
1276 3246
1276 3838
1276 8449
1276 9851
1277 5887
1277 8260
1278 5682
1279 8499
1280 2138
1280 4669
1280 5871
1280 6263
1280 6751
1281 2852
1281 7269
1282 8550
1282 9502
1283 1814
1284 1887
1285 2661
1285 2733
1285 3646
1286 4655
1286 7436
1287 3145
1287 3735
1288 4380
1289 6555
1289 7400
1289 9135
1290 2825
1291 1726
1291 5883
1292 3173
1292 3772
1293 2861
1294 5364
1295 2120
1296 2591
1297 3437
1298 2787
1298 5901
1298 8521
1298 8951
1301 6653
1301 6995
1304 1512
1304 2257
1304 3217
1305 2334
1305 2766
1306 6198
1306 6355
1306 7130
1307 8852
1307 9548
1308 1349
1308 8363
1309 4513
1309 7895
1310 2201
1310 6432
1311 4745
1311 8471
1312 6375
1312 7037
1312 7572
1313 4048
1313 4756
1313 8880
1314 3664
1314 3713
1315 1354
1315 3236
1315 6324
1315 7581
1315 9546
1316 4936
1316 5772
1316 8012
1317 4779
1318 5917
1319 3220
1319 5556
1319 8730
1319 9312
1320 4900
1320 6899
1321 1680
1321 5997
1321 8248
1321 9291
1322 3582
1325 3750
1325 6734
1325 8404
1325 9401
1326 1595
1326 2093
1329 5850
1330 8069
1331 4852
1331 9668
1332 5326
1334 2401
1334 5016
1334 5027
1336 4543
1337 6902
1337 8224
1337 8460
1338 2981
1338 5237
1338 6837
1339 2999
1339 4571
1339 7290
1339 9399
1340 2129
1340 8282
1341 1702
1341 2072
1341 5088
1342 9292
1343 1932
1343 2452
1343 8413
1344 8178
1345 2810
1346 1976
1348 8439
1350 7765
1350 8488
1353 1358
1353 4612
1354 4702
1355 5369
1355 5908
1355 7393
1357 2700
1360 6169
1361 2619
1361 4503
1361 7082
1362 3613
1362 4516
1363 8218
1363 8491
1364 1670
1365 5390
1366 7232
1366 7414
1367 9534
1367 9770
1369 1792
1369 6528
1370 4422
1370 7023
1371 6266
1372 1717
1372 6570
1373 2806
1374 4537
1375 4999
1375 7968
1376 8195
1377 5448
1378 1410
1378 4562
1378 8561
1379 2024
1379 4113
1380 4902
1381 7844
1382 4913
1385 2051
1385 2729
1385 7109
1386 6309
1386 6399
1387 2176
1387 3505
1389 4988
1389 9328
1392 8636
1394 6690
1395 9694
1396 5765
1397 4994
1397 8171
1401 3496
1402 4947
1402 5046
1402 5995
1403 6182
1405 4900
1405 8865
1406 4868
1407 3663
1407 5540
1408 5948
1410 4512
1411 4738
1412 1543
1413 6616
1415 5077
1416 6688
1416 9800
1417 6991
1419 3861
1421 1824
1421 2660
1422 2692
1424 4277
1424 7711
1425 1611
1425 3075
1425 8777
1426 4333
1426 6588
1426 7207
1428 1806
1429 7204
1429 8465
1430 2030
1431 3521
1431 3531
1431 4299
1431 5549
1431 6127
1432 2156
1433 9473
1434 4714
1435 1865
1435 4224
1436 7832
1436 8866
1438 1659
1438 4223
1439 3718
1439 6885
1441 1752
1441 2241
1441 5104
1441 7788
1442 6997
1443 9143
1444 3363
1444 9036
1445 8598
1445 9866
1448 2063
1448 2206
1449 9573
1450 3620
1451 2193
1451 3470
1453 2474
1453 3170
1453 6489
1453 6495
1454 2878
1454 4962
1455 9300
1455 9743
1456 9784
1457 2556
1457 2814
1457 4995
1458 4260
1459 2372
1459 4654
1460 4112
1460 7701
1460 9643
1462 7425
1462 8408
1462 9212
1462 9535
1463 5302
1463 6656
1464 8472
1466 2887
1466 7351
1466 9593
1467 2785
1470 9720
1472 3130
1472 4554
1472 9315
1473 6485
1474 2108
1475 7643
1476 1568
1476 5714
1477 4327
1478 3902
1478 9652
1479 8183
1479 9137
1480 9433
1480 9584
1482 6956
1482 7458
1483 3615
1483 9444
1484 6912
1484 7199
1484 8782
1485 8140
1486 4228
1486 6273
1486 6587
1487 3187
1489 5328
1489 5691
1489 6630
1490 4348
1490 9344
1492 1981
1492 8791
1493 2717
1493 5001
1493 8797
1494 3386
1495 8439
1496 4063
1496 4572
1496 5039
1496 9448
1497 2748
1497 3424
1497 3887
1497 3983
1498 5539
1498 6277
1500 3554
1501 3501
1501 3869
1501 4480
1501 6573
1502 6566
1503 8041
1503 8786
1504 9393
1506 9131
1507 2441
1507 2843
1507 4671
1507 8739
1509 6159
1509 7702
1510 5725
1510 9172
1512 2642
1513 2497
1513 3793
1514 1704
1514 9036
1514 9296
1515 2976
1516 3179
1516 4975
1516 5484
1517 5812
1518 4403
1518 5760
1518 6635
1519 4007
1520 4451
1520 7336
1522 3135
1523 5164
1523 8153
1523 8612
1524 2659
1524 4247
1525 4608
1525 6233
1526 3251
1526 5394
1526 6528
1526 7436
1527 9659
1528 3412
1528 8263
1529 5292
1529 5838
1529 6519
1529 8517
1529 9625
1530 6169
1530 9863
1531 2602
1531 2684
1532 8048
1534 7628
1534 9037
1534 9509
1535 7211
1536 2358
1536 5531
1537 8248
1538 7775
1539 6739
1539 7143
1539 8885
1541 7744
1541 8145
1542 1860
1542 6354
1543 1832
1543 5997
1544 2152
1544 8010
1545 3903
1547 6586
1547 8644
1549 1853
1549 5656
1550 1603
1550 4890
1553 2303
1553 9567
1555 2313
1556 5612
1557 6529
1557 9353
1558 4675
1559 9588
1562 6555
1564 4087
1564 6812
1565 4517
1566 1827
1567 3929
1567 6072
1568 9006
1569 7883
1570 1714
1570 2823
1570 6944
1572 9201
1572 9805
1574 1652
1574 7751
1575 2605
1575 6457
1578 4437
1578 7679
1578 9753
1579 3310
1579 7796
1580 7578
1581 2145
1581 7703
1583 8398
1585 7081
1585 9164
1586 4937
1587 8397
1588 2967
1588 6428
1588 6709
1588 6994
1588 9609
1589 3571
1589 9412
1591 4405
1591 6155
1592 2235
1592 3211
1592 3234
1592 4608
1593 2539
1593 5868
1593 8826
1594 4226
1595 7499
1595 9157
1596 8032
1597 2712
1597 7562
1597 8600
1599 7516
1601 1688
1603 8138
1603 8447
1604 2044
1604 3680
1604 5994
1605 5430
1606 2713
1606 5005
1606 9772
1607 4639
1609 2308
1609 8343
1609 9435
1610 2115
1610 9440
1611 5434
1611 5876
1611 9805
1612 3210
1612 3412
1612 3618
1612 5354
1612 9592
1613 4863
1615 5653
1615 9033
1615 9604
1616 6493
1616 6858
1616 7306
1616 8948
1618 8041
1619 9271
1619 9678
1620 3417
1620 4769
1621 1973
1621 2211
1621 3189
1624 6152
1624 6187
1624 7566
1624 8291
1625 6100
1626 4973
1627 2385
1628 8824
1629 6780
1631 6006
1631 7318
1631 8225
1632 9605
1633 8765
1634 6060
1634 6585
1635 2465
1635 4880
1635 5379
1636 1655
1636 8190
1638 3339
1639 3014
1639 3423
1639 4552
1639 6339
1640 5262
1640 7678
1641 7285
1642 8993
1643 3210
1644 3050
1644 6262
1644 9088
1645 1739
1645 6162
1646 7763
1646 7842
1648 2505
1648 3935
1648 6494
1648 9893
1649 6506
1649 9900
1650 1677
1652 4435
1652 9122
1653 1952
1653 8184
1653 8349
1654 5205
1656 3817
1656 3980
1656 8745
1657 5379
1658 3607
1658 4984
1659 3044
1659 6823
1660 7114
1660 8410
1660 9431
1662 2999
1662 4933
1662 7663
1662 9586
1663 3186
1663 6479
1663 9831
1665 5433
1665 6018
1666 2194
1666 4399
1666 6355
1667 5888
1668 7076
1669 4710
1671 4731
1671 8649
1671 9518
1674 2759
1674 5103
1674 6205
1676 5916
1676 7860
1678 4803
1678 5082
1678 6539
1679 8976
1682 2601
1682 7997
1682 8733
1683 7005
1683 7328
1683 7869
1685 4566
1687 1836
1687 4032
1687 5459
1690 5990
1690 9427
1691 3140
1692 6349
1694 3262
1694 4418
1694 6278
1695 4438
1696 3937
1696 4590
1696 8478
1697 9147
1699 9146
1700 9399
1701 9757
1702 3194
1702 3860
1702 4043
1703 2364
1703 3307
1707 2912
1707 5559
1707 8379
1708 2116
1708 5857
1708 7264
1708 7908
1709 4421
1710 2137
1710 3641
1710 5245
1710 7690
1710 8406
1711 4052
1711 8316
1711 9788
1712 5425
1715 6321
1715 7668
1716 1740
1716 2201
1716 6821
1717 4172
1717 4382
1717 8809
1717 8931
1718 9171
1719 1947
1719 2144
1720 3651
1720 6677
1721 3333
1722 8214
1722 8430
1722 9538
1723 4418
1724 9427
1725 6358
1725 8408
1726 8421
1728 6631
1728 9462
1729 7481
1730 8610
1730 8611
1731 6336
1732 8267
1733 1978
1733 3605
1734 5913
1734 8460
1735 8045
1737 1814
1737 7431
1738 7058
1739 5327
1739 6337
1739 8272
1740 3439
1744 2098
1744 5454
1744 8711
1746 4227
1747 3535
1748 3257
1748 7531
1749 4381
1750 7060
1751 3002
1751 5742
1752 2104
1752 4825
1753 4063
1753 6269
1754 4238
1754 5657
1755 7096
1755 8744
1757 6266
1758 4794
1760 4096
1760 5339
1760 7794
1762 6001
1762 9646
1763 6497
1763 7146
1764 6070
1764 6409
1764 9388
1765 1807
1765 6054
1766 4785
1766 8960
1767 5377
1768 2291
1768 4035
1768 5132
1769 3845
1770 8678
1771 8869
1772 5997
1773 5326
1774 2761
1776 8569
1777 5129
1777 6508
1777 8126
1777 8451
1778 2268
1779 9085
1780 2746
1780 4886
1780 8300
1781 2518
1781 4174
1784 7362
1785 2870
1785 9249
1786 9353
1787 3677
1787 5651
1788 3114
1788 4580
1788 6063
1789 4823
1790 2096
1790 3611
1790 5047
1792 3306
1793 5300
1794 6607
1794 7433
1796 6990
1798 2743
1798 2860
1798 3244
1798 9686
1799 5408
1800 4089
1800 8395
1802 9576
1803 9339
1805 2827
1805 3630
1806 7499
1808 2394
1809 3158
1810 4630
1812 3545
1812 7455
1812 7926
1813 3357
1813 4007
1814 2760
1814 9230
1815 7325
1816 5290
1817 7131
1817 7743
1818 3725
1818 4907
1818 7160
1818 8866
1818 9475
1819 3148
1819 5014
1819 8744
1820 3788
1821 2906
1821 4901
1821 4932
1821 5342
1821 9686
1822 4645
1822 4682
1822 5305
1822 7104
1823 4383
1824 5110
1824 6134
1825 2773
1825 5198
1826 2116
1826 6731
1827 6120
1827 7152
1828 2198
1829 2787
1829 4303
1830 4562
1831 4355
1831 6010
1833 7634
1834 7192
1835 2216
1835 5993
1835 7043
1836 2131
1836 4464
1836 6465
1837 7611
1838 6985
1838 9133
1839 6403
1840 2771
1840 8206
1840 8799
1841 5862
1841 8166
1841 8458
1841 8919
1842 2045
1842 7784
1844 9389
1845 4716
1845 6550
1845 9833
1848 3739
1849 4179
1850 4483
1851 2941
1851 3642
1852 6633
1853 1919
1853 3993
1853 7162
1854 3350
1854 3860
1855 5217
1855 7314
1856 4098
1856 8671
1856 9656
1857 4535
1858 3228
1859 4029
1859 5208
1860 5415
1860 6106
1860 7912
1861 8783
1862 3138
1862 4248
1862 7394
1864 5164
1867 5589
1867 8015
1867 8526
1868 4895
1868 6620
1868 7637
1868 8682
1869 3551
1869 9224
1871 9365
1876 7264
1876 7298
1877 5756
1878 4793
1879 6496
1879 7950
1879 8237
1880 2602
1880 3673
1881 3814
1882 2085
1882 2735
1882 4996
1883 4266
1883 6328
1884 3201
1884 8732
1885 6791
1885 8199
1885 8761
1886 9029
1888 5350
1889 2039
1889 9663
1891 4342
1891 7542
1892 4575
1893 2275
1893 3274
1894 5473
1894 8335
1895 6130
1896 4326
1898 2419
1898 7665
1899 2895
1899 6039
1899 6743
1900 3400
1900 3537
1901 8063
1902 2180
1902 2520
1902 5887
1902 9635
1903 2277
1903 6070
1904 3194
1904 5503
1904 8275
1905 6887
1906 6122
1907 5669
1907 6041
1907 7960
1908 9846
1910 2472
1910 3791
1911 2085
1911 5214
1911 5433
1911 6616
1913 5734
1914 8727
1916 5798
1916 8504
1919 4997
1920 5620
1920 8134
1921 6429
1923 2925
1923 3744
1923 6769
1924 7230
1925 5160
1925 8130
1926 8446
1927 2614
1927 5950
1929 7317
1929 7366
1931 2229
1931 2908
1931 4205
1931 4206
1931 7121
1931 7156
1932 5283
1932 6128
1932 9752
1933 8622
1934 8729
1934 9852
1935 7627
1936 8391
1937 4561
1937 5587
1937 6529
1937 7153
1939 3710
1939 6724
1940 4436
1940 8335
1942 9239
1945 4637
1945 5708
1946 2548
1946 3459
1946 6878
1946 6969
1947 2344
1949 4010
1950 4963
1952 9825
1954 2199
1954 3365
1954 4014
1954 4435
1957 3042
1957 9827
1959 5624
1959 7801
1960 1968
1960 6538
1961 3198
1962 5105
1962 8777
1963 2076
1964 4547
1964 8390
1966 3648
1966 6540
1966 8042
1967 2860
1968 2092
1968 4201
1971 5730
1972 2974
1973 6061
1973 8048
1974 9402
1976 2145
1976 5187
1978 4105
1978 4259
1979 8913
1980 4199
1982 5224
1983 4368
1983 5911
1983 8251
1985 6150
1985 9669
1985 9838
1986 5479
1986 5958
1986 7018
1987 7541
1987 9382
1988 3092
1988 3297
1989 8138
1990 1999
1990 6965
1992 7595
1992 8504
1992 8875
1997 8254
1997 8830
1999 2604
1999 3113
2002 7455
2003 4609
2003 6468
2005 3578
2006 2792
2006 8640
2007 3394
2007 8268
2008 2725
2010 3363
2010 3759
2010 5122
2010 9592
2011 8038
2011 9104
2014 7982
2014 8792
2015 6244
2016 5561
2016 8070
2016 9661
2017 4944
2017 5978
2017 6162
2017 9011
2019 3275
2019 5451
2020 7657
2022 3956
2022 6388
2023 4094
2024 2188
2024 4869
2025 3170
2026 6545
2026 7021
2027 3025
2027 6749
2027 9402
2029 8776
2031 7238
2032 7860
2032 8538
2033 2194
2033 5237
2033 5428
2034 2590
2034 8410
2034 8975
2035 3593
2035 9359
2036 2076
2036 5890
2037 7145
2039 3526
2039 5629
2040 6714
2041 8089
2041 8715
2042 2882
2042 3803
2044 2715
2044 5896
2046 6611
2047 3933
2048 5282
2048 9039
2049 9831
2050 6806
2051 7306
2053 9000
2053 9746
2054 3274
2055 7620
2056 3639
2056 3981
2057 8536
2057 9784
2058 4843
2059 4235
2059 9317
2060 8375
2062 8109
2062 9046
2064 5749
2064 6929
2064 8925
2065 5329
2065 6542
2065 7531
2067 4290
2067 9460
2068 7665
2069 4233
2070 6204
2071 7909
2071 8506
2072 8000
2072 8659
2072 8825
2075 8873
2077 3043
2078 8512
2078 8814
2078 9016
2079 8406
2081 9205
2082 6443
2082 8113
2083 8234
2084 5436
2085 3718
2085 9002
2087 3759
2091 4353
2091 6125
2092 5204
2093 6252
2095 3062
2095 6788
2097 2247
2098 3941
2098 4674
2098 7641
2098 8930
2099 6647
2099 9445
2100 4843
2102 2580
2102 5183
2102 6065
2103 5974
2103 6649
2103 7627
2105 5451
2105 8400
2106 3115
2106 3387
2106 3432
2107 3706
2107 6710
2109 2280
2111 7814
2112 4283
2112 5734
2112 8730
2113 6718
2113 8334
2117 3809
2117 5762
2117 6146
2117 6850
2117 8079
2117 9292
2118 2356
2118 3282
2118 6119
2121 9645
2122 9557
2123 3399
2124 5248
2125 3445
2125 4388
2126 2271
2126 3280
2126 5224
2128 6075
2129 2641
2131 7856
2132 5135
2133 3327
2133 7582
2133 8175
2134 3837
2135 3640
2135 3806
2135 4710
2135 7649
2136 4433
2136 8767
2137 4654
2138 3014
2138 4690
2138 5726
2138 8245
2138 9341
2140 4861
2142 2779
2142 9390
2143 5986
2144 2758
2144 3685
2144 6491
2144 6737
2145 2735
2147 6316
2148 8816
2149 7385
2149 9899
2150 6161
2152 4439
2154 8094
2155 5697
2155 6807
2155 8431
2155 9762
2156 2264
2156 4446
2156 7412
2157 2291
2157 8809
2159 8054
2160 2628
2160 4294
2160 9082
2161 6658
2162 9533
2163 6151
2165 4838
2165 6323
2166 6187
2167 3620
2169 2358
2169 2655
2169 4561
2171 9104
2172 2998
2172 4623
2173 4246
2174 6006
2175 6331
2175 7266
2176 9068
2177 2293
2177 3123
2177 3520
2177 6728
2178 2426
2178 5591
2178 8805
2178 9513
2179 2931
2179 5067
2180 3953
2180 4507
2181 8746
2182 3139
2182 8609
2183 5718
2183 6786
2186 3899
2187 9195
2188 2692
2188 4558
2190 4528
2190 8016
2190 8238
2191 2594
2191 4844
2191 8956
2194 5017
2196 4928
2198 6074
2200 8892
2201 4559
2202 6148
2202 7264
2202 9826
2204 6367
2205 9118
2206 3870
2206 4970
2206 6164
2207 8168
2208 4013
2208 8994
2210 3669
2210 5096
2210 6746
2211 5326
2211 8137
2211 8344
2211 9775
2212 3524
2213 7926
2214 7685
2215 6246
2216 4125
2216 4987
2217 2698
2219 4116
2220 4763
2220 4822
2221 4385
2221 4790
2222 3784
2224 4704
2224 7970
2224 8373
2224 9452
2225 2294
2225 4930
2225 9674
2226 5957
2226 6143
2227 2807
2228 4952
2228 9740
2229 4123
2229 4795
2229 6555
2230 5769
2231 7625
2233 4729
2234 6502
2235 7595
2235 9500
2236 8775
2236 9277
2237 3047
2238 7743
2239 3052
2240 3177
2241 4710
2241 8281
2241 9051
2244 5900
2244 9414
2245 2665
2246 3088
2247 3650
2247 6547
2247 7400
2248 3469
2248 3521
2248 5393
2249 4665
2249 9672
2250 5378
2250 9323
2251 4046
2251 7560
2252 4027
2252 5484
2253 2495
2253 5877
2254 3923
2256 4609
2258 2417
2258 3352
2258 3429
2258 4732
2259 3966
2259 4710
2261 4807
2262 2435
2262 7623
2264 2515
2265 3400
2266 9803
2267 3552
2267 4459
2267 4992
2268 3689
2268 4727
2268 9430
2269 6743
2270 6433
2271 7352
2272 5530
2273 6519
2274 5817
2275 6105
2275 9311
2278 4869
2278 5366
2279 5263
2280 3291
2280 8811
2281 8076
2282 2640
2284 2539
2284 8823
2285 3086
2285 4931
2286 8381
2286 9620
2287 4676
2287 5613
2292 5026
2292 8114
2292 9841
2293 4581
2293 7266
2294 2535
2294 4147
2294 4296
2294 4726
2295 2340
2295 7860
2297 7223
2298 6624
2299 5186
2299 7122
2299 7509
2300 4788
2306 5547
2307 6064
2308 7093
2309 7861
2310 4542
2310 7830
2312 3244
2312 8704
2313 9557
2314 2686
2315 7495
2317 7016
2319 8166
2321 2555
2321 7359
2322 8771
2323 7879
2324 7598
2325 8873
2327 2378
2327 8853
2329 9282
2331 5974
2333 6531
2336 4359
2338 8918
2339 7108
2339 9027
2340 6705
2341 8883
2341 9490
2342 7486
2342 8101
2342 8482
2343 4263
2344 4353
2344 4534
2345 8359
2346 3412
2346 9590
2347 2660
2349 2769
2349 9718
2350 2681
2350 5177
2350 7208
2350 8506
2352 2579
2352 3040
2352 3359
2352 9265
2354 5178
2355 9259
2356 5317
2356 5918
2358 6704
2359 2417
2360 3105
2360 7715
2362 6635
2362 7278
2362 9487
2363 5670
2365 7824
2366 2972
2366 4512
2366 8538
2366 8572
2367 8137
2369 4098
2369 4214
2369 7845
2370 7930
2370 9332
2370 9850
2371 2385
2371 6906
2372 4346
2372 9622
2374 5903
2374 8550
2375 3133
2376 8796
2377 2968
2377 7399
2377 7935
2377 8909
2379 3728
2379 6994
2380 2988
2381 4061
2381 6420
2381 7655
2383 3452
2384 2481
2384 6263
2384 7991
2384 8651
2386 8872
2386 9253
2388 4597
2391 8365
2394 4060
2395 4110
2395 9469
2397 3445
2397 4197
2398 9549
2399 5333
2399 7118
2400 5120
2401 7068
2402 9413
2403 3474
2403 4890
2403 5825
2404 3158
2405 3373
2405 6205
2406 4035
2406 4605
2408 3901
2408 7166
2409 2578
2409 8199
2410 2878
2411 3407
2411 5884
2412 7925
2415 5143
2415 5794
2416 9093
2417 4702
2417 4813
2418 5093
2418 6453
2418 9531
2419 7141
2420 4839
2420 6411
2421 2755
2424 4305
2425 3493
2427 3103
2427 4753
2427 8536
2428 7656
2429 6734
2430 3692
2432 7586
2433 2841
2433 4051
2434 4271
2434 9107
2435 4098
2435 6076
2435 7730
2435 8867
2436 3109
2436 7820
2436 8546
2437 8598
2438 4097
2438 4136
2438 7180
2441 3401
2441 4153
2441 9385
2443 9650
2445 8356
2445 8820
2446 3192
2446 5710
2446 6414
2447 8578
2448 4752
2448 9882
2451 2704
2451 5365
2451 6339
2452 5744
2452 8601
2453 5417
2453 9260
2454 7218
2455 4321
2455 8741
2456 3031
2456 3911
2456 9768
2457 2992
2457 4252
2457 9411
2458 4547
2458 9526
2459 3262
2460 8975
2462 5691
2464 3676
2464 6975
2466 5325
2467 7328
2469 3014
2469 4951
2470 7296
2471 5804
2472 3104
2472 5618
2474 6161
2475 7192
2477 5610
2479 4712
2479 6973
2479 7854
2479 8528
2480 7731
2482 9053
2484 6163
2484 9444
2486 4654
2487 3411
2487 3679
2487 9326
2488 5194
2488 6028
2488 6761
2489 3942
2489 9598
2490 6903
2491 8474
2492 8425
2494 7467
2495 4214
2496 7494
2499 5502
2499 6813
2500 3946
2500 6685
2501 5598
2502 8719
2502 8855
2503 9092
2504 2607
2505 3663
2507 3872
2507 4211
2508 4313
2509 7117
2510 6671
2510 9503
2511 5654
2511 5691
2511 6187
2512 5285
2513 2922
2513 5143
2515 7645
2515 8559
2516 3017
2517 3311
2517 4277
2517 5342
2517 9856
2518 5518
2519 3282
2519 4734
2519 9855
2520 8560
2521 8691
2523 8917
2523 9208
2523 9263
2524 4311
2524 7751
2526 8660
2528 7113
2528 9513
2529 4443
2529 7403
2530 7541
2531 2616
2531 7687
2531 8761
2532 6944
2534 6135
2534 8325
2535 4214
2535 8300
2536 6800
2537 6825
2538 7740
2538 8000
2540 3024
2540 6984
2540 9059
2540 9701
2541 4957
2541 6069
2542 8796
2543 3420
2543 5317
2544 3707
2544 9183
2545 8470
2547 3071
2548 2732
2548 2771
2549 2618
2549 9903
2550 5725
2550 7700
2552 4006
2552 5210
2553 7747
2554 3914
2554 6974
2554 8401
2555 6605
2555 8070
2556 4174
2556 5511
2556 6512
2556 9800
2556 9808
2558 2901
2558 6609
2558 9836
2559 5024
2560 6101
2561 2647
2561 6311
2562 2735
2562 9079
2563 6235
2563 8396
2564 3716
2564 6121
2564 6981
2564 9689
2565 4066
2565 5281
2566 9695
2567 3872
2568 3084
2568 9430
2569 4848
2572 8219
2573 4914
2573 7301
2574 3622
2574 4952
2575 7060
2575 9195
2575 9598
2576 3226
2577 3889
2577 4956
2577 6737
2578 8618
2580 8045
2580 8638
2580 8649
2581 9374
2582 2790
2582 5759
2582 8713
2583 4668
2583 5832
2584 3008
2584 3654
2585 6028
2585 7011
2588 9384
2589 4199
2589 9208
2590 8581
2591 8662
2593 3290
2593 5431
2594 5307
2594 7324
2596 7913
2597 7737
2597 9458
2599 3764
2600 5026
2600 8279
2600 9710
2602 4776
2603 3863
2603 9113
2604 3854
2607 3737
2608 5860
2608 7334
2609 4679
2609 6590
2610 6493
2610 7309
2610 9306
2613 4652
2614 5137
2615 6631
2617 3319
2617 4382
2617 6602
2617 8905
2617 8964
2617 9373
2618 4056
2620 3721
2621 5077
2621 8771
2622 3303
2622 3655
2623 3651
2623 8661
2626 4849
2626 5033
2631 7843
2633 9895
2634 8872
2635 8875
2636 5919
2636 7643
2636 8523
2637 2696
2637 9694
2638 2737
2638 2940
2638 7547
2639 3364
2639 4224
2639 8206
2641 2743
2641 2984
2641 6271
2643 4008
2645 7462
2647 6330
2647 6759
2648 2723
2648 9377
2649 4821
2650 7421
2651 4424
2651 8925
2652 5481
2652 8012
2653 6081
2654 5028
2655 2984
2656 9173
2658 5867
2660 5511
2660 5713
2660 6413
2660 9054
2661 5556
2662 3365
2662 5979
2662 6106
2662 7964
2664 6114
2664 7720
2664 7892
2664 8627
2664 9439
2665 4285
2665 9580
2666 3020
2666 9774
2669 7601
2671 4541
2672 5967
2673 5646
2674 6343
2675 3204
2675 3539
2675 5415
2675 7101
2676 8562
2677 3517
2677 9289
2680 3316
2680 6719
2682 3324
2682 4120
2682 8125
2683 7757
2684 5646
2685 8842
2686 5326
2686 8309
2687 6765
2687 8185
2688 7917
2689 3321
2689 4438
2692 4628
2692 6575
2692 6939
2693 5568
2695 5982
2695 7392
2698 7940
2699 3874
2702 7106
2703 4350
2703 7821
2705 4000
2705 4342
2705 7641
2705 8327
2706 5113
2706 5540
2707 4821
2707 6150
2708 4323
2708 8177
2710 5172
2712 9648
2713 5182
2713 8709
2713 8720
2713 9567
2714 4883
2714 5797
2715 6748
2715 8163
2716 8234
2716 9760
2717 5482
2718 3198
2718 6115
2719 4038
2719 4104
2719 5800
2720 3429
2720 3719
2722 6367
2722 7839
2722 9708
2723 5167
2723 5518
2723 6349
2724 2730
2724 4499
2724 5643
2724 7029
2725 4854
2725 8278
2725 8720
2726 4190
2727 3975
2727 4752
2728 7015
2728 8476
2728 9688
2729 4829
2729 9042
2730 7123
2733 4863
2733 8932
2734 3363
2734 4994
2734 8008
2735 3485
2736 4678
2736 7586
2736 8159
2738 4155
2738 5388
2738 7689
2740 5663
2743 4892
2743 8573
2744 9799
2746 4510
2746 6453
2748 4430
2749 6402
2750 6998
2750 9520
2753 2767
2753 5110
2753 8347
2754 9456
2755 6466
2755 6719
2755 7478
2756 8858
2757 6520
2757 8293
2758 8607
2758 9494
2759 3542
2759 7030
2759 7105
2760 7181
2761 9829
2762 6129
2763 5971
2763 8946
2763 9373
2764 8871
2766 6546
2766 6728
2768 4057
2768 9278
2769 5101
2769 7362
2771 4448
2771 7522
2772 5450
2772 7606
2775 4112
2775 8072
2775 9258
2776 4513
2776 5872
2776 7756
2777 3261
2777 5205
2778 6645
2778 7847
2778 9708
2779 5559
2781 3663
2781 7248
2782 3019
2783 3047
2783 8024
2783 9172
2784 9359
2786 3414
2786 3533
2786 3554
2786 4918
2788 5910
2788 6878
2788 9230
2789 3817
2789 5992
2789 7829
2789 8647
2790 7108
2791 5962
2791 8472
2793 6777
2794 9041
2795 9281
2796 4726
2797 3252
2797 4163
2798 3573
2798 7348
2799 3244
2799 3454
2799 9155
2799 9537
2800 5940
2802 6712
2803 6174
2803 8751
2806 6308
2806 9884
2808 8430
2812 3665
2812 4905
2812 9638
2813 5213
2813 8024
2813 9273
2814 3644
2816 5508
2817 8522
2818 6830
2819 7221
2820 8909
2821 6055
2822 3385
2823 7789
2824 4433
2825 6552
2826 9531
2827 6527
2827 8208
2827 8316
2828 4038
2828 6425
2829 6278
2830 4169
2830 6460
2831 7999
2831 8952
2832 4977
2833 6071
2833 6753
2834 3746
2835 3286
2838 3859
2841 5850
2842 8989
2843 7403
2844 6840
2847 5586
2848 3778
2850 4609
2850 7903
2854 6716
2855 3840
2856 4437
2856 5293
2856 8137
2856 8496
2857 8429
2858 3889
2858 4149
2858 8164
2859 6354
2859 6683
2859 8679
2860 7438
2861 7622
2863 3317
2863 6434
2864 8320
2864 9136
2865 9064
2866 2992
2867 4664
2868 4868
2869 6078
2869 8534
2870 4836
2870 8175
2871 3160
2871 3824
2872 5920
2874 4609
2874 5775
2874 8967
2877 9271
2882 3040
2882 4938
2884 6607
2886 3828
2886 6665
2887 6400
2890 4098
2890 5768
2890 8369
2890 9651
2892 4376
2893 6312
2893 7961
2896 9313
2897 2915
2897 8831
2898 9556
2899 3172
2899 8036
2900 4040
2903 3098
2903 4671
2903 9897
2905 5992
2907 3462
2907 5443
2907 5888
2907 8780
2908 3441
2910 8004
2911 5359
2911 7459
2912 8760
2913 9554
2914 6435
2914 7727
2915 6398
2918 8005
2919 3979
2919 6109
2920 6071
2920 7705
2921 6972
2922 5253
2923 2983
2924 5683
2924 7698
2925 4850
2925 5587
2926 4852
2927 3793
2927 8466
2928 5279
2928 7695
2928 8966
2930 4219
2932 3611
2932 5967
2933 6909
2934 5813
2934 6364
2937 3923
2937 8559
2938 3442
2938 5288
2939 4500
2939 5184
2939 6674
2941 4783
2942 4173
2942 7941
2943 3395
2943 3628
2943 8137
2943 8440
2944 4530
2944 6386
2944 8206
2944 8287
2945 7021
2946 4680
2949 3991
2949 5704
2949 7478
2949 8487
2950 8350
2951 4323
2952 6201
2953 2968
2953 7598
2953 8531
2957 7325
2958 5700
2960 8654
2960 8971
2961 4498
2961 4867
2963 4817
2963 7492
2963 8775
2965 8177
2967 4984
2967 7416
2967 9872
2969 5828
2970 4066
2971 9468
2974 8258
2975 6119
2975 6576
2977 6397
2977 8099
2978 3898
2978 7007
2979 8876
2983 7278
2983 9224
2984 9390
2986 3201
2986 4758
2986 8563
2987 9836
2988 7829
2990 7459
2993 3806
2994 5204
2995 6191
2996 5940
2997 3962
2997 4396
2998 6300
3000 5806
3000 9471
3002 3051
3002 5400
3002 6853
3002 7766
3002 9139
3002 9224
3003 6234
3004 9189
3005 8734
3005 9334
3007 7884
3008 6852
3008 8816
3009 3226
3009 4958
3010 4942
3010 7413
3010 9775
3012 3985
3012 7009
3013 3190
3013 4317
3013 7958
3014 6302
3017 7848
3018 6573
3021 7002
3022 6127
3023 8500
3024 3995
3026 5058
3026 8016
3027 4611
3027 6912
3028 3791
3028 6200
3029 7754
3029 9434
3031 3674
3032 7316
3033 7434
3034 6050
3034 9146
3037 5503
3038 7501
3038 7765
3038 7985
3039 5066
3040 9040
3042 3451
3044 9752
3045 8641
3045 9258
3045 9563
3046 6587
3046 6897
3046 7981
3047 6097
3048 9109
3049 7695
3049 8214
3049 9448
3051 9129
3052 8132
3052 8653
3053 3464
3053 8594
3053 8885
3054 8861
3056 3631
3056 5042
3056 5377
3056 7354
3057 3783
3057 7683
3057 7689
3058 3995
3058 6339
3059 9342
3060 8485
3060 9842
3061 4601
3061 4860
3061 7779
3061 8668
3062 3445
3062 3469
3063 9465
3065 4582
3065 9210
3068 6721
3069 7975
3071 4695
3072 5717
3073 5111
3073 6956
3073 9238
3074 8315
3074 8767
3077 3910
3077 7017
3077 7036
3077 8889
3078 8939
3079 6373
3079 8209
3082 6531
3082 6941
3083 4756
3083 6144
3084 7886
3086 4071
3086 7876
3086 9539
3087 3619
3087 5345
3087 5987
3088 5419
3088 8015
3089 5641
3089 5693
3092 7072
3092 7349
3093 7800
3094 7534
3096 9846
3097 4786
3098 4596
3098 5599
3100 5655
3101 3986
3101 7748
3103 5734
3104 4361
3104 4711
3104 7419
3105 3296
3106 6066
3108 5091
3110 3161
3110 9015
3111 4856
3114 5336
3114 7847
3115 6331
3115 7420
3116 4949
3117 5645
3117 6612
3118 3851
3118 4625
3119 9220
3119 9451
3121 5183
3123 3849
3123 6146
3124 5554
3124 6677
3127 8672
3130 3899
3130 4101
3131 5016
3132 3898
3133 5903
3133 6251
3133 8848
3134 5831
3134 7112
3136 4217
3136 8526
3137 6439
3137 6531
3139 7790
3139 8056
3140 6041
3140 6428
3141 9261
3141 9397
3142 4088
3142 5044
3142 7953
3143 7632
3144 3152
3144 3989
3144 5613
3144 6563
3144 7682
3144 7802
3145 9054
3147 5456
3149 5905
3149 7206
3150 3512
3150 4692
3150 9472
3151 6679
3151 8890
3151 8916
3152 3253
3153 7555
3154 9258
3155 8602
3156 3865
3156 4609
3156 6760
3158 9851
3159 5792
3161 5745
3164 4542
3167 3825
3167 6712
3167 7040
3168 5794
3168 6836
3168 9711
3169 9170
3170 5579
3170 6676
3171 3584
3172 3929
3173 6366
3174 8913
3176 5039
3176 5937
3177 9779
3178 4606
3178 9300
3179 3479
3179 5574
3181 6069
3181 7834
3181 9166
3182 4324
3182 7948
3182 9697
3183 6517
3183 7025
3183 7743
3184 8700
3184 9723
3185 9234
3186 9460
3188 8454
3189 4055
3189 4227
3189 5066
3189 5378
3189 7139
3191 4193
3191 5121
3191 8382
3191 8487
3191 9294
3192 4806
3192 6559
3193 5302
3194 9531
3194 9596
3195 6284
3196 7985
3199 9839
3200 8783
3201 5011
3203 4233
3203 5026
3203 9019
3204 5151
3204 7790
3204 8639
3206 7026
3206 7185
3207 3921
3207 7741
3207 9343
3208 3600
3209 5970
3213 9222
3214 4938
3214 7885
3215 5253
3216 5083
3216 6779
3216 7983
3217 6573
3217 7465
3219 7640
3220 4130
3220 5173
3223 8697
3224 5334
3224 7749
3226 8620
3227 7128
3227 7728
3229 8586
3230 7304
3231 3843
3231 4222
3231 8691
3232 3295
3232 3593
3232 5774
3233 9301
3234 9856
3235 3614
3235 8233
3236 6590
3237 4092
3237 8225
3242 4705
3242 6046
3242 6288
3242 9646
3243 5689
3243 6828
3244 4970
3244 5866
3245 6104
3246 3506
3246 5116
3246 6503
3246 7462
3246 8578
3247 8556
3247 8616
3249 9370
3250 4071
3251 3371
3252 6580
3253 6469
3253 7746
3254 4702
3254 8462
3254 9237
3255 4377
3255 5387
3256 7808
3256 8972
3256 9899
3257 5144
3257 7017
3257 9142
3257 9710
3259 6205
3260 3332
3262 4795
3262 5292
3262 5901
3267 3356
3268 9543
3270 6015
3270 9673
3271 6166
3272 6009
3272 7562
3275 4965
3275 8046
3275 8146
3276 9740
3277 3617
3277 8047
3278 6639
3279 6859
3280 9722
3281 8465
3282 6108
3282 6303
3283 5868
3283 6813
3286 4749
3286 6104
3287 4915
3289 8109
3289 8381
3290 7484
3291 3807
3292 3845
3292 5610
3296 6553
3296 7570
3297 6128
3297 9756
3298 4361
3298 5283
3299 4155
3299 4596
3299 8650
3300 6319
3301 5599
3302 9170
3303 4110
3303 6313
3303 6934
3303 8483
3304 8755
3305 5916
3305 9026
3307 3467
3307 9193
3308 4943
3309 9030
3313 4530
3314 5301
3317 6543
3318 9832
3321 4287
3322 4378
3322 9744
3323 4720
3324 8737
3325 4527
3325 7282
3327 4608
3328 9066
3328 9546
3330 3965
3330 7072
3331 8127
3331 9619
3332 7963
3333 4310
3333 6226
3333 7947
3336 9245
3337 7003
3339 5521
3339 6339
3339 9647
3340 7107
3340 9059
3341 6637
3342 6613
3343 3965
3345 3871
3346 3426
3346 4684
3347 6279
3347 8941
3349 4675
3350 3933
3350 6204
3351 3385
3351 7648
3351 9307
3352 9755
3353 7270
3355 3404
3355 7649
3356 4171
3356 8492
3358 7019
3361 3946
3362 8008
3365 5801
3365 7042
3367 5000
3368 4897
3370 7161
3371 5031
3371 5896
3371 6686
3372 3459
3374 7030
3375 4278
3376 9543
3378 9183
3380 8572
3382 5182
3382 8852
3384 4292
3384 4756
3384 6806
3384 7367
3384 8513
3384 9838
3385 8284
3385 8846
3387 4130
3388 8064
3389 8166
3389 9679
3390 5218
3391 5312
3391 8928
3392 3635
3392 7719
3393 4720
3393 4765
3394 3882
3394 7593
3394 8681
3394 8862
3395 7083
3398 4550
3399 3490
3399 8372
3399 9316
3400 5907
3400 9476
3401 3680
3401 7703
3402 5651
3403 9005
3404 6688
3405 4040
3406 5102
3407 3955
3408 5272
3408 5391
3409 6220
3411 7965
3413 4974
3413 5189
3414 8355
3415 6813
3417 4385
3417 7005
3417 7831
3418 3543
3418 4145
3419 9140
3419 9811
3422 6450
3423 4900
3424 3989
3424 7386
3425 5056
3425 8297
3426 3492
3426 9490
3427 3456
3428 7947
3429 5869
3429 8795
3435 8639
3436 3836
3436 8386
3437 5612
3437 8763
3438 5949
3440 7739
3441 5661
3442 4214
3442 8714
3442 8747
3443 4218
3443 6872
3443 7523
3444 8965
3446 4156
3448 8028
3448 9137
3449 7414
3451 8591
3452 9110
3453 3653
3453 4627
3454 3585
3455 6036
3455 6207
3455 8531
3458 3625
3458 7449
3459 7162
3459 7750
3461 5186
3461 6678
3461 9579
3463 5210
3463 7854
3464 9120
3465 4976
3466 3553
3467 6912
3467 9566
3468 7204
3469 4010
3469 4357
3469 8359
3470 6799
3470 8027
3471 6151
3474 5726
3475 5130
3475 7195
3476 5123
3476 8026
3476 8364
3477 3586
3478 8099
3482 4332
3482 8697
3483 3720
3483 8279
3484 5099
3485 7752
3485 9044
3486 8365
3487 4979
3487 6766
3487 6870
3487 7306
3487 8751
3488 6827
3489 6309
3489 7206
3490 6090
3491 4043
3491 8583
3492 4171
3492 6921
3492 7007
3493 4573
3493 7637
3495 6157
3497 9544
3498 6150
3498 9502
3499 4657
3499 5769
3500 7257
3502 5987
3502 6569
3504 8431
3505 4146
3508 7112
3510 6815
3510 7672
3511 6535
3513 8687
3519 5085
3519 7402
3522 5151
3522 8474
3523 3576
3523 4252
3525 3913
3525 5088
3525 5586
3525 9381
3526 4947
3526 7945
3527 4853
3527 8848
3528 9171
3530 4257
3535 4673
3535 7338
3538 4423
3538 7210
3540 7737
3540 9655
3543 6288
3543 7068
3543 8891
3544 7335
3545 4083
3546 4508
3546 6737
3547 6047
3548 8309
3549 3656
3549 5011
3549 8834
3549 8944
3550 6334
3553 4096
3554 7307
3554 7393
3555 4192
3556 9455
3557 7322
3558 7929
3558 9612
3559 3655
3559 4973
3559 5864
3560 6920
3561 5147
3562 4554
3562 6261
3562 8431
3562 9582
3564 8770
3565 5561
3566 6064
3568 5012
3568 5610
3571 3998
3571 7395
3572 7037
3572 7497
3572 9344
3574 5800
3577 5974
3578 6085
3581 4799
3582 5287
3583 5906
3584 4665
3584 7118
3584 9843
3585 4936
3585 9773
3586 4602
3586 5063
3586 6436
3587 5722
3588 6249
3588 6473
3589 4121
3590 6634
3591 4765
3591 8925
3592 7054
3592 8516
3594 8110
3594 9750
3595 4723
3595 7959
3597 9296
3598 8196
3598 8773
3599 6432
3600 8696
3603 9636
3604 4383
3604 6994
3604 7604
3605 5007
3605 6621
3605 6670
3605 7581
3609 6183
3609 6767
3610 7774
3610 8980
3611 8001
3612 6680
3612 6804
3612 9227
3613 4315
3613 9368
3616 6469
3616 6916
3616 7599
3617 6429
3618 8102
3618 9292
3620 7010
3621 5222
3621 6017
3621 8434
3621 8720
3623 3779
3623 4559
3623 5381
3623 9765
3624 4493
3627 6989
3628 8041
3631 3848
3634 4693
3634 4761
3634 5373
3634 6843
3634 9067
3636 4366
3636 6361
3636 7638
3636 8470
3636 8617
3637 6868
3637 8172
3638 8191
3639 7094
3641 8271
3643 6153
3643 9639
3645 3725
3645 8985
3646 7072
3646 9642
3647 4408
3647 5874
3648 5756
3652 8121
3652 8167
3653 5688
3654 5905
3655 9244
3656 7644
3657 3980
3657 5817
3658 7967
3661 5748
3661 7241
3663 7798
3664 9761
3665 6012
3665 7789
3665 8408
3665 8499
3666 8288
3667 4463
3667 8666
3668 5589
3668 8688
3669 5062
3671 5023
3672 9792
3674 5021
3674 5802
3674 8486
3677 4138
3677 4577
3678 7521
3678 8511
3678 9520
3679 5253
3679 6983
3681 4138
3682 5109
3682 7526
3682 9761
3683 7670
3684 5827
3684 6070
3685 7615
3685 8024
3686 7509
3690 6187
3690 6605
3690 8612
3691 5596
3693 9330
3694 4175
3694 4847
3694 6512
3695 5790
3696 4498
3697 6535
3700 8939
3701 5219
3703 4623
3704 4406
3705 4679
3706 4607
3706 4679
3707 4747
3708 8607
3709 7165
3710 4338
3710 4470
3711 7245
3711 8079
3712 5392
3712 9335
3715 8712
3716 4479
3716 9626
3717 3875
3718 5257
3718 5449
3718 8834
3719 5123
3722 3768
3722 7366
3722 9449
3723 5036
3723 5704
3723 6701
3725 4060
3725 5050
3725 7875
3725 8079
3725 9087
3725 9187
3728 9154
3729 6776
3730 8575
3731 4315
3731 4911
3731 5709
3731 8787
3734 9113
3735 6075
3735 8411
3736 9134
3737 5381
3739 7487
3741 7243
3742 5572
3742 8075
3743 4602
3744 6939
3744 8862
3745 4203
3745 8073
3745 8581
3746 8578
3746 8717
3747 8452
3747 9084
3747 9106
3750 5024
3750 6973
3750 7436
3751 4933
3751 6579
3755 5774
3755 7591
3755 8833
3756 7425
3756 9554
3757 5422
3758 4132
3758 6251
3760 5642
3760 6650
3760 7494
3760 8400
3760 9161
3762 7973
3762 8283
3762 8571
3763 5765
3764 5824
3764 9576
3765 5806
3765 8788
3766 9068
3767 9079
3769 7261
3769 8287
3770 4997
3770 8687
3771 6847
3771 8368
3771 8530
3772 7472
3772 9845
3773 8992
3773 9431
3774 9614
3777 4597
3777 6265
3777 7254
3780 5558
3780 7334
3781 7289
3784 8475
3784 8676
3785 4156
3787 8867
3788 8728
3792 6736
3793 4946
3794 7682
3798 9664
3799 9759
3801 4741
3802 8197
3803 4369
3803 5235
3805 6063
3806 9021
3807 7819
3808 7581
3809 4313
3809 5679
3810 6933
3810 8443
3811 6433
3811 8593
3811 9035
3812 5644
3813 8387
3813 8406
3814 6024
3814 8188
3815 5316
3817 7418
3817 8217
3817 8766
3818 9629
3819 5354
3823 5217
3824 6279
3825 4755
3825 5018
3826 4618
3826 7288
3827 8691
3827 9755
3828 7423
3829 6216
3834 5269
3836 4263
3837 5893
3838 7105
3839 4683
3839 7325
3840 6066
3842 5678
3843 4252
3844 5424
3844 6100
3846 4860
3846 5018
3847 5594
3848 4492
3848 4780
3849 4361
3850 6633
3852 5778
3852 6428
3853 7145
3853 8237
3854 4516
3854 8284
3856 4429
3857 8179
3859 7346
3860 5339
3860 5913
3860 8965
3861 8380
3862 4769
3863 3973
3863 6558
3863 6735
3863 8295
3864 4621
3864 5699
3864 6568
3864 7342
3864 8465
3866 7695
3867 5921
3868 4299
3868 7631
3868 7959
3869 5733
3870 9440
3872 7177
3873 5120
3873 6098
3873 8097
3873 9390
3874 5307
3875 9778
3877 5712
3877 6819
3880 4330
3880 4900
3880 9859
3883 5474
3883 7156
3884 5601
3884 6235
3885 6817
3885 8187
3886 9166
3888 5937
3888 7971
3889 4022
3890 4591
3890 5003
3890 7857
3894 6370
3895 5300
3896 4371
3897 8398
3899 8147
3899 9660
3900 4228
3901 6255
3904 9866
3905 5539
3906 4193
3910 8038
3911 4859
3911 9195
3911 9447
3912 5152
3912 8002
3913 6106
3914 4095
3914 8640
3915 6656
3916 9048
3916 9795
3917 9615
3918 4172
3919 9716
3920 7287
3921 5637
3922 6883
3923 5366
3925 7506
3925 9402
3927 5204
3928 5697
3929 9857
3930 4686
3934 5139
3935 4912
3935 7748
3936 4798
3937 7738
3938 4176
3938 5456
3938 8506
3939 8130
3943 4715
3945 7625
3946 7742
3949 5223
3949 5923
3949 8006
3951 5539
3952 4314
3954 9774
3956 4985
3956 7355
3957 9408
3958 6177
3960 5181
3960 6047
3960 6416
3961 7644
3962 9099
3963 4014
3964 5972
3965 8571
3968 4454
3968 9185
3968 9826
3969 7430
3969 8980
3973 7083
3974 7652
3975 6296
3978 9104
3979 6235
3981 7997
3981 9595
3982 4309
3983 9620
3985 5484
3986 7700
3987 4858
3992 8004
3992 9096
3992 9837
3994 8238
3994 9345
3995 4626
3996 4587
3998 6738
3998 8783
3998 8824
3999 5415
3999 9128
4000 6542
4002 8393
4004 5040
4004 8216
4005 6661
4005 7528
4007 5046
4007 9546
4009 7756
4010 5067
4010 7105
4010 9822
4011 4030
4011 6414
4011 7275
4011 9253
4013 5186
4014 4382
4015 6407
4015 7475
4015 9389
4016 4613
4016 6489
4017 8976
4019 5891
4020 9779
4021 8908
4022 8476
4024 9753
4025 4866
4027 4888
4027 5357
4027 6070
4027 6469
4028 6104
4030 6984
4030 7234
4030 7356
4030 7529
4031 5493
4032 4298
4032 8565
4036 9603
4037 7791
4038 6918
4041 8779
4042 6393
4043 9864
4045 5462
4046 8627
4046 8978
4047 5175
4047 8496
4048 6847
4048 7287
4048 9205
4049 6261
4049 9552
4050 6803
4050 9576
4053 4202
4053 4778
4054 9836
4056 9534
4058 5612
4058 8408
4059 6725
4060 8358
4062 4750
4063 8389
4064 4853
4066 4206
4066 5115
4067 6136
4067 7604
4068 8313
4069 5006
4069 9374
4070 5039
4070 8273
4070 8541
4071 5639
4072 5463
4073 4086
4073 8072
4073 8768
4077 8842
4079 6672
4080 4415
4080 4972
4081 4087
4081 7062
4085 4133
4088 7540
4089 9593
4090 6476
4090 9627
4092 5072
4092 5665
4093 4429
4093 7092
4094 4153
4094 7653
4097 8221
4098 8774
4099 9346
4100 4904
4100 7912
4101 6973
4102 8031
4102 8359
4107 4945
4117 9069
4118 5106
4119 5771
4119 8698
4120 4743
4120 6572
4120 9325
4121 6360
4121 6515
4121 9900
4122 8807
4124 8350
4127 7583
4127 7953
4129 8973
4129 9893
4130 6250
4130 7006
4130 8572
4131 5178
4131 6928
4132 7660
4132 9486
4135 4277
4136 9250
4137 7723
4138 5943
4138 6950
4139 8546
4139 8697
4139 8980
4140 7346
4142 6570
4144 4963
4144 8542
4145 6354
4147 5484
4148 7888
4150 5837
4151 7969
4151 9251
4154 8490
4155 4709
4155 6920
4159 8757
4159 9026
4161 4259
4162 7719
4162 7993
4163 4311
4163 8774
4164 8059
4164 8095
4164 9817
4165 9701
4165 9863
4166 5369
4166 5617
4169 5370
4169 7589
4171 8192
4175 7142
4175 8345
4176 9195
4177 9519
4179 8198
4181 5108
4182 6839
4183 7637
4184 7513
4185 7749
4185 8843
4186 7713
4186 9004
4187 8756
4187 9533
4189 5068
4189 8750
4190 5667
4194 5062
4194 5361
4194 8142
4195 6301
4195 8864
4195 9382
4196 7664
4197 5399
4197 8546
4198 8581
4199 5786
4200 8761
4201 5464
4201 7105
4202 6562
4205 4436
4205 9264
4206 7566
4210 7692
4211 8108
4212 4978
4214 4827
4215 6719
4215 7602
4218 6942
4219 6362
4220 5229
4221 9587
4222 5773
4222 6147
4222 9401
4223 5485
4225 4559
4229 4662
4229 7663
4230 4672
4230 5554
4232 5445
4234 4981
4236 6381
4237 4957
4237 7004
4238 4586
4238 8027
4238 8922
4239 7225
4240 6188
4242 7913
4243 5769
4244 5752
4244 7454
4244 9264
4245 6653
4246 8377
4247 7707
4249 5884
4249 6513
4249 7657
4250 6134
4251 4801
4254 7703
4254 7801
4255 6315
4255 7513
4256 8946
4257 7772
4257 8749
4258 6941
4261 8126
4261 8662
4262 4962
4262 5714
4269 5308
4269 8478
4270 7103
4270 9481
4272 9512
4274 7016
4275 8974
4275 9401
4276 6127
4278 5846
4279 7371
4279 8161
4279 9594
4281 8232
4282 6474
4283 4722
4284 6789
4285 5187
4285 8865
4287 4336
4287 7369
4287 8758
4289 7957
4289 9174
4290 7809
4291 8290
4292 7767
4294 6029
4296 5174
4296 7336
4297 5989
4299 8477
4300 5564
4301 8835
4304 6707
4304 6904
4305 6165
4306 8246
4306 8595
4307 5154
4313 6600
4314 5640
4314 5702
4314 8952
4315 6538
4316 5501
4316 5999
4316 8800
4318 5892
4318 9412
4319 7511
4321 5588
4321 5611
4323 5692
4324 5806
4325 9784
4326 9846
4329 7168
4329 8846
4330 7996
4330 9409
4331 8382
4332 8564
4335 7936
4336 5025
4336 7665
4336 7866
4337 6039
4338 5755
4338 8642
4340 7530
4340 9465
4341 4602
4342 4460
4342 7693
4343 7083
4343 8300
4344 8643
4345 6654
4347 8307
4352 7315
4352 7636
4352 8071
4353 6201
4353 8707
4356 5512
4358 4865
4359 8350
4359 9719
4360 5554
4361 9858
4362 8067
4362 8133
4365 6830
4367 5364
4367 8451
4368 4869
4369 6038
4370 5062
4370 6185
4371 4382
4371 4895
4371 6349
4371 9205
4372 5140
4372 7194
4373 7800
4374 6512
4375 9267
4376 7000
4378 5853
4378 9649
4380 7399
4380 7910
4382 6681
4382 7367
4382 9740
4383 7600
4384 8619
4385 8517
4385 9578
4389 4537
4389 9466
4390 5316
4394 4692
4395 4544
4395 9637
4396 7990
4396 9260
4397 6213
4398 5952
4398 8604
4399 6785
4401 5483
4402 4947
4402 5317
4402 7650
4404 8591
4405 4504
4405 9808
4406 5869
4406 6235
4406 9173
4406 9719
4407 6520
4408 6450
4410 6104
4411 8673
4411 9612
4412 5937
4414 4721
4414 7601
4415 5465
4416 4773
4417 6331
4418 9760
4421 7662
4421 8279
4421 8286
4424 6544
4425 7458
4428 7744
4429 7088
4429 8915
4430 5404
4430 6587
4430 6974
4431 5232
4432 4760
4432 4958
4432 5252
4434 5221
4436 6337
4437 9051
4437 9433
4438 9273
4438 9338
4441 6441
4442 4678
4443 5910
4444 7633
4444 8756
4445 5788
4445 6533
4445 9877
4449 6160
4449 8910
4450 8460
4450 9399
4451 8546
4452 6500
4455 6744
4456 8880
4457 7448
4458 5182
4458 7758
4459 6001
4461 8359
4463 7980
4463 9877
4465 7765
4466 9325
4466 9681
4467 5976
4469 7056
4469 7239
4472 9756
4473 6270
4474 6314
4476 6602
4477 9523
4478 5959
4478 8101
4478 8596
4479 6819
4479 9871
4482 9493
4483 6742
4484 5198
4484 6224
4484 8337
4489 7713
4489 7732
4490 4922
4490 8245
4490 9443
4492 5347
4494 4771
4494 6534
4498 7420
4498 8641
4498 8751
4503 4932
4504 5305
4505 6531
4506 6426
4506 7965
4506 9829
4507 9901
4508 8016
4509 5113
4509 6748
4510 5377
4511 6393
4511 7660
4512 8475
4513 4916
4514 5298
4517 9823
4518 9447
4521 8464
4522 8439
4522 8825
4523 8769
4525 7901
4525 8138
4525 8201
4527 5208
4527 9569
4530 8150
4533 7792
4534 5224
4536 5781
4536 7519
4539 4848
4539 6135
4539 6702
4540 5665
4540 7063
4541 9212
4542 5706
4542 8472
4544 8632
4545 5385
4546 8694
4547 7816
4549 6078
4551 7133
4551 7930
4552 9596
4553 6565
4553 7520
4554 6105
4555 4636
4556 4804
4557 7759
4558 5967
4558 7253
4558 8732
4559 5986
4559 9046
4561 7444
4561 9561
4562 7515
4563 5061
4564 7435
4564 9172
4565 9850
4568 4750
4570 7460
4571 5594
4571 6172
4572 8864
4575 9827
4576 6275
4578 7049
4581 8223
4583 4826
4584 4983
4586 8964
4592 9798
4594 7968
4594 8233
4595 9476
4596 8898
4598 6415
4599 9265
4600 5711
4601 4712
4602 9810
4604 6760
4606 7219
4606 7541
4607 6173
4607 9881
4611 4638
4611 8064
4614 5208
4614 7319
4616 8141
4618 9082
4619 6024
4620 8211
4622 6439
4623 8500
4623 8797
4624 5018
4624 6846
4624 7323
4627 9371
4628 5671
4629 6102
4632 6621
4632 7645
4632 9726
4633 4766
4633 5278
4633 5698
4635 4667
4635 8834
4637 6213
4640 8066
4641 6253
4644 7088
4644 8367
4644 8862
4645 7751
4646 7700
4647 5961
4647 8247
4650 8380
4651 7381
4653 9341
4654 6811
4655 5647
4656 5405
4659 8917
4660 8963
4661 6816
4664 8406
4665 7713
4668 9279
4670 5882
4670 8492
4673 5247
4674 4740
4674 5538
4675 8697
4678 5326
4679 6019
4679 9902
4680 5027
4680 5294
4680 5875
4680 8408
4682 7223
4683 4772
4685 8205
4686 8061
4688 5668
4688 7050
4688 7188
4690 7509
4691 7739
4691 8110
4691 8831
4693 6017
4693 9363
4694 9836
4695 4942
4697 7439
4697 9220
4699 7682
4702 5276
4702 7858
4703 5667
4705 6341
4706 5085
4709 8855
4710 6980
4711 6232
4711 9486
4714 4799
4715 9695
4717 4825
4718 6539
4721 6109
4722 7494
4728 6881
4728 7352
4730 7153
4732 8229
4739 5509
4739 8591
4741 5149
4743 5475
4743 8248
4743 9118
4744 8357
4745 5761
4746 8248
4746 9495
4747 7026
4747 8287
4750 6917
4750 9213
4751 6462
4751 7498
4751 8082
4753 9268
4755 6976
4756 6354
4758 8275
4760 8553
4760 8938
4761 5106
4761 5163
4761 5311
4762 9631
4764 9284
4765 8032
4765 9477
4767 7103
4767 9158
4768 8892
4773 5219
4773 6184
4776 5585
4778 5615
4778 9379
4779 7753
4781 8271
4782 8076
4782 8725
4783 7654
4785 5545
4789 7964
4790 5568
4790 7521
4791 8023
4794 4952
4794 6014
4795 6534
4798 6299
4799 5319
4800 6005
4800 7302
4800 8469
4801 7599
4802 7320
4803 5245
4807 7766
4807 8681
4808 7505
4809 7352
4810 7907
4812 4836
4812 7567
4812 9116
4812 9790
4813 6854
4815 6992
4815 7746
4816 4950
4817 8759
4817 9737
4819 8458
4824 9634
4826 6258
4827 8842
4829 8906
4830 5434
4830 9505
4831 7423
4835 8311
4837 8184
4837 9615
4838 6678
4838 7995
4841 5090
4841 9116
4842 8187
4842 9552
4844 5467
4844 8402
4845 4948
4846 5569
4846 6255
4848 6068
4848 7893
4848 8052
4850 5839
4850 6152
4852 6137
4852 8097
4853 7461
4853 9808
4854 4973
4855 6642
4855 9651
4858 8763
4859 5587
4859 7273
4859 9232
4860 8030
4862 7934
4862 9881
4865 6910
4866 6194
4866 8441
4868 5272
4872 5059
4873 6855
4874 5066
4874 5194
4875 4964
4876 7217
4877 7896
4881 7644
4883 7416
4884 6076
4884 6533
4884 7216
4884 9277
4885 5435
4885 5758
4886 5354
4887 7317
4888 6844
4890 7144
4891 8380
4893 6734
4893 7027
4894 6484
4894 8721
4895 6425
4895 6733
4895 6917
4899 5889
4899 5987
4899 9749
4900 7717
4901 5895
4904 7092
4906 5471
4906 7018
4907 9745
4908 4948
4909 9460
4910 6001
4912 6932
4916 6432
4916 9656
4918 7124
4919 8169
4920 5690
4920 6050
4923 8969
4924 8973
4924 9431
4925 6252
4925 7224
4925 7499
4925 8094
4929 6097
4930 6801
4930 8369
4937 5021
4937 5595
4938 7980
4942 6621
4942 7119
4943 9447
4945 8696
4945 9407
4946 7162
4946 9900
4949 6028
4950 6327
4950 9178
4951 6096
4951 8496
4952 5065
4952 9542
4953 6689
4957 7467
4959 7258
4959 9305
4960 8052
4960 8520
4961 6793
4962 5231
4964 9651
4965 7837
4966 8748
4967 9625
4969 6964
4970 8256
4971 5015
4972 9043
4974 6437
4974 7890
4975 9294
4975 9570
4976 8205
4977 8772
4978 6461
4978 8029
4978 9168
4978 9785
4984 7753
4985 8552
4986 5234
4986 6126
4987 5283
4987 7587
4987 8168
4989 8728
4990 6951
4991 6171
4993 9109
4993 9745
4995 5284
4995 8334
4997 5062
4997 6476
4998 5454
4998 5588
5001 7239
5001 7413
5001 9717
5003 8236
5004 8722
5004 9632
5006 5917
5006 8847
5007 7214
5007 9890
5008 7437
5008 8433
5009 6982
5009 9022
5009 9165
5009 9606
5010 7607
5010 8025
5011 8789
5012 5859
5012 7355
5013 6959
5014 8269
5014 8668
5017 7587
5019 7998
5020 9582
5021 6596
5021 7341
5022 6284
5022 7012
5023 6524
5023 9549
5024 8738
5025 5901
5029 5724
5029 8443
5030 9606
5031 5307
5031 7808
5032 7141
5033 5179
5033 5688
5034 9012
5035 5471
5037 5061
5038 6114
5039 6514
5039 8256
5040 9855
5041 9147
5043 9504
5045 8221
5045 9711
5046 7552
5048 9003
5050 6207
5052 6276
5052 6791
5052 8101
5052 9141
5053 7622
5055 5373
5055 7595
5057 6987
5058 6889
5060 7656
5060 8201
5062 6489
5063 5670
5063 8621
5063 9879
5066 5105
5066 6544
5066 7461
5066 9546
5067 5171
5068 7066
5069 6981
5070 9478
5072 6353
5073 8643
5074 7384
5075 8168
5077 8456
5079 8764
5082 6428
5082 9550
5085 5640
5086 7188
5086 9010
5087 7711
5087 8546
5088 6031
5089 6697
5089 6921
5089 9169
5090 6670
5091 8388
5092 5762
5092 8063
5092 8902
5095 6194
5095 6357
5095 8993
5096 6462
5097 6342
5097 7199
5099 6902
5099 9518
5101 6189
5104 7098
5104 9073
5105 9483
5107 6806
5107 7047
5107 9764
5108 6882
5110 6874
5113 5843
5113 9667
5114 8570
5115 9218
5117 5954
5118 9569
5118 9575
5119 5162
5119 8683
5119 9389
5120 5432
5121 5457
5121 6671
5121 9484
5122 5998
5122 6681
5123 6039
5123 9048
5123 9053
5124 6614
5125 7837
5126 5718
5128 8814
5128 9818
5129 5281
5131 6007
5132 8177
5134 5574
5136 5908
5136 6633
5136 6748
5138 9438
5139 7047
5145 9177
5146 6286
5147 5805
5147 7379
5149 8830
5150 5356
5151 9818
5152 9344
5154 6485
5155 8272
5158 6068
5160 8295
5161 8205
5164 9543
5165 8815
5166 5472
5167 8335
5169 8484
5173 7122
5176 8868
5177 5767
5177 6273
5177 9494
5177 9823
5179 6421
5180 6949
5180 8078
5180 9771
5181 7180
5182 6200
5184 8774
5184 9523
5190 5703
5192 7322
5193 7717
5194 6393
5195 9484
5202 7134
5203 7872
5203 7998
5204 9371
5205 6098
5206 5713
5206 8596
5207 6813
5207 7103
5208 6647
5208 9237
5209 9079
5210 8096
5211 6205
5212 7527
5213 7802
5217 9088
5219 7620
5219 7875
5220 7239
5222 5891
5222 7879
5224 9602
5225 8528
5226 9440
5227 9159
5228 5774
5230 5884
5232 9561
5233 9542
5234 6642
5234 7683
5234 9503
5235 7444
5235 9611
5236 7811
5236 8117
5237 5811
5239 5774
5239 6317
5239 9492
5240 5488
5242 8932
5243 5446
5243 7886
5244 5484
5247 5927
5247 8487
5248 9509
5249 6338
5252 7895
5252 7952
5253 6508
5253 9314
5255 6323
5255 8702
5255 9714
5258 5464
5258 6513
5258 9358
5260 6704
5260 9124
5261 6581
5261 7086
5263 8190
5264 9889
5265 6430
5269 5715
5270 9670
5271 7734
5272 6560
5273 6386
5273 7715
5274 6457
5274 7680
5274 8206
5276 8938
5277 7433
5277 8221
5277 9481
5277 9649
5278 8858
5279 5461
5284 7059
5285 5904
5288 7867
5290 5920
5290 7295
5291 9176
5292 8059
5295 6113
5295 8786
5295 9177
5296 6657
5297 8635
5298 6188
5300 5322
5303 5923
5304 8292
5304 8685
5308 8139
5308 9218
5309 5815
5310 7692
5311 6737
5311 7472
5311 7982
5312 7893
5313 8354
5314 5486
5314 7066
5314 8323
5314 9187
5315 8061
5316 7071
5316 8026
5317 6252
5318 7768
5321 7510
5322 5546
5322 7504
5324 5879
5325 5545
5327 8398
5328 7111
5329 9018
5329 9770
5330 9318
5332 8526
5332 9142
5333 7789
5334 6092
5334 9599
5336 6445
5338 9173
5338 9517
5339 8266
5341 8814
5341 9056
5341 9828
5343 6282
5343 7898
5343 9690
5345 5849
5346 9517
5348 6857
5349 5975
5350 9599
5351 6698
5351 6775
5351 7305
5355 6836
5357 7622
5357 8950
5360 7478
5361 6722
5363 9318
5364 9649
5364 9758
5365 7142
5365 9277
5369 6156
5369 9683
5371 7597
5372 5682
5373 5763
5378 9428
5378 9801
5383 6590
5385 7919
5385 8287
5386 8098
5386 9032
5387 8603
5387 9588
5389 7819
5389 8943
5390 7860
5390 8967
5390 9799
5391 6114
5393 6272
5394 5840
5394 5907
5395 8202
5397 9236
5398 9286
5399 6284
5399 6514
5401 9110
5405 7495
5406 9519
5407 5446
5407 8690
5408 7144
5408 8583
5409 9085
5409 9674
5410 7136
5412 9070
5413 6819
5413 6835
5413 8481
5416 7261
5416 8457
5418 7164
5418 8665
5419 8299
5422 5483
5423 7928
5425 7239
5425 7240
5425 7617
5426 6072
5426 7529
5426 8932
5428 7525
5428 9703
5430 9067
5431 6534
5433 7777
5435 6096
5438 5880
5440 6825
5441 8105
5442 6576
5443 7334
5443 8842
5445 7279
5445 8845
5445 9796
5453 9040
5453 9639
5454 8164
5458 5781
5459 7728
5461 6098
5461 9479
5462 8267
5464 6127
5464 7009
5465 6971
5467 6357
5468 7302
5468 8506
5470 9319
5473 9239
5474 6326
5475 9853
5477 6272
5477 8655
5479 7435
5480 6565
5480 7297
5480 8586
5481 7748
5481 9077
5482 8243
5485 5888
5488 6813
5488 8466
5489 6488
5489 8686
5492 6024
5492 6890
5493 6945
5493 7446
5495 6118
5495 8962
5497 6541
5501 6996
5501 9660
5503 7786
5504 7987
5504 8887
5505 8571
5506 6958
5506 7441
5507 6158
5510 6495
5510 8874
5511 5631
5511 8091
5513 7672
5514 6564
5514 8009
5514 9683
5516 8182
5516 9348
5517 6806
5517 7887
5518 5676
5519 7895
5520 7407
5520 9025
5520 9449
5521 9068
5525 8234
5528 8912
5529 6624
5529 6630
5530 7274
5530 8767
5533 6609
5538 7417
5538 8149
5539 7988
5539 9439
5541 7387
5542 7426
5542 7668
5546 6048
5547 8672
5547 9508
5550 7775
5550 9126
5551 9827
5552 6284
5552 9359
5553 6728
5553 8411
5554 7529
5555 6593
5555 9566
5557 6911
5558 9625
5559 8454
5559 8977
5559 9676
5560 6598
5560 8382
5560 9795
5563 5577
5564 8254
5566 9173
5566 9288
5566 9729
5567 6187
5570 6910
5572 6753
5573 7101
5573 9177
5574 7278
5575 7773
5576 7653
5577 9623
5579 9042
5580 6294
5580 8646
5583 7810
5586 9040
5587 9507
5591 6668
5592 6398
5592 8940
5594 5969
5597 6928
5602 9076
5603 5787
5603 8049
5608 7338
5608 8484
5609 6439
5609 9391
5610 8957
5610 8958
5611 6172
5613 5974
5614 6675
5614 9470
5615 9429
5615 9772
5618 5639
5618 8967
5619 7554
5619 8024
5621 7020
5622 6856
5622 7984
5624 6305
5624 6968
5624 7713
5628 6829
5629 6469
5630 7455
5630 8787
5633 5745
5634 9581
5635 6645
5636 8178
5636 8576
5638 6508
5639 6802
5642 6719
5643 6631
5643 7126
5644 7497
5644 8407
5647 6393
5647 6620
5647 9577
5648 6448
5649 5756
5651 9286
5653 5968
5655 5856
5655 7000
5657 7053
5657 9255
5658 5931
5658 6097
5658 7697
5659 8151
5664 8017
5664 8452
5665 8290
5667 6651
5669 7825
5675 5910
5675 6285
5677 7338
5680 7496
5681 7315
5683 8266
5684 6786
5685 8543
5686 7336
5686 7639
5688 7277
5690 9463
5691 7453
5692 6341
5695 6477
5695 9064
5697 6027
5699 7057
5700 8606
5701 7014
5701 8305
5703 9778
5706 5949
5706 7929
5706 9187
5707 9656
5712 6772
5712 8065
5712 9395
5712 9430
5712 9860
5714 8824
5715 8267
5717 6139
5720 7284
5725 9501
5730 9746
5737 6507
5738 8084
5740 6626
5741 7153
5746 6366
5747 8209
5752 9860
5753 8128
5755 6563
5758 7369
5759 9861
5760 6099
5762 8730
5763 9884
5764 8286
5765 8125
5767 7201
5768 6521
5772 6421
5774 8627
5775 6417
5775 9233
5777 6843
5777 8917
5779 8165
5780 6092
5781 7551
5782 8958
5782 9572
5785 8339
5786 8195
5786 9484
5787 9486
5788 8546
5788 9447
5789 7300
5791 7767
5791 9750
5792 8990
5796 8033
5798 7974
5799 9223
5801 8160
5801 8708
5804 7019
5804 8058
5804 8890
5805 6196
5807 7146
5810 7364
5811 7724
5815 6411
5815 6965
5816 6259
5816 9203
5816 9217
5818 5877
5821 6001
5821 8142
5823 9885
5825 5847
5827 7205
5830 5988
5832 6116
5843 8850
5844 6391
5844 9008
5846 8128
5846 9582
5848 8430
5848 9363
5849 6316
5851 6051
5853 7872
5853 9764
5856 7976
5856 9894
5859 9456
5860 9402
5860 9615
5861 5885
5861 7901
5862 6238
5863 8245
5864 6100
5865 6243
5867 7791
5868 9647
5869 8601
5869 9099
5871 9422
5879 6149
5879 7383
5880 8587
5880 9131
5880 9810
5881 8911
5883 6400
5883 8454
5885 6768
5886 6079
5886 8989
5888 9746
5889 6758
5889 7631
5891 8230
5891 8538
5893 8793
5895 9391
5898 8056
5898 8177
5899 8142
5899 8812
5900 6005
5906 7434
5907 7749
5907 7993
5909 6142
5909 9116
5910 8349
5911 8699
5912 5931
5916 9615
5918 9615
5919 7647
5920 7257
5920 8267
5922 6050
5922 8488
5923 7763
5924 6409
5925 8918
5927 9420
5927 9864
5929 7537
5929 8030
5930 8438
5931 5942
5931 6444
5931 6968
5932 6336
5932 9687
5933 6425
5933 7709
5933 9675
5934 6900
5934 8677
5935 7008
5940 8635
5945 6803
5947 6281
5947 7850
5947 9322
5947 9656
5947 9729
5950 6951
5950 7560
5952 6269
5954 9618
5956 8767
5958 6430
5958 8741
5963 6940
5965 7726
5966 9199
5967 7340
5967 8008
5969 6451
5970 8938
5972 6881
5974 6184
5974 9129
5975 8125
5976 6702
5976 8904
5977 8784
5978 8177
5979 8011
5979 8082
5979 8754
5980 9119
5981 8562
5983 6180
5984 9148
5987 8811
5988 6338
5988 6537
5989 8302
5989 9330
5992 6895
5992 9903
5993 6205
5995 7435
5995 7819
5996 9717
5997 9050
5998 6581
5999 6736
6001 6167
6001 6887
6001 6981
6001 8587
6002 6796
6003 8565
6008 9726
6009 9805
6011 7162
6013 7299
6014 8236
6020 6147
6023 6111
6023 6540
6023 7575
6024 6288
6024 8252
6025 9334
6028 9344
6029 8669
6031 9371
6032 8086
6034 7254
6035 7392
6039 9379
6041 6418
6041 6783
6042 9897
6045 7527
6045 7946
6047 6074
6049 9550
6050 6479
6052 6599
6052 9196
6053 8694
6053 9661
6055 9602
6057 8693
6063 8533
6065 7733
6067 8946
6068 7786
6068 8363
6068 8884
6070 8617
6071 8655
6071 9317
6074 9761
6075 6547
6075 8789
6079 9251
6081 8342
6082 8783
6084 9004
6085 7396
6087 8455
6087 8567
6088 7078
6088 7627
6088 9331
6088 9869
6089 8110
6090 7014
6091 8424
6093 8818
6093 9894
6094 9072
6094 9624
6096 7312
6098 6848
6098 8403
6099 7076
6099 7411
6099 8455
6102 9725
6103 6833
6103 9634
6104 7610
6104 9353
6105 7119
6112 9737
6117 6807
6120 7881
6124 7189
6124 8166
6124 8702
6126 6697
6127 6544
6129 6935
6132 6672
6134 9122
6138 8485
6142 6201
6143 9054
6145 8974
6147 6529
6149 7971
6149 8723
6153 8379
6153 8551
6154 8372
6155 6859
6156 8753
6157 8267
6158 7703
6159 9595
6160 6669
6160 7653
6160 8484
6160 9583
6163 6947
6163 7813
6168 7597
6168 9691
6171 7431
6171 8074
6173 7990
6173 8809
6174 6414
6174 8997
6176 7428
6178 6617
6178 7337
6179 8961
6180 8239
6184 6849
6185 7421
6185 9429
6187 7266
6187 9308
6190 8148
6195 9252
6196 8399
6200 7007
6200 9564
6202 9861
6203 7465
6208 6589
6208 7547
6212 7999
6212 9426
6212 9858
6214 6707
6216 8346
6216 9565
6217 9477
6223 6428
6224 8757
6226 6685
6227 6833
6227 8110
6228 6491
6228 8696
6228 9079
6229 6905
6229 8483
6230 7300
6230 7319
6230 8320
6232 9053
6234 8431
6239 6680
6243 6371
6243 9161
6244 7529
6246 8146
6249 6624
6249 8207
6251 6504
6251 6531
6251 8014
6251 8915
6253 9012
6254 7429
6255 6406
6256 7893
6257 7455
6257 8740
6257 9522
6258 6743
6262 6353
6262 7067
6262 7072
6264 7652
6266 7506
6268 6556
6271 7296
6271 8509
6271 9214
6272 7350
6274 6798
6275 7782
6276 7794
6277 7867
6277 7874
6277 9301
6278 7266
6278 9395
6279 9152
6280 9331
6282 8573
6282 8646
6287 9533
6288 8888
6289 7466
6291 8572
6291 8836
6292 6299
6292 6909
6298 7787
6298 9098
6298 9483
6303 7797
6303 9517
6304 7208
6304 8623
6305 8915
6306 9426
6306 9662
6308 7897
6311 7055
6316 8343
6316 8402
6317 7701
6317 7810
6318 7819
6323 9833
6327 9772
6328 7015
6329 7197
6332 6876
6332 9268
6335 7865
6336 7657
6338 9136
6341 6552
6342 8617
6347 6363
6351 7532
6352 9275
6354 7871
6354 9536
6355 9678
6358 9899
6359 7247
6360 6949
6360 8180
6362 8018
6364 6593
6366 7369
6366 8907
6369 9741
6371 7354
6371 7698
6372 8616
6373 9509
6375 9118
6376 6389
6382 7149
6382 8336
6384 8753
6387 6844
6388 9625
6393 7490
6398 9585
6400 8145
6401 6712
6402 9844
6403 7721
6406 8570
6409 6719
6411 9821
6414 7469
6418 7214
6418 7847
6422 8080
6422 9724
6424 6518
6426 7748
6428 9220
6429 8374
6430 9795
6431 9558
6434 7040
6434 8228
6436 9281
6437 6447
6437 7846
6438 8150
6439 7259
6441 8608
6443 8150
6444 9466
6444 9774
6448 8277
6451 8189
6451 8914
6451 9639
6453 8983
6454 6777
6454 7686
6454 7897
6456 7969
6457 6587
6460 9566
6461 7300
6464 7013
6469 9131
6472 7926
6472 8921
6475 7736
6475 8435
6479 9849
6480 7631
6481 9591
6483 8978
6484 9532
6489 8875
6489 9290
6490 7992
6490 8849
6491 8924
6493 8922
6494 9036
6496 7083
6496 8571
6498 8080
6499 8165
6499 9062
6499 9528
6502 7249
6504 9685
6505 8313
6508 9261
6508 9363
6508 9369
6511 6523
6511 6881
6512 7011
6513 8051
6515 8085
6515 9798
6516 7211
6518 6822
6520 7972
6520 9596
6521 7273
6523 9181
6524 9445
6527 9875
6528 8967
6529 7309
6533 6711
6534 8916
6535 7670
6535 8019
6542 6768
6543 9511
6545 7860
6545 8935
6546 7496
6550 8810
6553 7010
6556 8380
6556 8464
6557 8936
6558 9783
6559 7970
6561 9017
6565 9653
6566 9360
6566 9793
6566 9805
6568 6859
6570 6742
6571 6989
6574 6923
6574 7851
6576 9489
6577 7860
6581 7365
6582 6896
6583 9264
6589 6677
6592 7117
6592 9573
6595 8507
6596 9560
6597 8197
6598 7128
6601 7378
6601 7754
6604 7070
6605 8956
6606 7631
6607 8815
6610 7461
6610 8044
6612 9707
6613 7454
6613 7510
6613 9319
6613 9768
6615 7841
6616 9147
6620 9195
6622 8598
6622 9701
6623 8016
6624 7809
6625 7149
6629 7613
6633 7442
6634 6901
6635 8406
6639 6652
6640 7979
6641 8996
6642 9199
6646 9504
6647 8845
6649 9477
6650 9698
6652 8942
6652 9682
6653 9377
6655 9589
6656 8462
6656 9434
6657 6801
6657 8165
6657 8271
6657 8893
6657 9293
6665 8638
6666 9016
6666 9605
6666 9730
6670 9657
6678 7608
6680 7350
6680 7725
6683 8169
6685 9896
6686 9501
6688 8730
6688 9542
6691 8642
6692 6777
6692 8140
6697 8904
6698 8281
6699 8806
6703 7589
6703 7982
6703 8106
6703 8155
6704 7792
6707 6842
6708 7254
6709 7653
6711 8198
6716 9462
6720 7480
6722 8228
6724 7677
6724 9465
6725 7498
6728 7722
6729 7445
6734 7038
6734 9035
6735 9609
6735 9794
6736 8585
6736 9704
6737 6882
6741 7142
6741 8650
6742 7563
6743 8738
6743 9268
6744 7834
6747 7454
6747 9132
6748 9111
6749 6944
6751 8342
6751 8577
6751 9487
6751 9574
6752 8493
6752 8586
6753 8219
6756 7991
6759 8220
6762 8503
6764 8019
6764 8773
6768 7508
6769 6781
6769 7830
6773 7380
6773 9832
6774 7974
6777 7838
6777 9421
6778 7998
6778 8882
6779 6955
6781 8141
6781 9333
6783 8126
6784 8415
6787 7139
6791 8260
6792 9442
6792 9683
6794 8089
6796 7032
6799 8506
6800 7074
6804 7480
6804 7555
6804 8149
6806 8615
6810 9533
6813 8016
6815 8182
6820 7010
6821 9336
6823 7011
6825 7012
6827 7330
6827 8586
6831 9244
6832 9431
6833 6877
6836 9785
6839 7571
6839 7896
6840 7962
6842 7929
6845 7771
6848 7938
6848 9775
6849 8309
6853 7594
6854 7331
6854 8749
6857 7672
6858 8993
6861 7350
6861 7718
6861 8826
6863 8891
6864 9746
6866 7793
6867 9662
6868 8556
6871 9244
6872 9095
6873 9636
6873 9743
6874 8884
6876 8605
6879 9540
6882 8938
6882 9278
6883 7464
6883 8048
6886 8732
6886 9393
6888 8743
6888 9354
6888 9594
6891 8667
6894 7775
6895 7060
6895 8628
6898 9864
6899 7315
6899 8575
6900 7607
6901 9164
6902 6974
6902 8146
6902 8647
6902 9206
6904 7275
6906 7683
6908 9477
6912 8997
6913 7201
6916 8739
6917 7925
6917 8182
6919 7934
6922 8169
6924 8249
6925 9023
6926 9765
6928 7311
6932 8267
6932 9660
6933 7846
6938 8552
6941 8327
6942 9770
6943 7298
6943 8349
6945 7726
6945 8982
6947 7970
6948 9267
6953 6962
6956 7344
6960 7617
6961 9688
6962 8598
6964 8910
6970 8543
6971 7764
6973 8564
6974 7604
6974 8294
6976 7318
6977 7015
6977 9160
6982 8107
6984 8072
6984 8265
6984 9509
6985 7670
6991 8593
6992 7350
6992 7436
6995 7090
6997 7056
6997 8014
6998 9515
6999 8085
7004 8198
7005 9202
7007 9743
7008 9385
7011 8561
7012 7479
7012 8236
7013 8574
7014 8176
7019 7474
7021 7390
7021 9878
7024 9714
7025 8448
7027 8335
7030 9648
7033 9172
7040 8082
7041 7210
7043 8613
7048 8871
7048 9629
7052 8310
7056 7452
7058 7417
7060 7591
7062 7934
7062 8962
7064 9284
7069 9303
7070 9523
7071 7634
7071 7938
7071 9221
7072 7658
7072 8000
7075 7621
7077 8278
7080 8836
7082 8440
7083 9053
7084 7990
7091 7477
7091 8962
7094 9900
7095 8089
7095 9617
7096 8443
7101 7229
7106 7179
7107 9428
7108 8474
7110 7338
7111 7710
7112 7482
7113 7644
7121 7575
7123 7841
7125 7786
7125 9520
7128 8916
7128 9055
7130 9688
7132 7805
7134 9771
7135 7337
7135 9174
7137 7164
7137 8461
7138 7444
7139 7834
7139 7837
7139 8719
7140 7548
7141 7220
7142 7403
7142 9886
7146 7184
7151 7629
7152 9137
7155 7408
7156 8236
7156 9836
7158 8398
7158 9728
7161 7668
7164 9256
7165 9542
7171 8794
7171 9010
7172 7997
7175 8984
7180 9283
7183 9486
7185 9151
7190 7469
7192 8123
7193 9333
7194 9329
7197 8053
7202 7257
7203 8703
7211 8846
7212 8953
7212 9720
7214 8638
7219 8625
7219 9345
7220 7448
7221 8273
7225 7368
7225 9576
7227 9656
7230 8175
7231 7275
7232 8355
7240 9696
7241 8749
7243 9028
7243 9165
7244 7775
7245 7714
7246 9172
7249 8942
7252 8648
7254 8268
7259 8229
7260 8367
7261 7280
7262 9351
7263 8998
7264 8350
7269 7417
7269 9625
7271 7306
7272 8971
7276 8947
7280 9433
7282 9870
7285 9392
7290 9593
7291 7866
7291 9534
7294 9279
7296 9122
7298 7836
7300 9474
7305 9832
7308 7447
7308 7548
7308 9011
7317 8138
7318 7519
7319 8427
7319 9831
7320 7876
7320 8737
7324 7505
7331 7707
7332 9044
7339 9410
7342 9371
7351 8887
7355 9863
7357 8068
7358 7879
7361 7856
7362 9305
7363 8753
7364 9506
7364 9708
7366 7674
7366 8944
7366 9056
7367 9412
7369 9034
7370 9585
7371 9582
7372 9588
7377 9702
7383 7646
7386 8215
7388 9843
7391 7700
7392 8505
7392 8626
7392 8780
7393 7548
7393 9410
7397 7738
7397 9111
7402 9355
7406 9758
7408 7553
7408 9031
7408 9817
7409 8038
7416 9591
7420 8020
7422 8709
7422 9121
7423 8136
7423 8186
7427 8283
7429 7722
7431 8389
7438 8039
7439 9182
7444 9513
7444 9820
7445 7700
7447 8109
7447 9330
7458 8260
7459 9017
7460 7558
7460 8097
7463 8938
7463 9192
7470 8854
7470 9432
7476 7979
7477 9410
7484 7839
7497 9005
7500 9711
7501 9552
7502 7985
7504 9282
7505 9446
7506 8982
7507 8891
7510 8344
7511 7648
7515 8107
7521 7585
7521 7736
7521 8396
7533 9072
7533 9087
7547 7798
7549 8817
7564 7931
7565 7994
7566 7744
7566 9041
7568 8582
7571 9129
7577 8941
7577 9734
7582 7749
7583 9424
7584 9602
7585 9608
7585 9880
7587 7866
7590 8169
7592 9778
7595 9464
7595 9492
7597 8145
7599 8414
7600 8920
7603 7955
7605 8271
7606 9839
7609 9378
7610 8057
7610 8803
7612 8039
7614 8179
7620 8374
7623 8230
7625 8973
7626 7776
7627 8189
7627 8324
7630 8344
7630 9098
7630 9638
7630 9665
7631 8211
7637 7955
7639 8431
7641 8078
7641 9436
7643 9070
7644 9097
7645 8095
7646 9491
7650 8347
7652 8125
7652 9583
7653 9131
7655 7857
7657 9341
7658 8660
7658 9836
7662 7951
7664 8658
7668 8046
7669 7991
7671 8893
7674 9606
7679 9586
7683 9536
7684 9473
7686 8034
7689 9444
7691 8362
7694 9180
7699 8931
7700 8195
7701 8373
7708 9497
7715 7865
7716 8902
7717 9607
7721 8540
7722 8069
7724 8463
7724 9692
7726 9429
7728 8568
7740 9027
7741 9693
7745 8014
7746 9201
7747 9739
7752 8570
7752 8942
7753 8733
7755 9516
7755 9606
7756 8309
7756 8993
7757 8453
7760 8016
7765 8766
7768 9892
7770 7829
7772 7820
7772 9539
7773 8051
7777 8328
7777 9312
7785 8180
7787 9282
7788 9643
7793 8504
7795 9860
7796 9903
7799 9412
7800 9879
7809 8253
7813 9841
7816 8432
7816 9266
7818 8627
7818 9158
7821 8616
7823 8183
7829 9438
7837 8914
7838 9615
7839 9116
7841 7981
7842 8933
7843 9495
7844 8422
7847 8997
7847 9554
7855 9248
7858 9742
7861 7912
7862 9001
7865 9337
7866 7906
7866 8668
7872 8017
7883 7995
7883 8763
7889 9716
7891 8976
7900 8277
7904 8724
7906 8979
7907 8913
7908 8258
7911 8308
7911 9249
7912 8202
7914 8206
7914 8604
7917 8142
7923 8109
7925 8243
7926 8195
7926 9787
7927 8982
7929 8215
7930 8518
7940 8817
7942 8243
7947 8434
7950 9502
7960 8209
7963 9293
7965 8199
7965 9136
7969 8376
7975 8767
7975 9500
7979 8190
7979 8468
7981 9574
7982 7984
7982 9751
7983 9514
7989 8768
7996 9532
7998 8575
8005 8535
8008 8994
8009 9164
8011 9286
8011 9353
8014 8112
8014 8153
8017 8797
8017 8834
8017 8845
8018 9060
8024 9153
8030 8518
8030 9723
8038 8920
8039 8927
8045 8326
8050 9879
8052 9178
8057 9339
8059 9270
8060 8564
8060 8642
8064 8126
8064 9195
8069 9260
8069 9863
8070 8587
8072 9591
8073 8309
8079 9651
8080 8307
8084 8483
8084 8796
8085 9419
8089 8760
8095 8420
8095 8614
8095 9582
8097 8458
8099 8173
8101 9218
8108 8452
8111 9395
8119 9113
8122 9044
8124 9300
8127 8412
8127 9321
8128 8705
8135 8507
8135 8694
8136 8515
8139 8627
8139 9058
8139 9508
8142 9381
8146 9043
8149 9741
8157 8386
8161 8184
8163 8707
8165 9503
8171 9602
8172 8350
8177 9128
8191 8939
8196 9598
8197 8390
8199 8289
8200 8915
8201 8928
8202 8308
8203 8884
8203 9400
8205 8344
8214 9495
8230 8379
8233 9473
8237 9097
8237 9451
8239 9078
8244 9043
8246 9095
8253 9100
8254 9898
8258 9188
8261 8650
8261 9092
8269 8569
8277 8521
8278 8497
8281 9836
8287 9268
8288 8364
8288 8984
8293 8533
8296 8671
8298 8530
8298 8897
8298 9620
8303 9001
8303 9366
8304 9383
8307 9723
8308 8917
8309 8815
8314 8781
8315 8375
8315 9665
8320 8846
8324 9093
8329 8837
8331 9741
8336 8774
8345 9506
8349 8796
8360 9678
8363 8894
8366 8514
8371 9312
8378 8928
8380 9604
8383 9429
8386 8445
8391 8655
8395 9247
8412 8776
8418 9591
8419 8582
8423 9047
8427 8959
8428 9620
8432 8871
8437 8843
8439 9207
8445 8520
8457 9306
8457 9569
8459 9818
8466 9040
8470 9314
8474 9143
8476 9718
8490 8632
8491 8841
8492 8820
8500 9377
8505 8670
8509 9213
8510 9382
8514 9212
8531 8835
8534 9695
8545 8554
8549 8781
8551 9440
8557 9571
8557 9801
8562 9299
8564 9054
8567 9575
8573 9771
8581 8684
8590 9878
8595 9060
8596 9137
8597 9810
8600 8747
8605 8854
8607 8723
8623 8800
8626 9449
8628 9462
8629 9398
8634 8884
8635 9738
8636 8961
8638 8689
8642 8902
8649 8864
8652 9279
8656 8924
8661 9012
8667 8700
8668 9212
8673 9322
8673 9562
8675 8965
8677 9206
8678 9117
8682 9567
8687 8922
8696 9472
8698 9802
8700 8890
8700 9418
8716 9050
8722 8995
8722 9847
8733 9223
8736 9195
8740 9320
8755 9389
8756 9179
8757 9720
8765 9213
8777 9279
8778 9450
8793 9864
8797 9425
8800 9104
8801 9854
8811 8888
8811 9089
8814 9253
8814 9506
8832 9017
8836 9341
8848 9450
8849 9446
8851 8992
8856 9605
8872 9032
8881 9823
8887 9117
8891 9701
8895 8928
8895 9028
8919 9458
8943 9763
8954 9484
8961 9161
8962 9198
8991 9543
9008 9166
9029 9728
9034 9808
9035 9338
9036 9871
9055 9062
9064 9598
9082 9341
9082 9729
9083 9652
9092 9518
9097 9204
9106 9126
9108 9722
9109 9191
9109 9210
9113 9250
9117 9739
9120 9148
9120 9576
9136 9367
9143 9619
9144 9208
9150 9314
9157 9694
9160 9762
9181 9296
9189 9781
9198 9615
9203 9208
9206 9599
9213 9324
9222 9708
9235 9439
9236 9435
9242 9296
9245 9817
9267 9286
9279 9834
9300 9333
9316 9532
9343 9502
9343 9865
9348 9385
9350 9640
9367 9398
9373 9397
9373 9510
9385 9601
9387 9574
9417 9759
9418 9469
9422 9588
9423 9720
9427 9455
9433 9530
9436 9524
9444 9544
9445 9607
9446 9712
9451 9529
9460 9537
9477 9521
9477 9848
9477 9865
9478 9482
9488 9734
9519 9814
9540 9841
9543 9601
9545 9558
9548 9551
9564 9581
9575 9779
9576 9837
9596 9877
9607 9892
9650 9887
9681 9824
9682 9764
9695 9835
9705 9840
9751 9827
9757 9760
9786 9811
9793 9863
