94 94
1 67
1 85
2 31
2 58
3 11
3 38
3 41
3 52
4 10
4 58
4 66
4 70
4 79
5 25
5 80
6 83
7 64
7 92
8 76
9 29
9 34
10 31
10 74
11 23
11 87
14 21
14 80
15 29
15 43
16 76
18 61
18 72
19 81
19 83
20 24
20 56
20 85
21 51
21 60
22 30
22 72
22 89
23 52
23 84
25 38
26 72
26 78
27 64
28 58
30 53
33 38
33 59
33 73
34 39
34 45
34 47
35 41
37 64
40 50
40 68
40 75
42 84
42 88
43 57
44 53
45 56
46 85
48 56
49 54
50 62
51 63
53 64
55 80
56 89
57 88
57 93
59 87
60 61
62 79
63 80
65 72
65 75
66 84
66 89
68 79
68 86
69 86
75 86
76 81
78 79
79 90
86 90
87 88
