10
42547839649799254421382149351804364379054393642377440817057707961407163367624688896389008334707709144857205763157434182141268645733496680368008824348689294901130889655318783537697290103663337159235857 92511311272728124031006809734213559192308509742645509514586072247820894627752652997370289635289874656157308236044889030836531006151408428815135791508824740720780618585247700804623546304955408907159306
87828451951337967138359588814130622865326117624934915278859163753177795168425054470458658324911593093232030448846194624208420946926135759188678673128140037485168669393422559798508061449280982700539557 73668035490780751128338517746055263438336860485955365239416802003512922643987873685894449014475788567405773279070789639701037623961238941425415139541102551801397127043370322291968588597887315407498108
13047381570357542933367317999515980836449577191727530062949134543262969651407487515536460713182820957333840228497060711162141390507984771728324244905246942828208877617354218160934401800380255358885028 98286168227463817150438539369161472803080122504480551268312494142784538180294027139440419934445783807317760328657033250309016896408142906245544363896353646957953485551465307715395153266279918704198341
28593368442999049602497326286956344524639965425859433911701901078482211235893756505037260923526964412321558217471876700045056850821523040723078265953453275133682329158045031043859540390015182479503010 37091120463758513317707819589153984721358921999606635056822642634047114602285429742688227555631581624611491001915964208388514328966398021400596510075517831586947767826976790433570515167650523303240862
64978482825452525892692644196829678905507463344279054817674988740078805025267653334189051458013624605936237565419048431267906630276040177129226447192531016480380195318449346320247807114895482982315262 35197055774591265163748304705173250061767745501375440191478974311107006577528187822461671144778725323608133978858987330482410712145887626409540100248464336169021367135095899128395772188548927621538392
50644504367753583581770408360137605993849179401579147054590323417701539569112816959501792719654634456477585494101994002796813690471177442943840332196194152858586081861281000764439959555101541716691962 68843697918764965232168362264825362369052686413295870852325660207543938264776778172851943121605688379293261212104751916659103748587008480073157695382995734979003896955580405770084269046466599403159797
58684209145512053953331604237068146369256930431309042174697929553154794455165368782040504802073355549127883011746086960376343892182028092289942456389429292490453862111661667113126897704513738057235553 49555915750901245570887341154466284716290900447752915844190484048529031628456759913474984947345438607320825142113217009401117826244097396045870426853114550190627726300364494871008394969604178514407891
49963478994631957972503909467857454375144089192736924589195382478961617719216763511862230782472251553494669410921241469212086908859046029855944375575247591506139911550333630932007824191848971483602172 80740278968947348823562689109942731770631193326571689066844657866314625808634938594361359060616179143164757237156216257583164715531414477409056533683952200913082619988480840507877583816816743038884758
72387374010022849554720896690290972880461743260724764782943393733114633662381441984079529992048963158498326430089597181057694584910398228202102777042348257164797274633625915723183964787506666388678022 55541856903005846772841929204550669562151434758375739931529020690032229568883513204985936753281043559293374269506830542914163364410348499400647740163486011251510683706948970885206010710951435973539922
97468090980424303708401331246543565283439376221348624371018891312680103654936821435501535149430111411843265846147366740449388239875939702712742113927698332666246150595985293522376584889311018795739637 38243335315557522577714887721475616776678928536863870964837767140098332834488927543585065601297767229732997784687319182806439160916592000363592541399076440406876794893513148751185915163911385011461015
