100
17933390211312038859084167355610038625297215128320638670470530893776612975364398812445266354095595060927317476024169160774876889097076704091369697048197800602479449115595132140579858002044895658966694 91221964294493710655152735852664793292801191651398682673860221445368188160338084050025744259971104535957497390204249547963152853427624113116957886357514303588486654531764750678378359993391053477665667
35656218613786288166263334964746564242397880326329860244468540211165448384436712155131745706080768110870181151003764563345896311690099557186435359523827491594135051603949623600065088689945072198117807 26101573952357226273935144811224511959713348036356801630841426102928911324433014193225024264806201222387031463927503752363500759156552500397828668940296121102110241404158343268447230276457922651191364
17076290062999627216786067850039367664880619286474174020179982815125472143025547103447660789810966011078991375354084166502273033721389873783475314544462337641175208416349249774276053466600357724072348 84206455248808587014695161750706264368678936636387970409111161774913708819829467582763724802566829289650610221623581140454933475417570721388173451214522607807291575983199300921070955620329058572208767
73615459232407006122886896426670411906891874324029004777762173052708707913870059202494813527756656871307587597350642347958208525723122704256474248321665019758047410013024822985000037018973329254431892 20754051087163406913249701540920420080177690238271355194694991448650672192408081649440955514757569637990720548665245412212004863321494983662641700720177221377936487633461636543626641209024886742527994
86277308110135332016762236579466436568983872186350531514737596842440481715826534838302585481479766521467040586148047850554012818867514063043388809369828125735877725967871470717852244033072256057186594 14042873504487548264108501590817538991978316785081828966008967187515932977416433837315794820623950899386911633140953188962753872333818638161755925949089394096981570334084150322720573737929114795708062
63790463728177507914694095444144274212525590033989372852261800026894548368581917038479612318599004095314152383069635003046062887056984986458475576629357958323062440922241513430457171689574368844171041 35900146098364014229134933120495608467467179704522817756342293810259225448106455512343625311708198873036303656591514147652171588644025618604786349279174933254050682900782765057423292361273046510452871
25392113289692799690646008394232213290223878535989004831157844206456912151824712512562922968044621314390073259576927819336457113829022358177586391289266667254103890377455283896042410192889897019995605 42071484638003452962007334530918724860661209361497913470071891989936093454707803813903803681258107865417877659868647249068088987611240683774937310620460314064498047990499694964323690941713506636588796
20098822777545794277541127023595895093765414611929113947119664414465447478418536811832372209890158170762543754431348297439063102213721183385719439373426998156920789563521572278621511155520937016257451 49430834172871471929982346401388513804280245784166941644230748629947156706730441953077203022480667638870414595954216398353983598576909064283404141401368232126790016843702385289626383405618274815445914
71024551897751436939010222118261346010252690722140402369633232750307598828707805995889007205241900836003269669555911172783547171861103826335249560120112794704166020898801394856944792667294109239940022 95720001921519180664209190906879957502123799831953109937542275542624461894054788314458488810144899532552106194660339659049803947386163003963562826613946373584564733580707322656927443138854999441708839
59753981950012416781380619514919963483071097484834567025023779276492449734711515079587807912253065981941734771599181220547965242712313971507173941154612982932875829153928205615789917000475497421882618 36820807453438607774829570715869435878810513335604882262533840779825217786574163555644495128635031828525037584089322130948971381083430478574894835310195138372811118096114198939765078462309415467029586
25634739981929015434522030293332836025498628339817607474660412849418135233161853429907810111634638876631289642910666673163929587516668770605395261299729273130350619243783676978560900472028640361072352 58051698160440179276155154846833309591729516389617597780385747134749111029545181586842976276871925140138578448335665725812648056471648875535038458789685598117207919495634815482180138669659614829259653
75631886343961437421969059893524170131546450462391589759281521468546371100927569163987591620995572506143724886828995310382704531443630676077089907026599394509658066957384138456119861333143495361089911 70839258879713828724279619480574423971690533113872470078094962361416908645362759138093889451748526385539564903075538558349570227352580744559994558221131520020758107254122496276010298507968743449774540
95557316657886949586530836502646951288052138050669600980799948560378509484035577876757878687075975486016947200076852965354712329364853253362118338059827437963752892262895572212731752586113143700069905 53401111902803009772551354029468177053861529422671844869367434943541146501250701218162965367930508795454907134965785004202903947517342358927217521300122210828427761902551199137250078994795435876018042
63387972129354536356703518997766374812988408010883310949720238113530645230156514981021235239860936527597158655979659666146332939602317726990986985344087073658145329199194572843679212360094659044676209 83531548258801210942319793371258864297446984347983739277572951791992392799586029124511844664529065238031020727851647037111211985897690668682498492458015995522470863613689822301734531916877844929225175
85279968419623910044416914311392823556503107740478523529148717014134965982982716906603277842439493553375190820799939661944642936814563983696724323551019854994430329630562967052074475659376689275475363 21951769261166223777967918043083922978300910942854354851801975562831678804478867230672812063842008467574601467197935633463693262132679767931649789261181133002207776334763220119619274426921532352961995
33260738087841582262688523739262027405721969407199679426997433878297930316594819488171529691156800703607239224886291784299982932050494621821391026509665262659614668608352094403566762543436905533781767 19981385845176526704715563746094521270370192851399438319176755104363474404456404620926690179817207826952276604923752362512849194749044874512258676409750811249216866450386846194767434052468932262416646
84933399057451687897526620737631599307865001771586434825347351026654619113189674124156630743922562375997648680744470595440075004566087653157004248000716777343834801933076732599659652346082461723030775 62358587082511413063515473550164226037035363304517544878360067313746916525011463228620861769261396639505934336760678622025476375425826024364493621669335494828398784922137750381514288843466088484749630
28076359548828798125987264741923756472282779231299012391809427204007213161708284945183950966152561026793136254523080452280719555254959739387898728873963302116809543230566975151622713063437495526119543 12744631518996931757949003059075875007893493592594893069821534452360939351028472572024256445589726788440355859185302125677586532379854830134864799502973553739757098835445251896414070569169589863203481
78308828065949733648903874327554879311819836018223506637229864554426861550922491401776062905041283546810967778609530990244293222416193492936435244858870395437850738067600076314106126612657794694478485 66425206380064381548178153042158476146994707055667004824917886003121276779743393512063668388509048095669292924762910990803351464822359601999824003054268748572410587477577428446095161192306834765690453
38435092673300559905080236126636386212495405410128565537485389506737725565418385889336658391495350586545993703059561954729713470767834842111272331871387732088314694255002666277495471259045906212991127 31107717961034763893793692655438006366766845270670989699190644025975640420739124762139457275407957133032882665732135706201193235725281477688921255045736128290001220269658324768649618129627098512447924
25115597749182235826892290512130327068316338064966855282695140160476684748910263899604483653464918463380492789795347285598604668480741039979698715912702514889520102679311326673723732757999176840611129 12272812806357068341950422933576148022625943648050196226795124216889823332000595102499895796977893719653015021791595923905625156929673847307448998880665794226198071048930951846593652573160182340713499
53020739597007628591053500568210076958606371562637913221055401756305521999298072688242836474914231811115948454433627500968735694243784302986057070920022077978611501753160496893060910417868483068357411 77082322132938750548966412200105117872633988750109392737187086866746007969200649338401791205160700093108169866500552498400751350465580867665813923308059951630037378864445532882311612089261323679222204
12686103939199449151968827213059485985769524664882149783402093790059521166044614578742954640960013046649783832898617339682471964005448856265200302152806680975008599469289195299001337989744201295903312 71954203138910648664975434719494655531838914553201763196711359323193753550158776110740443953738755152661429018599635061202147878090962897255125245821938915911410381423915217887514782701778787525187703
78344764464527885940205333405018448144475374107705233977531276930323693092599919350086546141285397617174337376342989096413391324306266269599470830641841819911350176455070966518585405315500420378008008 26544948052341482568073653239080191230370409452282241129200451974802514058791938118223646932065890685223162163703167237332343757140355388065660495898291663988397090231421368557914161634424475810326265
34740360410115625180130276884529753558178854671954289222710828281238024962855146701552385113046706704123271117060010788543891071286373434579341663235784036030940071821971938014136790082214622611639623 70309971096812320725002132785686775629833342307685479017276446633094873522601051061669298075659223603391281283906262248726266944934596415020665529064801968151612896116085875853269311325128549576359354
27678224050359293759387506572392142453394373697675215794080384345547785224668442832569650067280634770565738901207648213522586961215722525045122561561979230111180010030324273440368624204361337576078541 55880613997278493594266200653224961413949017036793364720120536076902582227685436942450653323730896067546559465237364953156801298028231505989309972168107822088035900236049956910937977134957915540695552
75301085991044056567091964331737942566312701804915721755940193088697849349603956574978880878036168251849859711276928591856922434755278620991489623759630058914242571668227592292975776774370705836935216 73253600639185577411014116705719339982662801141530760924343170478372681523937407215863411431506200994359180652662203126829860934420164734581169896659711668591548249951212377351737800170103625474028627
63679382154146739493497630738216562032238183645557013054314867764239629635467445852975655739191481553503202787288406677840685984021189970321605904971524393800107079564052158970834374073931902211868711 83027109545821024166337440538888719980620922196182520298855280801715996458102458106382299920558828429901529743793088025782113211959581421791184991562343590585794107171825233866571202010018849381566988
26946894306922807807242527434788996672017456034905547972358693512931477540447548648626912451013279751086840923205688514421258265864131917162305286491916432775443480433674796479759849075056842272454704 92749841712871266447343973660425284402042094948599625591509646275876576734150822332272756270684665680129914210972543677985076954087804943244914823556875117932604162172881324457327522761746420281761563
48049081584616999662433372769380220066673899503638290060598743024683907575613587718218540471442035238763467289108654623571864354314022490523225006468160813703431150327231368187363423666150503049016870 90410263262721681001635660693784694034144152356287189556870299853414396112678192543622960608346228664291912525613786091368936252071615013768414863370464718749625191223031700577325192094924155583286653
86861740082009795321623863636221837172211544123429102243184707621977460834299673036544135724679786751498243008525040773377898750974863196010232699148684359933083171462520693782615170538652685839389144 34000949503154036180601824177146528528064984945504044767162708666888146185610455971969489975364187027376916400276832914334362945391340851792121942263148418918297012380712723185622526397691173941156619
30091231253876146286285944714459110412251821478094891677120222707324620818653909288567884588680619432374187405701856539234811078576103059482250480815178452467906434592548952907925977676809932144794544 86211540797891786746384718144587677051594528875396104798775233212624528321866162894796748151739159553589690701431939046399789015477542538268772191536172941480198030607307033118925957342346845310256259
64821973974564392631473421333826813011945581405331665075144501359839257500307107188208054123084226035403666428811240711062954047932860872350166167520118740954713506481338842289544462950873080026376873 95225486473423184733488637708371119997797498287118152761761561041049679897105773350620782544847945547637415662271084980463751005413619298016006488481415484190026898414182721783864710583940882619547150
91176150028908007598572320761087069874560233922267564900002431388609058811130285417387256060469625697597769797365071385852206302458782540718386499942775624910890164748675060036262432194966571642874118 92414638526847807496822340578115014984322497504951907578804105160153004549095616337803051788918157167294173743018024722472626722894148033924158493064051269599714891343802102226800619954319733393871127
14793649674273005522342194030212871609777718416597685780325961503118908167336181278821643881529721163337088144370527431385529145983400138025569135741059336450922568596682702320455882219148998646079922 66203991811085662149284598599867561440552805141678777013661523690171608164447593610784269307428527990341576217809308807837441124486100166822609790678898056966531720442948159303668931224364226496255475
73443252675967466855636320906552535013538210505634398757451789719895491736136251293375070110953402507200510339047527414349667356890003686171900519462501282432937198771013962680049787346914320916480102 92881279824229845187316557662621598615305441347952546047493597400489328860997554890262769750896049473540542973079442208944550208032079618201502670612700720674614254004005187072678704580273833581950467
14146525273241237689817318174904683863619279071033282828175533072678754354002420231021900478210589069192075017418768242030331329015130270154164599211895920875417781891834357557570313303431290637038624 10174347533826125062457662425003083470365509294055509629618582310995498622469796338398164696668587975063017051983214597638261075155115359885632496262224942161961812636400526579789802612881219894364714
10847532612485517113900137745223849078313041523825491798042016661371758940706038082911077858022861721799684341565844646284772179936321573947727316860183477955625830837375076039545714895928631230734701 63825512760075827355556993984126785844600109733401108659878559436474451228327360697320535216115054833964760062458243553703151676108572463169156262264185903176080710542296870609614452766224030853619519
11308544848950167401040723150886052824194030560585607480548127169911957779482781262188470294661576683172621917404491036719182705686728503575707331111684760576834116813283446451231223332107882176870205 10120303197301695472800490523609751170574612681301935791459651886757668102211917113723501816876695377429511722894173634340448421156137336286783909964523432273487972840786401234337107924233299451663423
40550052564094288911593359345760055929375283187116184245654572552046230254940407907816988131526177273728834283364377294413035451963403705196367630630037506212483695265205179327932458886369379138807355 66256888859798798983299615847987943796309807759610681675915924529779755665151742147844734807686488800618600271905138875336055138068149674963612944225245472953966529686782935097484711136256344325285873
79235911270380886002499124810721340391887161971606419229634621122407965266598321636552789383778290884660520174431870433555600328320286552923741454610963424083348425686589630589743789010601077222683263 91369281361933723877613968155845657268607444423074836047366741132756817397196496383267587316397559669426516993308603024616623414991379775647234007187116183171411800563318626285161085839011471943433565
85118156777051752658005939698001969603341589813199716809758291182794055975473009505556514812663851179421360914882504895751326528596465521199631717445008309398312735540593049522656240553942103469228924 72883507055176933623393047901906569204712613390949347567193713971084293917554854185762080971160064604769870921306873653540107971169471176897776090739705864979905167108934604780560189598357127898054583
74172888638799883463309912599028825251735128552532265893957218598147482754775508367620921313851862321140726963571560408879941449188126473902438929697761458427630431675811593761181625158649787854647171 18753233577091932499916110289348843514085169850028884805064751333255964736459854048488319357200206119188974673517932184918007948107899633479777982958832251135088717630272761166055073905858242628822298
92385207681378784948960741679331967802881947728103881614177528540375788278546624220932298527551955645698839948564375375586284955660075366932127726319243613888893195370690516341512526701444259113043136 71675385451538892083474805502935788262701025622953071261009451236141653398223733878242199789862087029366749372236240103035930343912029239841602549567114540882484045989387645238425253958858489017064746
96915156655427901266344935150707612105754147428534559625561184747133161099680613173895855900494331683338593087551363646499980238266589354312148376008228913019295866396570054998345055857479868336042154 89645522183631822473747635999241682072196964609987530628308591755227690342712164389547799208148868877061441212106692142538161047293393587139391590110723934096759264018468055762472902212335993083568957
79118754145869819887816094717714968136112372714807354569811353165373109237039573765994034891105753120189521512452507033291788414307733632253015361900908485512357628336837910239181181322545271903101362 82455327507801054399939460451644002071467038601863772248692820471738178394042854790385706974053803229382564798952529092642369243504512333057555163891170729357896437343136620537046751934591136336258953
33300134842929611692200386400404932275116640138204072151618171058100808259911598886680699944978834297767774978518503220602152486673267116277443626065274006254577853993161665266607749474770897916149946 49762119607880838304248026799238707194114222369352866654851904443471971347602352045294470929853873522022316770979125848026603705425031917769607011884355283946767512729662084069703840955040258603367876
84747785568913833775552659163367157434401271613271553389342794176132924394958873301914446744520031594431888921784986492503566381603016538777390709353880251786246754626324346955030320808625058932560675 78148966129655864749216862401075590574787592811749884905423074453078158661182733124444465302621847827287388149726998537340186616843807906713225243854594333747684780217023111641138703620458655510929451
65485561724191223727309288849236289592723330837422740086446204867627047155776164720417737768578544344203120544378673770014108693797607504269996155455218229003388362011429878095088531698451855016340967 78567063717133617121612705029324839550076784091451027501799609220490266969031134468060339314800463877781155387249680383833581354947389602307293714181584002229896879625928688545317939044768127949280879
70340235826235973352366047325181687289012792711298364942820431223459714933251544047390403354836267258421997185488149924491217912234068542303899366407054166681342461499229430005986787174638265696794601 18917374698234544487361766105468420121484724732276525602373750036405704292751312050805449411259224003783401599109910860882930170766801092266476680449670701924023050059658738488217536959906431649755847
61767776720995300396308154559786972191849731101571588958181619253189039121381748394409071793123706677848962085709280550364812100522341466505751523509142592934050026876427960582590720105507490112568087 90445126139355777051741276383529684215326877035768652462985366790101666474317269412119532058902810995090822434138074162615234547831675644291226540066236460871433890395706375201223711016461536898515501
41463982438844806775452070627496185832735889836733712685119703304787832055118912730767650181322037903222741044745916266423419609920502911318517089955045696643874724072240140153028924094260546561151241 88326997257167326708727337098711918034271485757119971884892158473605392409709055224106010363727456728018939667142672669952903214766580327562977461988159110496067092972733110708958432431292447405287875
62499558193730594688748069129710543393039378203648182321354988396659364859250671125395593253550932253073334179224852091473932185908861375535648286294138774532701787754636217701451638156302406806366363 30839487816447303215886141241186575104244650396144351112777543924221870506558138566018102695628020742270140257407637479686313630354146206415342173635344701835506910082264463252374599266095812709390265
63847042095316106293854548350028414096753289216904996123494931953657438161544809227930761728995052453390141367463820548461885046402768318566969626224488253277731415787224892837887185397351204643157489 89543162534837518342883682890570689187060183519923226187545119803671689327997665293361719023444878609086329237494743818013000262189827085536773603636445251253797071324652530257577269590850556700130278
17561513467009611688731652676921049810231368492850476188347939191063340556296432005028182539643379806909561215585506219287313119418974095958078522340413639432175125627406939968602154993839093535432840 55264544443772324161041738043574740584873056007891658283425140083928232897579797277425413554177445600210298559985885125625065943837931317281551372632038553982236187677985160428176136819325600397071175
89961034426328706903084521377700398381746884260270766083179102252810538695700593566550515966588990688150303056691835155398079863529029292873853839946619367046769956895805616150368852771621603739784370 84488482985072922545749299839122666069545943500900142977960002081510125407974668436540316392750076336336340671571425089339847247708819674884420049186715560240595863468196832909789130307996918327288278
69333370277601223655276323904347673331829955418092568748820526667110010635415173774970208115668085638554494918105201801057621789390682154525525193764337841555023658582045937779704223702452925356984234 55989112613152121594907732915607014613911789766352608997835971966424946868722185875599139895535763875651352119006434507233886833054825568113084666369779764839657243887746599847342937627941691147598453
31809286648501545871909318842010679071304915502129891857771975975870513189689268480440932036298243857444039454577629386118639637394342099630468442217744740320480097388372265103140331650479551994322374 44234456747978504694763943142798653253273125127368703603160324850067304865985077001947832318710888469697593223295067995687978677397379368862079519887641142235997262264993586768466424058490199642684289
74418667208947620083838978996257407221186980473821663201272081527285241002620456058018142275700568104539794875558692751627552405862610841249283966667304561750248504663268428880175609542360541646863015 40944356360387773448391783714587750729489558980319095780884012813010240593024461942795629710196190615374094380311080689800504711222356952777185855379448332734661718555677899014080499930197565932866442
43151304470502367473135164565163267924085023097852020588128391114261928721616908467793113915570928421710435213459211579222346316902628590212398010632882041965225096092092065498593399345461376057027172 36079280879872374631744658005844384426773417057056741582382821301578125629191006432375172355910366696476330003556526654732470677367243282966851178788291360863153499122972767013354700752684529398955700
39155551225243188046949254984402177286035256917384457139338696818107835072957994861257089363583993976353618015228890719284480563588424593879518136954985433837576592056516315299791320623041398803647627 98225189691375438399096610861769628012927476055423421604618172912357524113950592499084646063197654759637605876217077886404189700683942358278113018430048377061321116239895595890900838793249819828676207
73629394870979940445416903433736896632498981979093411709490957352993326540212585969326259438777368888386354550048949844097096651910540332505495453532930320708636782016291695123304565295392297012522657 12435434865800154935034979007334159305318099625372249834847068432270334261013989579501944297671138078520941668493753725756843898635889832704609868886775616422655973506288599787771812749948429721126206
13110415352436220469247194143993435713890070577752597418634788047468853416582493421768359417336334439543416992352046397410556191235619679346744069907534494160508124650111436741672008180895823733941065 13321667315504951888887918203483948609335614521161708953093920758244871990930685667778446644460863026009164276105515264163772879472629788766886968524457976315103497370600932954159962929365889360697602
35101434350246690639148769455190545187304254676555510639985813148849845109820434837490436650444634084935182302034072259435511134773540926926838468967274124515710749253303128804756387919808712244746281 11672066356687622713531141630816620791757471399106415766723449146371615731083464552634756832709846318555093413874080691843118121754751498987153166817016332261721859564864137046487635421075357206880129
69040275258452842194153283880357623195845118374218948790797243416930350286887427612428221179980960992421097514130954158361541655499001111872084128658502776033896142374573630719501449209871448645270330 81842571950855330550995527965586638917470334745494376503757810721638648344969116656624275417481423905090185954886199013056486422027051985617141157056036122176963491135376379182149648271185180635922843
49885750288027979784608184270486029507125012500543586904635172606212019915754936394598860692806573511610250680776679377631399430389064566193476081138723904043053389839660102714178422162544609448643939 73511180024771177613646528084804148453628995271177776602258022714584258703694694962454000535129323348804373631153718175374735144544520467633159685966703671008131311390756794884968235171414379675403118
81988891773805789926725940243627328716256846928231257102822269648240851254075827252725564879768528373129207159195625097178930542117605603798590672229275912002247068620684638127010011969476467053479402 41500560897454577971481686524855304631591735279580028737957326938740893708802594786937795928354850618062867394890614334793973403533533666900027240684176637813902833982329304127995792120744634928780722
67586367041459329579265611599834451995277012321029268140832856779549247096391600288602707522204066646235852279893456561449253922105858513566637556056494384871662221783372218734042561722081706160368706 47672516644791563864445983214232744922501544374187186233293782545411757557329402000690520503102913228313811260397000137109346891800410419546771389375312177088715401903206575487485922489827537866248616
52463277487014429682365492555084149139773351790960715296586621868441362769248067781772164886324861160725662059922837213357056106316104397207501334122827468183413435605677949122640655756862632689816552 59169193046375491501366786367985348288636377729780664581752580454946589955168621276200752116047001800011507232040186722255498230042621151348609374783150224979555134535741752034694117823327652617706477
21047577844374344675316269497683764744408947757446447161374707211186123716324471982547420140273058173078230731147593938352531488265634925427380431104366428123629100204910700467087101729083373657695136 94252316633653096856759075514537834485933391847555628086684467336396296133573780495473084619029282896192383373474539596280318248776978800789722736343359916090799205427428635597083109124221258122893395
78213559734522622024108482283539077446994993553827214143817969806624067185767827547486236781643296368661840202630327948993022414338537392101730307664602015129859281788410858162053086770575080774198166 29984007789956647078638783025572889032366838072959208889522714265740014004345628011590106518566777077885611007273158591573372441198652398121641355426274004448780400089020771743823639888952133807898271
21800671901161126289990532016750002710804908208088534057663485052970862577368934249300137970361703010334279389579992003230149572541214000212560485036495741968681858510941143870990476684134169581743510 47566648034390482468885670674346206911366863269958644734378267183431892584653029298892469405194072426999153891502323685671954251288742729008568510549565925154517996632678297848713773841885803225252629
23347495179009059695941587050551898703997482134595231700346628161389392495987362372514812063456135640836549451951282924140199388470681584257391414001054070300840283959458274710194722166696405976311865 36153357925221555652276654244483395565787282451153132881712336665999878612391191295276042527801151058193700308142755544299137578649467081585672104626676408965430763891774108403067091312939505835461208
14214177857216465375442846530894700594510138125467731537506300097079261360497889844593861849581655785158379946209398721362441546904000210078772581341031483931631707336549282815394517465436855215432479 88825880693213845625502064660580381096138924793596854669219958118235694955680149995901933876368643341038587255778773342309222097387170677357129652061532206789795830879938930351536929571846586203694952
62603710028941924949587034674293955300671871671410948241969007349737628616900426367429963461370126110110226258358154949176881558840262408325001617395714385972518021392004304714616429874822986336614275 89852185502206123775598658017531235623919160092020563920155432052596046903163646685169450878574758916759493594248409490470312203606360393413306711660595860217863783314007865044502573074397785721872607
60343407095584830434657802179145605015341939001258405148412378643594676348977329948257891226937951125393223842647130249217541843636332353121125705808343629101479492494427050457416333387094095062184226 39323224138967387315678676596069522745157304335537375725223886712847143376914676583392099817907112087563472732745509714373089381261343302237358771363814861799953704070547260260627292642864981644397675
52727106907114031396852920300104805195251572358159940198894300150271263351490365035609668865875142990157812122055814380625294176780019623513661667717518094925399025238795943213251152567851213541772252 20230680171154950191609789725225195528481550295303880081353224010465079752493947178164352552103114431492205680739703340017560904674789743212833661442922823508182272333540918759165593482538706241961898
36345209126100740836283597150102245232323117302111900419807195330012939091027082662699823309846205932159023122328122988840823788455578016040471974340733555130688848243337844947074247525073660858955122 75828644517802526117934346069361021564266772779709539951972704873704428330962624302585762649360881736026177640743349877098721442629144059734594394783284325671892432497143661955187487031944426792495813
21415565180811437730216824114656383965992686604665530894631230557605596604247210128938840370239748695340601405111490855259914264713810558141350695023200132687114959401484332242888767953330113298314449 36209390572182558789722051522951823127836194820735180675806581573807827176940522769128084611434669423391026848866464120623870702097797688838870763080652788805750246867458000937936507772479287824740621
75194548810404981845211591332403086077920193219330754481131220161750973998332904495433053630669397279226420549840627002473603509832295652933198990570079234007516713660344483561328811738058338006075914 99032175942603115303339633518740780170739589788807554096520357053541956442674332189159542725659395224427787360622689968559578044118014374466740659080076954673627330508964682252814453269387665791338228
34675925187612638518433005048676916532273501550415569211560645675364470593577982417823144306197302548918076191824643696604689981467883211870684861472457702433787722066254986430122309327272279271642562 81252681989242490229404978729813649303381931247742333694706641089205474754921545602078571770967251651046493598483282127136587895943811041060746993060730546036115991457213857645550078495027448433033420
61327374093625754291223443929023312291965632195040887346564217749743655836960927052461675493687227673873578909921467127417068736472134607217074430122262404963335637653138856108755183527740196219645366 41112583919131265969210942450127517113842485649434698516239602703849760716992027975010525061679893528635286874793778075394459074059054109623649679052025093362249327412619020467696528148075963031618699
63759810919797625571208189275846517435337760805816248256721381334529145383274889400795911586541591006179664313952881732000907597371675194622094720551536414470750325535423750084791617286331152791711946 94112198274579510108928281592465993497202163228850555653789822975952039942825082559772886279059714540947239731794681569623698579003362990492927223683949837155744685313180376733507305961716810115091523
14292692559913371102645756169855720456652419192551333134612250171111665320089628749381383190462101742233573419367363752779603069937127018892475968621049550198228152350752214237946753836150142786853327 39565785895859769369790019050289736980632795588600894842408172461783796813578391986206006055997985990961902581982201331501743202351688225486755560324531547842246059281217807859781983705999172604630379
75928410792596129935213920375077409446135833183753319366712990560078781670761233365871389376710539479109023850747173712732809084889872533730765854871430372392627564732604913430031923532832290364346096 18336774248296376519111068149974828080541548220609363034384397390962284137408584759255214373479578583922134615198977864702951136295458802812805115579250830942004494675233810568912055424771602035075343
98545525050647842363008758119468104276629238048631591074294441675380310413707921771750588053281320759837212787158939084573626595305753349931610771815683273486216207138432774728713448432509005761973666 70138396478857631663085287451793939888665481954063006765142589804241086857460979695661776255245637291149422262607455212116130222005499773311858157794820131017508711583102113646687351277170813168094989
20992955745450695986315239311754008613913841625777673670446942420911113242683416734019061362349366243102780113729543913573898659013469760359638014944821375049946786179771315249695313524270690774662017 57020008302367718962465750872343474336696230566426664855635021302478200254355804845966471342671057607895354249254489191609865774885159549314788655461578583567241359064369596948532107476741162191171659
43790139311900756477155071810908094648719107018847078212904874687139829869620208633404824841458833497753080794172050211591039869215442222178098628024083415430384245458318697267149638930265622008425307 82058490338481584392346496331665465018028948094721266592215830600207837518927808320718948665126270814290043223593122440808563906262528482489703815471694630117535579385345457125219470206039514671971958
71108303911608078613222692537639014203121485812216923195172335927056959724430130714787697988016142147329468975050318754446357875808726341242409968338791621221015710877270616017755630047441877912723740 93525296919701285315030936268011083445403320191104876692773348670953576297433770627978936384566899416040217053046495505719292888202294043714106293509369644691420883876505947657878949511088630285912856
50897707745229244709422125796543756738914929670179128802093163813013471276757675871282964191789410811513184945106461494736215153076396669661494099001536847422048257910110992523765728855411472249370283 46490865758437696568831772925029129037515531004029855945298186433018703531704177294446830137960277205908206630166917706878233582246141654481178794047445128031956064818148498838706864677997473406224651
86496972674220163211709907014816921385480196333387059919732949826661898850826839293264293270036870171500285034477066433341023368753340053692808306681718324657402807595071511330549791231266080559890995 72609471049638332584719687171431151076668033768146604749423624834538048273815585804032898022063257375984195797785171163907606629548394670413250341111870329480586420784479470682985899847839873745142706
52730359824688769938912939672660568381474132416049723035253401821247989266420084232119413220241719761499665639396257463621404180822492233434930571098887534749999211529679854476801240037843216893729689 47417320096978772358730805927635287968528726765086615069106858372907869035790738463784422734358704130979489670824534714405270758475976087738380537469291427380533282251200845085740064962500962544309419
23383077274069737699319363776426150229386097845482342624141232886974203619781708125012364995763577853205268882340702721776023258572195993727012366349773404000216962844521774336947840560959827692404621 81019726915603743068165808873414844957345026769130907490296057259262137767322549841064570463233617368271384562318916747399936109707498692519279051405354406288623669914295466120419734959573951738594608
84219512971916693817194938603275965384764787272250427035437490021608459147705679762497702563360421174876597205234192649126970810800671496203988266184327642936335011337401917734489717889122557321591233 56922164423919327954998818225729409024449762375704594452069314763011106184210515674011064127496819279930183390115982070567692793763547232915346520665753375714044152840473996607461405673398874251462299
91329777212427453533630610512040711621255501901500791612770290537279321894835158265044938740103106927727214614758196427816202832613031316039120273641082072400907511796669581907895355859989273079972721 95722615393993304767788819922290775408200971948001053556984550697735751203772427229278485024863429421506767986605306024781775753137097477378472076446305743404215547650308661817219910852341039130678498
43665808456660848448005780079056807144852583768058506396841261449385018974559102938224788036060594326768093896296779016826769596003681359406364049887281212796540320512487193203644628302422680048166821 84151002434692808578599774456142375355281517709871666145948836183568948347728336003184510399499816431300526145997204941908624824302271733202055762147745001748760285788025585507411592554078302520933073
24780682858904193502440014732063814022633373852379361212964641414928400113053246998097307297379744762721019266234575681627137168680669022249532691098082110801481435193082130443402280635148821428992612 87311836339984417890916443304102556675570364210240818022129806564883668205666135953912105876085880740826930123587066803729234714135064973007195085116442076212604615453151236097880559573209578467238214
24190076040891504782186375862586970688681312044410685689733156173524057162193307377917518663995267961755669628452318469590988798316355283845928126589554518509752179862155106154591427959177729926488451 10303634483305089517886997181039899165333038391916251260884934983867077887275544034410946664974773449724003969254415033331765147733106255244076478227079932437873485716020253398550073025811350035698131
71285989574344472184890050836419628241011805410382185644681519385992155063771971878321178327274370346206316091647411772923871010064209909162774240688168169850704886324676632538592490534979969232026089 55711300182918758160596477716267238894760779712752845591983574290364061536404016114419746331200238718398593552140133331971512044711728936367304041860724003876218678264187277100924105560348909649480784
31738781243215591477946135741311337064239884592221234945503211869897007946314235027160915307449663249502824486569243664782596578658146361994932818529700188679672248348978450651301114627033053079171700 42675997004471648458806183523751908554469169265597076702832339223252566582742286495647405037393223330428172217000992618073328410761224324465702761033834640094692817443664123002068561336332996702789182
