100
7882801661 7583004524
3022398255 4716272514
3085172141 8892037985
9829186416 5455732861
8098241685 7593718290
1899894837 3514224970
4732018374 7697326617
1637171331 3135460654
2905160234 4083949415
2724086278 2072004898
3499020629 5720167524
7886793984 4350742548
5748487755 5825980986
8029589736 5744948396
7838018493 6836817181
5146030818 5274436842
4586642861 2172934044
4784320142 5639748745
7473029361 1422842155
4590319154 6911098605
9583259674 4521496713
2718929499 1252673493
3692337738 1806331989
2920376935 1991731622
5019928963 7184985101
6628996940 4235561390
7475624894 7030489050
3746753654 2308188513
2418355581 2306799668
8419709809 4016013014
6191125489 3964760604
9623319492 3440774754
1792429848 7474955450
5076736983 9610770919
7607655743 3200841050
8585038066 7251373037
9893856727 9217557654
8003444265 4953631678
4267962862 5562490765
4929253752 6367267971
5374305743 9424686540
2365123801 7105858028
4745025130 7749059481
3911548688 6346760431
2252823266 2233573402
7667782821 5887741366
3983771482 5236328992
1820022574 4507620854
5678073015 8545633238
7292548815 4653158978
1516416034 1024381344
6152672738 6601454911
1651380949 8205895395
6117719568 3854394250
3833259279 5596655683
3064963682 2052929565
4793883393 7564699487
6018223647 1813678016
5701924233 7993727670
3431872660 7409297321
5299583927 4475719427
3458744225 6498896602
5105019752 2092847156
2363322143 6741069500
7925044722 9895997150
7192560593 9240855396
8960655654 5341791276
2933447474 5849870744
5142261468 9901643553
4263143529 3151429291
6938397934 2805590253
4458693426 8625926236
9030677793 2958256470
1088909874 2114235978
9775737109 7844867663
9304927751 6276104147
6448136023 5768621027
8092934421 1548167169
2898145620 9821965149
4369212197 9118440616
2952563498 2875281776
4682443657 3872943552
8451969557 1625015841
4379933268 2594776678
3561822661 5443083527
7373826354 9322888059
8238998532 6872555157
7876187131 3311304806
7490937429 9713888695
6857511233 4801295851
8075401922 6754957179
9437346834 1053442848
4149595947 7332980242
2448574784 8586933170
4599644371 9285235113
9894384721 5410044314
7486795266 2060237267
5500704403 2045207326
5272787534 8809328375
5662696005 5820905635
