10
71841972423606976828058874312714191632400360278487175028951396474382564978343639917028888783792551278515209130765869735665602485722049424937452804915824180958402355615575703582126793750204618073148568 47971152217487148476104008528938981046084950306796840549363870117793186038392978771508014781126627031598069101186440596223089016303234430744153316843989699006044764298327014355528651741266759758046536
37052655538424924969814950675296995936704496091089768446215833319325128636212544670600916023894572993291102950331674242030476939420762665484033342274901187197428115720965397110705124818885856511210730 44711509813517636890059677265171994184510073816066110238528844176749834463761759115063990260711917376838755565776858227846558100461860385400926870408572235878966323379147999062089500938381123515896191
21429074734205236991076448933672886950232930946874563033608219598315791599236252477816300696759959019113505815969420998920488314204406067921074218686904968505229136291421049509326577135617603659820151 98626054027865552301739243571016491495581365005525427472595535487344308170351999592197243239899436217585812275027684094834451576970421862166786723829175608000878565756325980935076585598063351798422043
93977238470910191968267171647762479986844344518952018632143141140764858961904030062331407297132191878799519806350350556434705177126420952791998339840440812082231702501353897336597247098203143394097722 92539949008655305630709088368337189194516722679307671414223922569682941725607975421521187176498403943035441820471240306712477789381235258313212862169713127484512833193828178075090625985901145938959234
18602795190828895408363782408199136638227878463837118546398578797019489011960088459250965589327670304914997305860655025129280659030860351042492150136656492053216735667595711406767181324903066472382322 54949359305556694579377661315104082328472041106656552974516968044241331356379436947178681452751834174710898763150712537909270553460500115031593312407872773018831602169143940379725185618965452884396146
56173617303284364314235796273349717942904086808190046440332486325332724365788777527104086289069589075300120257899122427380261050460028320013274570362542908947966837265571277344503960198496637358832594 25711947408471051477857502087814700910025191740251426111343673428348796717105775520725160507271413265546648331954786728602066323889801001368367170788878995759110973564756511369790555551879370752939291
79895887657163727193336106821621283148876228241806802107853347416838686124478908307813790500088320747622507412028615057309057722093118200093406742082371731304913785457564959108907312147699677152347097 81800081580596083644548155682252965048900760985155266589612342584508245694491118465449405061624101075712211263726783973532804773821506674742765824869886003565291395882808535771245511292931716171429438
44506967991201067269411195173853487445669833248795097327489532127160427068215329074379691910682208794786005567039331830881306054213228302678989219773110828189812444997559819064029620519185964181974623 26206536891898931420679622487529228574480096930186497524247009067154406445040523029600298902409832198206001658538068489975230055896270580781535965748970404332381020486576768510330118771104284938270596
55781668121252538416276917036002935085248442810894922886699845372521441145963202601700758253893280965675650060722364991083123887960711060810656461387798931268373482717036001097943567180244660056983575 83150097240640183460496195326485115961878403098211843305117205521299106234435778431120646577768289493720026107570191346307624141674789773567789058618493276170477215780063447802805117316859666311627790
57792411025139610020833637605073664641837759704785912688213936667761940145305501011917531715137489553749829474339801418304224439764216381195094840957463943679590344012888572915882549398686724408183744 72078276266892813320274444932833608443249978995446502608354663918670755196084109952544088277445135814620796464977435636541513075213416660042284954198780149679004477033229133843977446229230613463077133
