50
18741245454863190496383654210949935348749499228983121292613305159609869767316225718083722149994058317388966190511653425943974911722690999782061551979645627601123978256055462646021465315645174990028831 42685366279076692758159138666022843586738061352709754819667733225157579927649901131579900055105259009245017409170355585237892338791974228223135783728468078460767409380517763237081198975701651609827441
37843566148094482095330058345222471878014896633915582743970435756639557853548811804942156862742224085880416504755062682367883221347649799696442119823856863600084737900784118981511859408324237778098928 41993391670228691311587814781782504991673115189915814331652657990468493488933507552391070105422890844682919597371922643617731957887818730419964862779428921894917366702383718971486098567443277560949463
47571760830413933584363345289633813694800221089092245862055198614543949019104290067645697025259150086935885783656456821510829146396513003138397408994974985545754544698596470406882545721417546992980534 98346415323222968842624018000631081221875879263737108691543506008574477430703738748264524857734845218169672445575796962584056188067682770420168535264555334689437064312455538686431768474005788229056235
40557240856033004916146091599853739308692667455930385643630253837805137213573046056313722323600444485869948886257574817015581909195664517806336195520288358463369071136577393810461541914544852586443090 24344489071093851214801777089329773472784858542772233809447909092714034120823019142697232552548325051803329928466851103110305235697568314983691521189520472679803493457951773955544903544150114712836574
92529037378896975961936635051507398552696058353242364231488248033436521354512300143291441232295932466166239493722979898572704748856004492733352956570814781259582235852138942133071176396052118323041071 91080696175446858370768620420686453919162922002138283921367009299042034356924664423272065730097615046696417840108109937034249352712332007188160610402278230509309292327608300347079088704494158341669185
75816153276008573162569774349806390873081127138787597856136202971286762393518181258893135053433055040189274839096533850248351623833867985601151921946697922834563878044923035997478346293264672198900207 72936683338903230109891782488571518052212004569660207784935414695542101034678234804509848790079246819912513990513069521304355250094350796917025596333834731794535325417440693856820443756305407281329139
70614455717098631728345634695486250979894915557259350133616628961428037278673040298987264969532001890561859874361230439504540702782644416579104920156679431722703368132121563466540917806395925583202640 30083552895356477671986702701354684781934434397339559717447652904747449076793623224514519553194713267786955262513620027847954715021919109483084401341944662051970098750652126411831846065142891669404867
40297097970899025339254239399938027205194666182750965082648693101061255862205548411753202068679916872046281517634203458575735297830029012537016885109669881942827715795074275667287609921799422306631444 83446833343957990998074818465993375895854349432108430508743141421989304507659465305267900201915449381654966350957079602327337256732501803287099084282710587364115038254237179205184890625096356251716931
52593268070958300727277838350211551211098267153423271059563600216904529117566240045584703190322486439574208449950432343314957845564141210046010785134205645745241241746939407406638120687167392727653960 53834266258723827739306424553749931250756128120580796910620846521024532353721119377625416674291290207814858062018691435295043116466947668632646433898163252729702381019237362904260783950589283194275083
38968398408900337280768892411872010813257223202118898857243002384441090286820415998349522603207975457704485540231496852431517231248726118274240069097827496631679301806330874536908770480504089170521632 50050659233373757626965821114698630000734905530090238727290286774766709968549714606115767755546640502853301396935872579380644147983972751299013248799207752823890531946805521631571991484196791721757238
12070873389427152878369229892333962442835216568260455018546398333124203537565980099800638425063187441598544214887681848504141370061428874888630336788610673324107574496866015964445233035760125715815503 41776106041643849945415818386349513816031954859295594671168623304061404517323116390241124982058408518167618883775661094019534943445004561999066001902428987980900035554324109528459823993659183711116044
78529958555037492447998110999431891745347584927118092957999177357069897169776602944656436142885798414999289967035119447768086718819339647427229746423135168039082632049279312878143805987957571287257268 34899657107305594645266725463710046055239269202680088896843152823719543144665440777409738526819586721992117603525375681226524335033352691046165550382001265645636039624413317564875912361408797294712076
36640047481752127961695119960870387981589204309724105212347883598478581741247558846308961568405935257915273204790957872444881714526050883759390049320752569348916778273833314778163838958609116256158957 40594533820921293056389649319769805130881000810506179477343244122582171553992892052790587571541304344569924456900161271049968978056607499172690017261389096771512929414967976372547829222374332472311193
37010017157418920613222237923518493401817582766069330625388489021812714000278428808363231403547966079604096065251535731293726582468535776129974493042887638314460040488222979336994751788235868566111160 61243038899420671391754527575871944754771028336275045560724322479330122070009960077990117335528060635622506194252006104326725240215906728396096555106964925580829914596361375734948528277701713247384142
23199767515843021729841989485505269297074654485169377110426463193934233080704200805931964807366607209344846188287048256409494310711611150579280424078568193059860733482243265040247752903457709707277903 24178535622564115473433468904130527848026053650720265916391117787429425332267630587339222638437025922404699248734074309438512844715566183664725157239077020032261177704485676927460393562389075774356180
96487270113762807484285903026397776320746108487243365669169737844168371102017086694887830164718748330822751204859612598649867685831228285912974749243043994632792570204331209558789308227341147137590202 45870011526668920580127124397614281189989735805161473057145344307487921681690373548534038894838329138980824732942124724379268755972967102552206229432088806890506524997316749829152276966852695464474845
78314684111786375591084637866487434579860994262203909415638635877123162201891630044721667769326155842542984869381815447536187716822026008953935275733993955326140007020988311553461069044391482577736720 36534549135887561533095113965475458532564850143733373018074855880875069409692990116406749125817438000895321737980591238587799079615341356973533067093618348285317180252737433118592542326553104943072023
41540924410471632845303424315174855493708359080900700016295834303255574187431759094252551059604101955327107617833256045654085199527395673449367601522772406494635822825154952781284326130046366545430225 28832642861917278117372409664590849114855562151600577347695077829374727412608087784717915935410437784631902042778926600723873738624861274926091823320805052543294169884596026935847526349897520612969856
20512129849342839525784544666797497825199635665363319068680207251603731064397804646871876115706677015143327768171340618152968534488490340377297121402593390105962710461675094117868010113867271397079619 56931584456713065070118869715452438178969081405169719236824983838706548349546893789863783960785869786232550307313675837339664667503880082365479861878844205754884787248155411309183278417779438691017410
29873563703991572087953055057027058050391587453262430781930727371260697415438589793155475992541132370498054797612034694300935632744900166832251604793670438020464655864671964151995223881936706963115773 69017491079626725235392187998126544182922087168530878214658142269148345221595985532102547520570417698777160514979961214265112006027799635617649868413094684869949496605812365978109122574406320070538803
80075827479646434037299214810323511194805055840867689328923407005899481420509308934153118778279550397165154981754821063664499279381471730069067564462977235023234821743115467515120123324957087839336104 62367644622779517350428558897590010236234493849510980862803337688667581017738031079878576628128349751183213240468934769406501394603448795782002588915758816140094788541683159235628059214664053212772041
96544978427416202088268899857188876893459884807118106280787391481832399345309103235863551732485282548952534387762056249220491159112199090687299957660306592754053854380402592735553315593700596972967871 77078023978061749454921938985380869685752482051350200687513739852378205845955470463316934495938647400393795671246305300510177242457439911556820495459988850939855755104509906559352674391363037949980170
88457185789357095128894217513434109699924714583600202486489905653489387154882279602153466578781160998707198125107102268640227849411651283195268456428642468164646390745632314640928278962753133965263701 10727300495887361056651196653491161846765753999527645842701600466713907766050986411970958941464669947374337954456915203653675061430689242214664169451962295028661396697466813351850953275761140471081609
68389496162885115669376467012859673987266504202096753288424163900580552677428610953376425943730838066040708287206835512012509313492762072048811548567488995757003439510012160223165820802726385708761170 11150597320090141602919002985816031259617301092005997268003762089364864733583455834894396655423464778137521079233427414665989592673728626517386935154599796246547277952476090013715980852248260471668539
25171176049788516166249545500161958057904850602980084056343956032805213834597703223163786020249106428758107656067176703061577668716622805884143276564194081260223112925842837429024489025007785182807032 15496510466531394161284736903588175290784107919011893081675527139608862132110270782531676157071990594319682279128281076458902907314160088420720225602251557022021544572167186379734995662323288074653749
48563389018548154629937210895489547313813734065931227521097274675636184730186758702815864368064733005188707040860492603096686405066396723819958648993385543761053004581890119113156951755836053243831059 87766818200264221523916294200810640280000350371485967292114896058862263208129435257592521561489924305267735415254541803066131410709990733468427158348206986250108083549412127050178055397992873945019924
38817137688894050693476268021456447404403544378921986424523580523550448239690787147351706096381138354478551958135474416781209189427217811390790650156103488525862720167057405944071406383041469971622183 93345883657032835250403170765359493907677698762594952434573493730933223417902106798483461602050894011875732385924015101795756395207488821649404176905743458732261234216546436707750734304730154606605940
42319548460730740981880234151386883823501247666483773170933882617062144398451865003086118160622157379500921150840335532564952067192318294353435935987382380142377624107148606387284562830548483343714815 64103712962496170050053978729850908205642103080938333126182211530518419818653938679532374672173380377478999324598018727114032671634063972891812185745420067686683215427260191757039206498346305068180955
36471545657105158050798368560888295587406439651588041382565120049653679764826335886417772704411950637967574979767829623604964724700571049592480486748641808379068651812586149783506113881990014959104993 56455811623275965044594094008868934554640666170985602496775578543699296755890103695324272307290788770810231199952606999823770474166490058482397044185622187311560006493996386850931897723487375258253408
19565813357256644585733299041178511732380420735268469498075790092915723798561674905194417581609481481896249378395000399003606705456809904632036487557876873950708098064505518633848839375159299692052761 75842466997720909923801929034109071949092134749411245812337038456905074739467584649289584978127137281144071738512571736250505967500403550383123168242903628559266010046387997367137777460741116204696726
84453394471701107903938179021687722753781342394079246156184942019145819381024984943035240092947432506596240809027052964961002376432703297354535761349034266640898562095077559573885860258137318617773216 48758336746566799687622710428073949355600825641736943477509089039814639949030266391518398289628363876696859487079345625611867613112601004515019547491944967890765867767197242841088250725046627535318762
86653783460653057207510298818504873255478631479757247012969646302921341116300889185072265611821175432497752633103787342279550735664208116927727573171959562641352298308007169665329391288449970089178475 12262780656757419646268928426146499741122643857166201488864527727493189960606564784722223836212757479380344920825095667375798778425917064730430397004237510759375703275165628971664985763772925439305267
92040994509904318301282909281533131100800673549105930005344873490766814273516107512442926423753750149114115298186766702360007325862343004457986987411354002888093487480833365323187448464368000992124057 26157068607206514883160457555797663483455153823680501352029573000391805279038660007860300472538846562994515488568641656627259716637752819621408513303925949041576634713831108985020893979809142803910625
15732791200537910332533074720985641690011444977445541388316205533632779875235388490598661029127620771782839778842964700764246614912753968288015504014611189673374829763585277518661400467927453031299352 17575443966380433119156661473074672391676897085959235854418512867935861327287034746400078131982375794280786683405787751958150291014866232878743028646286304483497937624260563628932068396675042468582860
21017591135191277471948269871588630628516283164076637919307985177157819896693174651196998538860945978524724354427407677936132866369356923894284380106299338506591391010334993681447934655847694570853251 43483005457280088441103643061708408131337657073649452527484416208397842505859183432207736749343871929288017395350219917543882964328241228377884331662241031867288579696621217572593483374665295773247066
65531354371854513473700666233234633108072404785272012763493614310552431292370231159641194502507986108860759934038001037112864266036799620886586955550126074906464357909462121415037331271960408092139081 63058470889541762532235158237575015022438515939133495035717694151695834053161936381223174006616259337662672422773417393619784584070927496035600942816335658641369275219574911439731959814958542698289459
39461001506908660808391416328166263688148188693998246361211919679484604449914113513303587424698623838040509559390700104173928558937690053530390550880404999762324641699759544803574755872647010632995556 79300699930647444684285397793843283935113788710435850861956815340303858786305406237960646357820390209432397940529823608651322942618521119910693784851744193991477566260714334893659287156968889244033048
43482358100301019132573188772772942402847249977621100526417059922670250926538974527051380884984070334960453412230147806897038891599710051944120260184365010564216188831491435695259406903508909949832012 40441050141194619108817369270955524465702653367364419554185206673217413515421393617057492518716507134981401722463859196673704755672145148134517939594002384572008849845781691209474634698964590518017221
57497106333873655299648201912205136061096005845567341644945428812211468442926231474540038407846227397289674497388249429811891444605301678570256179228765306523284456476492376063386134457262378178425329 13631994753555917094648910880320197724126586680234216457292895190571832391169585949328745327380632821979506986028582013498575380295588969247481201241281616695835746720455632808111657243196981672229365
96284267901633795071465079765648906088320906153380789548488398452236099986519542330662570730395919147083424063036900072114053098774839081390965177784175645677519927984444491567637473751189159732874518 76666170942739356131544181414871611870911940903539072853150542061983628247284774421045134968310605886154156586367410393990915283750334483668565366079046279008953398007751592089906100141587115039923363
46392631888862571510945553561966741548488324149625511999845279302829163662087204094010515811994879600252826721032684411685441308451173735388427282904694443253928534824243528983500389142822916309103425 52214199973867411946972006400533003416626750425159898169188988764648053800754298938660187924065915019980203695803184994471489022611357559968310645409598256958600594082546912858146940625192017843534565
35700131355184392356993483441222240784168181788845915394283275301839490921896257757283121891291831920312784590190654458079852094481821326337938966446185546322559408890652706053168243076200607843645907 48485473344861052973790397960702434277087364962766785040160823160344017457471667032041883831669861193432087912779321232693649212655254832298913351601842408411514362827778203472777469536157948373241329
35715490696708619553286039981328201332195448089834898739689451854028509119873066218717415494263618464902723054294283118024275535890951529925812003320217118510616367989402107392322842837178349679304842 12992753013275493963782165603502667003281143168179254856085047961002557611860988229217046136701319251107478674301943527756002170046507217958431003988882629006421310174101620339320133873407361643530696
21164904271247150018917926908286531182410723399871884396670937194944010246345414147817172735844796674283377489450514444786363102703206641450856980759907911542179987198256848101233130107245825691227066 46291042557963193903078989706951103500577687154982817692726331155605038337274963556440828444425455342693638396308453026743572907442387307115301858530237364035942696232412230985893510107418113975108990
65138234670913953006763179773464716326931522512735881265348429992436298661181015550580088649116611697063275166763490405048269730688099513874269697021428774090078483214891751768753385672926310526011589 56018838259849955481411086475383132015363392994912019426688289808244909799198480068124550765488944455942840834293972327971676397271939279865207151486571148662751065135752364248846258595020850552343898
44063329418029839151520002924542125347769352054878911823522499503136596897571183426602681820614190996948595893957791480064925941661940715450660736150599087738358809611558371232838177540481574607593126 94875323800964231686613572360893203647411664240224278405925015397369772286788874364278933955997159893269737614981169275567851584520427897693119132464039890187108094054555051875145622775687629782503546
58476515356767741829796796686513849274701519062992031599727675179718268390917653523110890222971951523236330769623787725948299508036221960764536521817385752655369946946085941152634115620130785039957971 52156712825141381795196091941663766574875526671708772202871502087381620555866754653738000568198094322503120598713101360226141741451431512570971182030671772201402406553594957340355635967052458452333959
82490909560016561657523112604325572613849345311838173899086662168121757482497191422392978230088279759855294975129201371062904784673456871782047177106220246454613366995642801932388258102837904154685007 94463470804797858172626139477583889528041248355848268754031006924300349369693853272992078950464033655176398701594605993361284450819370914859213002301301507136937400537375329852627719156269664620524826
96823982980862481129101137924106528112876115978022098425517633054559898374477819379234379590556192405724131356467757839698083770569507884960314511457882014682617150984020382524660722360628753328286008 73631871881937608185551720457343880610760352005041188577788570572932428224375476727105344276348587909828285026982573082259226119146423191026896584672643136647651703863702177960066535694439084285227811
45857057841346147469117141072795608639588659622428523557238637280628272301860914379622056749166736291141761336368193192217399906467551300589935113393150510202570545662995028354208251212100509261665542 36011963458674625052633246972103656370598015500872096373612598491832910294324252227899120845131183020620410898658419367219635051684981129309354743299904997243037815388266884205392211282622118562052164
