20
45849829379029271791855645337845760293765430825463676885199853318970440436969057858677819305106675562454219856369384639862751419128074487661466572464691597582213601672855323831196579200100429652286560 92172476231322543386553019133835465023067812152461703115343873646080022786939629801406775525991910468783708421975422544075449358028405281956400282321664042329702793647987910544866830095942411978614397
98233525232080787049577004895036304605958358229541126628354954662912701156714008847366238182737706969567135938789731928542641110596185441719704739944258734648629483612831325807034301038295613534880224 84352023357417490490946339015305394691384495419868780306779470458126022573770852837907123667916143563399836122345273856037871940915421840258588560913125396300487022546499645523841927463342438461607902
87944641178440883604955760543753278871187400625551823403841853774410238660789429017604654048272570612522028432403734544222101642937873165604057133841209627926665447455144421877816706539109315805883387 85842787963066268456981766565935457573470203054636516055248321824748952476073791008833603051075440875801801697515507904410324128117809171504168535696217545865986045378101010846803523723133935510026331
45925689175884711580637659486931539516357081167926279824556093988099115951621318561169565279844345749370689234010744853285627081992712843860775430147075857630600203310156315737941563504989411487410843 57649789380179346949222159495647421215025250198005665748184412982008422640403525123028511871837976629793545483309914056618968664701089895252179646677315590583803172593416697987319419659356672197192578
37895350685325398962736283442317172444211353450056936122200004420776775422336687653730729005843541029870934330705252728161587650200144192960324086328433434716321966464110426364327775957220821406347924 90320101310920708469284582025785420004665076840484657921244645130799241835788068195213092769830950232751370186150245872665157841937410932855361877879139977170310936904942107623724828397719743329439429
56107428283776706018833869344085853659648285247124917205935551172394462867226933639108438012265453069804120855331644398540906335895668250593548615530285805915014080627998802499631760786971941098023128 89085388125152523392232648406959671428270844331252778711881361056587116985885584729262265063869131167165202657368311050722452401186592806953923858300484551593903879943438681035654414233062026417107565
75191679151584606716555390787157939037355974707951655433769895705606365711401123083765576542358736575804426873064030622795302640456229243245332526154644950002267095495653255499451141708430989565756185 78793604682910176063357695609235478676360997047926920443417913153590762415983343562243951548777841763582492940560730328310565861867595768312444175926226900417617822618263407845583897709430455944968152
41259568349016425023417180814775912969932279017643418536831030279570331082715318902366810736943139221722318694261209140865792301531707971176400106845536953235736068727952498951759257378182706363076273 64380220010260232515612301204502945678667789604988618455458213350167277969057756409106469019730187397787311690655632864287064039813513248919443183427714705240563642900142036114307299092160636703534478
77726388208236702807064880802423496761363467101439217028600317704290713359802801065267152798742203635995041699683606345458228581617223719736549979816265376528868623283571950040947379669519709649198592 34332550835342245891584937751575312062082534294953204257165153248114619666514669585105737199233725727082361424337561434220780500343407589875377689490617581226410101435475568816616802766234220369308480
52398076636355239523082860861874268312186420663768214280804307260279867002088252821226426164234526492853711410335219112894101829921291647241935436814366914515720325189336695278857149129353214095509418 15938905268723880618867446578097527267372079429124736713879815983795610876749940726955925209025100515002221032593449821716965407873294376566768861915081716260835880363190555290326084535866390619937147
31736701397248761639664592110243097364461302609311362309159397272353146005151731079036172483298260261028032194160862847286454762164454995231706959263292594113263862564012686728982241593066989575271983 23693688360254811740441583490144016699763765657245969879019739817054578443706103291181231519567547458493555375509725385034434957156245256891756486173736100343393866324870098724804987615186734305731208
92062317819827144736553648755320032914045055398078398886479641394374295810108140220034295813863128695210609642170674428917035206276908087888198112590800018302214060008618543446070707404562944423283549 49048228367959313216009380077517535664570272002789180572065457990165959158089933424157950924818022581070804767473136224055707630968693567076710022560521011461524379169354004696255830426796448368215308
67259379580954706261664791087249511631226143447404560405942529778553696319969156598904734062840941581567504273711709308158917168994546379513232199648646437392308389607850214322580757175666272361734106 53520647566106953264035290235884035002411164880189898704810783460856632893557223910359739695486968989203381775175603857650147336108853167609262492372199354431074003471293247409718413372497872687543911
22587429673591500678050704456655233513537622583634991827107054755711729407889628743312912463279805276893898374575616951578149706112404990363730546620799883229600613008026789839977684124079077548366024 51467989114799493537751200398537580408975166755407620398917090623853340644608304420313958992647130296276562307991391494339757794277351738670502211387728358448856295618160850924822771403465672028132365
94050572136924048915736627169612876631021081200034131718098558419365720299693928290735281407126062161885281578012983035782580949309998230631951711407629694792437080930190063307125631460600847673150739 78388450382112713516158110231343985608064917533334842032272812864179623875105659135403114548660703503142884604460021408339097675469012890668052572469309581261127078296853359430160531047528014847021463
86693259731584417595586938197311591763203101423886225398660418736127118785087131375158280226278910982501566847473985956789302711644326063270308988249097345868195748424408120283221440196444539993842424 33774836706316643429967463006496221611928724500904552435042766988037513520671741038529006241015479740944874232492470523482128649586617370775083834530653715671966761442332264279624693218941796499316871
11671061295967823591401368575182689612204131093874299620047178877005762402908869597711240958942731158481047972504643216993014338809250081903781194190256344863529025576789433498001224568867164402376530 85974660110220391408624168469604774075627653416885456906779853940833296684058729505502387390475130095535359573535007805774986640947718466203818826318936575496035011055769874477304919085894591919152242
33415344435331553510883222696571565581680775124802878800763885215752043246652184568727671401610001217040321521947056757446627755362264466304856372137673283921234800848286202763615187591069732101534098 19371806260614719076954556304238623283501976621992371718902740424878735162911062319688222225188227742999635500604231088729086907217193051436331473414431858648772012890848820265578242632388959409916524
31125647716899631393036965156849563157972457146607822205230623177506125042347701098087578960988150803262772900339073505937564114237493212960656847658617933651018873806561227120320305204978184368992837 68181347255421035977898237614244539251243417388250196598393128358601845291505654241807670927007446936888628472060936786897359111643233261982919747022791132195114630030929219616783784817659346496770203
14816962920864315262475152881356172607278514316341214159630488697462683879888334940514545008931102908508826317937614564545398538110386550395692077108127575951140903457104431394138668723237625014883629 30805421902690861884646589988606444073928028229761339606064607484602586062869857917823806087289664469107470924739060792662024307418807812715620749268177733299412455496302825047005482338178775791361572
