200
95345817141191378509501369104601487986896982880978185419522314214322290275906758062011582485478065352701075542457023302464329333444625299112950514325937175300873277574902532690269062510236588050345308 32175047779809598471041313746961420770120308297627553562466355745798189264842836502183849483669729069752719715865096937975177065129874745181738807508014711300234640255162406463749570184259479575226877
28577262728987828638150427419599927858161002140376816546357156341634754494310998247382397919276623139837413482357955611907768638224290897482533366038186777765006656834188510077585338200965266756041775 78058248126880775769017880626006652144858614003688057037091459672931883990730413407535146031267050230674695206921733185979945750717825943287126564659996193500535619481346845834952154742725699361608345
42612781942048437046306312258686349015042692441438457884462209967927618324986215284313724516255176523467209031333586170008235875704434426800974501082846575669120838404882277688076724500241695396326407 93923736754432498347988672572188486401797164169553242158571197227439554060144824465807060521288392421678472521428170911720013112681204042975662301756870405698425028554264750458761449339944809623013149
58317555250237695482867722577626831649916535038935974604410223923846535232397515774907140084435168915585180678444145197354105526525018242246244126283819858663344160501148160890505615164823207336867518 29489204299891320004414306936461650267897052710942895620708769498726014039211256869357406705287661030637690019762614667794857719162679215796279905165995712234328008543120248306772745908181268860051767
45575402384273236742586374716416677095868947549531539340156627747821362726932753280852748118719699678277312742507042542391024252768557269043528403711413457617584385902409335062161560044450875137682456 22579919944568849944722560162718547000339917048492067092538108644208587394781426268138530122559068833064712856451073026051956341793047566006711079912472453927817976955243290380804859673456076403847891
62469541184029796897593663358921038827605790887428696649834035938680368034451314545370390140015925732876536579245576369060244399907116589679643297548725208328677544945214953667465639646840903590927544 54637059846275148014567820894890652009896491486543312674517235141695531905514106509674372797044038527618394608814165916131045266141693239820212582583757210392038618292468257611467061324807333262725962
87770960714048283042740635901891995848894292207277117171941453021014918475029249647845521018128510199535423822058072860025963842943601792796655979383502572244318318575233591084426956542166280481492823 17688535881814930481593321055749912919584668146905479267530867091133322879711838186489807708406162534519228317762773360526586974435885883480026832453796451385809510562074648634022623175335893898588980
56725419815061362465786325208418204516471151896795168787024220525143346230747788703670262321044196973154925369364311121705258460202900951380890901221549743559114187821914574089888386285448495417663959 18768070639739459712434027739268205446413971800493255724183642066276148317056544066503693616134757907230107219051474148746798020347486019502312828709303864739905402535402639910331314015039684784369627
16653589917759876725218596090234098585017742586383614328171542275408386097136338305938139756409538257519019550548679060556108185381849183320856931665165639135534625174566949781044391204763191749209128 22230618710685005810518073182764984732691327028316946880519682039326967131083095622485476674343431027461317380819428493926027054487512774595487800116255908164200337389076083366613882745755141571283277
85400753129220332119259928363489858446051110359162418190303359520287621283112607742352304425312557803335921743901078870532921870213728487174187608884028967349500597950487052885239846682520210957563091 75103253243863882301537237350913842872883444281489123545750876762426736335317356808423514831146917150910320622138324542264379682788351077859146755600373689251293981729559968525525967106650852894304703
11629137783506575090626935806498284098853304574181103191650120196417243134700000884909351939302839125603672053610979212565352807775485995226001710021889644687844507796279818056494363877831897300008179 55119599245298453135561202083949325370219477997377420485383972604253807205470343860379020138656073115640770813224803410803754528616549726050969230206743077236592957554771350714703342152660426409524749
70558459454189679567188415737467246995820983740145697545971896248918051804534762393711801089194759851824125025078233341984810260171008758866451212355466722285722084600527900216246663677779288850221803 17750164958105284376844995186588273233234260271511335891611508824957215282211035877184966858682778185987120101344069127078720636034032294602903868938639312779682813769627806953269299687294336330340219
34714619982901991099122642421709917206967893675727517725002191993175589277862741644694378164010414707106365662275501107319908236854200616078837152380352409229940288519381666936160557839157157644783556 13312314031267505193694383172549346165478289828168802332244738583107012243584927817848233335300900146048834357783535048235729266463264135803930287083487741034828818422303770803521774978275946836223224
53163694755458696186570082674915526971132797363613892809096355389192448722442443839147570463927388808628438431269090789846852080271097174655058535165496303099299873774664281138353531193832028890538893 88968488953411734629165521883112008755577255126091748730251310923053180537769503863295823744378507437001738784359624557948377253690793977016345054600009399581727890766691051535772540217910291316536123
64439886534301987680501050075943130357417185840285240977251225512647055888319643910902868871770204411501715440899352065224423336872066581167859018540102056975797606966679202239775153483874977519703058 66960617149634750787202913057079138093781634391975795630210285439927060225107858868774986237614844317421153994961040870725362840386191221535889056961136324131832372862111290161430867992020372362867502
95584869695288960871330126209316173387493711010188031913367650934811191513079830482786072134327443635246855177537697956035744382691236006401404139684831869421326893635169644785490753297828799356982882 46577516244662394285304861934071721768238553338034217056028749139891977943077775168686259407477265958877113137571001313111686075492202145096024339501446543324672367348972084326516784811877347205896506
10991581207262271750322465857733683551131960644949388189546946293093258809264771677504312621837680854234298105314751071721752805851587098448559526886895411789359362574712888900156383500832030164974807 26553658596821277487564152807167042815402837575494111276234938708399653062759695920060905814090464991318297818452298683116778735539577088321510130272911274248330829028678344813212575072257222765499979
67526049579005576854635974559452804843996780976641395315814243849676323249712715373411668635228083780040632230712319873705572329123484074502595909977014326443186354466321669756135764457289437391011829 12283634265548376679641519027648693502428611990812693093863769051752501641623445594458860277003080830114820546039169613141558531136954443034431256757600150780509518392706355964397374108840354635193729
43366836884639074267683553539303888295700009048372123396222008954437512720155232633787058723653374411507009682843712863042984447505149939537172834524198632246573754710177644475749126689616851643218918 59028960664825146652013907528275506581042936471524735978225346023277583199404994724489339314973774315947341222789259383547694687827007436652791473317260784951062445611584022506649831212102491730673349
51823413215154442324688825404734489850434807223668676086567661784520011998190332378385702769069313850580359352970946008390317833423037726276554199112577304759305950494398394551714648094691360830411473 85755838153729159941913421119009506401969083261737799718097846201663211180724212907260994818590184835956911415177410764389857640202992633712273109618909631765897602395443486057516937634159169015685367
66597256408797838112417668762374627419504565275174843394974448390671718904969596199441395838874132250490319802706308325085252499136020618967347541714927376319911203899157031684623792872735593979168632 34478846475075959625865631390414803261425392493008440688978143279577770254600847187886902295168347851685326416339594072902655243515740149825587774617799662933227261670179558340204410313226964959155792
34537625729506176900086179297303633282341210823492631355281054012228204291487726754556386070302210073325249937811567939824396665566264089363435292519116482509047110292217717649646374658484357765496295 32855441168928923562729388264565319078745523698145071700300226897205091155561259222993991553635027411098635245569271451749599652649005312622147383664174901345380446611098162942475510441316297922883038
57182128981633608062905332628760672276869733455441469531766134137976474081050549643777260620027051807691348893805121177934073737368126935880271249919700137176994253438843756761945643267428174627810992 38416883232398305616218275111391107620973024631440237248440202608086991460015744995740674909845927720645791956145269974449117871724668176664560935359657721807556508961952842923118408845127390553841230
35514966977804725214877172318531448259909225777359514564976203529199068654421816849670193527632823082303113157038834395352951480096144092152231295652878329377169688869556560881566218577055167054875114 16164658659002148231781352818074554010143375715478531221757968403289733813685776044751700068687065565915964304143059047602432885157668312931202824090987915736373274411963400851446778838919348470327401
91975373914926183213484548490837415240324275596351358812681473904546997096570751857397400345895380576997786964444160828744962931554633067673445005215923276731819154596008303927695991780562220679887306 91628138973411563536374927828009160721876934626327630064915811105244349262026213195869858447577424271438953632965587858759062690213640252825054797677718114645680743384510767052513787943697307215765059
77100612059177054540432635245166369772903183485081446150828846507506777051754780164413959075245528852267076263560923839732059984253999035356121013174693566237103635603322893199788832405870913122188642 51301870675303314133466147880931171949052966436005185054674251441025598317119257790429328183546128829632065379097693320442899024649787301674292435882262864340639944685577553487017825234788899909426491
75771828649563609442703707817149253880032428532698416774617307534106548117493902246287584762503891869714561340840303798055769965869184205334417298388244115569265364054922361067624478639372042805302777 17904357959069722544297800362163619681310689815571333811912610446580601575880618827180567967624214762554099640531918509585925379223065700050362559048608790475996104387920531321600158218622215055402042
23075863019493505926981213020863982728095530863161792485661941466040853903454869799868878160041514963442967231830461324261304159579991541390497408971817821208469133182398228442962613582397701192330554 73947696949829453111384102602167545759319636311127729082176428096971862432272452988362630039989632936795441128027224637287410661932533856516591581931155423238055985432477872501276546776248865759819541
41841189366473318284631769691540468207918611160648075896162185335905373252599539592693263191836762753911573042534707413117306708039290597404692638210041742040369634714101493294434842390613462800918839 95282931092720506866214374026298109185493836003427774404065745601106301158323049632281998243050089443217445337260321067198906472530817704834556272228571068171061087211374215369857644428566565100656936
97154177884164884831610446061922250831019308485413529916951772618794282847352262900862586397905355518087450938708460701123109348525431504276904182133656980710535077571244298846320350664388257918825561 83389468143449069586939140044269112073059831682664570452004730370301049390641964366108926330004896809023916215360243462699902603155226552338001996461785220170776196857645659419331622001408137525735779
88021008020120036735548998319795057534056178426171120360063677232362672215447656688308912871989886109799446579204619887838413220510021412577452982552119444759957287166201442804136543573291335627513307 19139433832131336571892358633350930854264192840018315698963462571353829583501690436403305518690263719788875981055055341744176070325451060985397316221747889392053694536083211068747327538893572200733042
83898389425487067426460896266760579381638092117039852028917140480107523772747295058537942560234524498944183442400426830670648607451707171975904510423336002521499935262593382909750196682877112538828882 43662894229643330217367656835873704116897607410117017838963995747221408255145107011979396817265943634705402372370285404609056144061537284032216393441082690138908234681234331517263971664907303616646773
20270744161388340899749906209142994224576980886650618517776147333425355389160192312899765008529432231376745928989912850944723408380049061481336856911093235820307552043086134841911399191164052249829980 62888388725334334150180483185929268415494048508720140623670772456234790378711252323561021585839841896583328314975904271103833955030017965253442127249947854084958064523151696306536395280021550809752980
11682310327988529602112689130097483574966809119593338926566477846850019932817749746315611885656646576974751389307829147781926697837128475976256188763121647245515352208082985958224243254218779965746108 66168394859153836365472291046118308910749817028402276401238809033220133808992803280004698820626343951837556438934973363086052894498434805825472424262098507386291155135542458781773471793482810411564506
85578818745838130890658166281083661771918483722625073679126219196289251518067044150743022709129828406014989912266184105906128434531214640981395918376659193411972308376097225528516611676324159891425037 73214925494198132063373884247474979721909626469789815285271284611513023165055415195441987746493877752790902039911911672114594089031518757492011836405772830616322287515574124800963389091014076182466383
41529322834716122720327641936549735811314949405078488098640125752859325025818284377008632339950609935242737540801859188283905277254594484474660651183038450056799102900591594703092497082785408927891146 77921270088091379318261934764794545918778985724146763888642466870174840641488616627764516583335606742251543210576229609545509807515043047823219251926581108249824454001763655316340451530671227969807813
68180400526592784041815952748369186206056676827939538582658691614257531946302763422709299625003349302692536442117337794904879129939351811746700776902078437287085605475545110956433158011973478349720085 53312325020930951496961804822511780935588003929703376689390402231350198595469716353677807858048744142328494365694008765952865347720266621628882917704305824815174003049793890826374914382813547636137712
27430272511990486062508178606434577281223824508948533869763579548500761725964438376472294305645109163790066782762599758439694858838081841618445235777750671079772124458653333804551470105900269359811035 61290424082695435762906886004828262186285326181089978374353315458686647664422292863011410704587024050755889091575364945127766837008930453231688801586366240243877569220894122055647407632472044420785540
82777481950244142483663186515945088230464621912207868019311070733952197379090838239321017236864059277593751316521615556439001126349691104208349271541409449913019978825438392704120113267226960417753626 54065588920420845776578634293768818811338869818339947787852716989123956754687011546287109325739939796346193527306448903621527956124091672437625564692196470607012197706699207242780812034407907741984504
35581799695954326978458184192524908416114988206455002170991479353797047640314660669454538489503531050203551276013795471634383821335268605508565092444668358064645724717418309272987490931192131739313011 96822272640652103776745389726404732562317889226386898071218906541562617188633968403779701320040770386082476933946505627814415969684674790420035133765719493609295310883535178984316418197740503373172496
28732219815164506682410405259249363098485924770404255378583826161885114079936562551745948561937554958305044277499995850512230298488734101916382881424126142100983849042651143258317231474832304424836027 40532126443518478705822086041717296677247008128941075588419305444251993398373582643016963619849602505653847778944023828070852810278095107400275631858562111498102322077764274402086007387864993819092601
14121630497705784519249535817839137072272494075569251887533240424855770311776155878568526454941389370051528787968367261038706210528271174868196366551214319399812408891304152848937930535910677714514362 88398610066203361656370637210073143692606994203263068362213293625901355240316611068822627657829353719555497286690084684561486234279021671767825978245147575252384183576350050560687273498368202069303068
13205032062101584795430293738769050742139671554705417845217782713826404222435255139750382408128862891201956997243380782977326009942134547269406771254609009263813968495672329205180488145404721526512601 97358430189860069833899076634889704669581389689475881573842739627018747045797305289429960626756086904188707957770524626198469799726229413371246448730807032195181044389361680676061717384364977551059731
49375443922676500320245225737177969258247349515700636707703718391227986812075517531567360896241975356447731221811509248255896962075745816270377189311884344480896903256431185542908322795582653414494977 76709592574509630311808226406443273152526636941105256255663471007741980349056099162536634542754878129345336216346865548998753481099560062979892358307034507455244152950540717652135523591513070817873107
10005874780128895875206307366130223357853889420811850164873049384087352959638762033024319821472393622978679481404630024986557936018307905688382091789618545889534714124265361121536877898111623350498111 13432569243711137111281487252712550863304625391956060667961982434390618498404214266401394995559213055735733632774631662019409996123991438298957462592423175820661102822183726466833840953689503317932671
87790827879898142369583489139480584485931487862657915330912689449099741882728821708536960885235914783583579839364402726976016949111070781463500656063988645533318195570968238725210123525878802066913775 88058334562470808013700781151314747910606288116672396107355738717673034957821871913268945453319880010893842526414564616661238146684787906590049013243286461835585951218066230607362142109422613568667071
48214576524886731640601199264278710281690411237982309145294559191169046168074539138742108263283951634552770544424762650496475079854099975750159628368884394523798090688668988051040960904820530905369972 21752119358752899821251077264519942550428359581223915414270824576659330526021520512821947387416783462634849783109859825679898251432152009074505966021858756539431877520792927038394223702430795528619034
71824167477117848705787815436895799211194674731767578004743844011022341934645411397479479384493894931127322618864843753639382597293965360389468483988226705287781416075623708054582018504047622377505270 84166877496271868722659228239529913513996647369265346102926097803220212223225325320815809706481369296439222021420749199422340122734866748581477179495329439579228091149295585231032077339035564290032155
36475122226011702851272623635569462478056911629647801420586975785635467434386624017464094570098204415922844685204086744177488878747627699611940277105331956313017181782411623292431230279060574643073126 41486004915940460703656694170323385691466080819166826707822720894191326225371503318192480992027167462522384152901722355945960674765122464913326746823679931683645002612255827397711225262193715726017900
18230096718630402947069747257682965479993224424118756747236143015891997140436706647611098567006206680571401194401167557993834657172967004039481049471402407118449930054176765445709596036370257587320960 31998082378425001153250321422760044870450501713042787852548911555993913513280441693132219137020335127895344504031065421860355543558714558716789767447170351401504195529477944878463177201174828186259342
37373515241661533575983532984723459350143827847012710212535020762592325265564200366526538954263221793233223033275748261574673041706931317476579526342947034878837188718327556464930496401236349324220360 41868025614947491260231219751953236992212331623425086865838579640154695810071834135010074868980909217107707050294908399544665475586600632093403684359195452434920449829576258286480150395709566258224182
45265355217338619818035269710564867802972940490068729581087664510290361783110526967048477488531529742406490707162092511502754913149374715063427293145022456996367410698419700194910211208366557374316596 49644809864531452342475744278543409093776950314589046422813639838547049066325592021332580856157859725863462309176993466881572159571729826179435036331360791965861411949395521379629220881929736544218499
74547741113282142287899672022446959936043378661945407636932497608750259690872262655514835207153132089574949017972744751212466241193028219977256435604809445905271532096992839351295574780878596883776131 71771464009499651724355640069211308285604426412393536926488602454142101794546010937829366748919067389196850663452337743374592175230725011922030787531134393762770262950341980200216861192000907520861260
74118239724165284852633032982224047505037823467397338028090107756939742907115202205670877451216219179756348583038280036290533925909332752220585233559521491066826939102414887074562424190678774463841835 80825509682355730523717658799990229636196476476421365022221806378701570579930508367827028414237950625062945907260148153129731728671411668006525815282402572995069989673613351814573274142165335302244562
43237683734278682779993377002652530742740424299500935276361052769782161857186137170269746734427542510033700711739901929483749676314043955820744499315043701067669990364450718230874627302710684590137612 18898586510224504862786931547558350590403045200100706662814644259980537291209309522181571387830854744887993647634753625647219407845882756097878663426249394680455397033393523934202357639521110396279185
79261111030991638646635593723169526832715541794144273490057714090689576173388305356336901386144819706229335756672222065033837879957130242254388217292602122356593844981875227281737840276787036274915699 53296692240541853372187309408989944073477653688377261825150804429057711602589512636191697592824448745962416554175578590100806402156463441556052764314847443138440164789416780036423545427622696085475187
16906457020871649413535103932645900269416269894539336983323389624266944360704404111353181435263613966822876219145335454785347494293314217655130967621056495879456576664735352848276019949984881332112964 88534779433508278203057372833629928061337054151500123420095266852494528954355008297780696409858079431095531965114879403600295898862839364811451298938921849590695871100385345504160780199955153050290446
73556617079703655091095016698539561023842892839825203112699988895125388036020626626472248924564879186448010318178992905421400719603953633613148054548421552057169991075917128110225201770044180784985202 83931009790900798540132828952013443583595025130222211135529203511435087385294620798153279165536958377685452810931707394698034864230074402238160907392827554299337339356822805944517932121849970360901972
74287322230445782399057378831889227304289190481047703329174185540292740996083954948993393174051271749394534290716358058801568672681392726224372992880842105916739556222895521545939519756723477691469460 87171634226632014597312795967567582744780886120161115904242520670360001792130716151679801512134246976974977501635162262046449993011796831391991810750615802412708064219744259237033342829125967782494984
72448153379891268188674101744175882334042432132008992644086321346863925119594471095710810088722209242997778965046838536140525672533622678278686156076948976999611884885837705261688415731734866602409398 86338942974234664990001989980555005057467447730354324795843420398090151028341205177788121612047105102866137009434801283919117330172011993313440869025993546689433575391092549988790892524251527206438088
82387725395867937781216942928545839413981019336866347793842150443690198205258279415493825185676052308826044770626570151907165466351194386214489009585695519412064582839291066669496289421904344015087647 52268584005518080523353462480684836482702251243794433767206659747089824281893286231740351290679876834211960021661564965921864000252228491611777929871377926961488777148891365889557465055563693009081215
14248209794160969006337905747797029365858844316934704483212005348775134099141678852162242787096812674450724663295340710327908148544803560917033857712763711846942465993181078921822675139912915628129085 68264747921544529963774105220488118162459909196625909229392170438376703444091522825534242276676034127211752123203235390272053649168570003518728514625644772916872036488298241283592945232294907944597584
99935675185334212426099942630546219331204176019855119398982635236748562834039556355440630900318585488821204160274395451896481490714471241240682479998842666051852942186374828264464947107693684170896940 59298226438729337154448502810890154485104069070481752507092276516433354352405623206906815330090846575478135125338219153196660680788824167303450551101227400088228310882743582526110186751217644812193769
87797097846942681210811937643413811908924510210993198989666392066284341772168702149332648286733360172603525144866207717057123120464443867983180931781065590276466521487331187080915611524255454739028510 86678387574564001154537401883913902425558155915185631786721787704448247115041417639759699661895111402597446515910386973390495027643675212296910495267142468175138890158801444720170598932188440796213943
68329392569483062773947719008453677946948103771817512098067421912849174435088967283916139268388830380253444185176547226711295264233741479816937130273494322003582311645861944689289010373423294150589385 49304966472340485770655956345068143928917486111860205611339385870247729386918602609635095658438023351474304821688019348137905793225026815958552783352713158786149468882816002500009323370280926929230226
20917908726807751631185156756380291294165407267705782552990875957755833750116968308660415352427956043809959323833205740393106614990189334063280853770727526244000799509165148965851087312986148405241761 90192080422882046473853362781352851934736957291637147144924729816651596212743842561379007934538509629048706902171604924053754091784915664416035668991852046372837231153740363077182540345351168495947878
77030966920532074035595474309331149686036822022322806945434892227093628581855406241838570239854623110496770911885390320351934360889326681955140162761144680835471098232397105282238284426371335981415777 40639702095358819791169671659079693214707996054068200479662667662970647734756001729465722080172530846180204686595734657931547915299044564575478575466555523006002053278301796392427067381619872328092835
36108157986281852790380380091636177234827938564727441346409716115741012903038471101128875804461698008220963875635131353267259638629914982749360295759391591490932915989607136809379141669374248268410630 82235839091785933375075005581896541352881224307534680915702624953492507370938944565216020460242496925060691007323660783146428976756390567601649189669084502166525502552169768868989904883383951311733862
37181093935430522093539971011651416042259624102231945888071247607592551099791810434834757607733282009793933919484723627468647417739147511940995724472143696395004750508413869341053641057851688874905296 99228056239284222315440414451567137199825499913775194436647536389962962614663693830118657583107113428951997841637632515860746772456524146380591374639179123919499717991616884006691301655177411137973355
37893763832523013169222247423408866363300243477334511023732404941984924891568594578766248779883517505475940050651380688155329544210515852514758837670591407961143954734431205803675112185866731960741116 67140115285847728754040543596437908376293033092311940127273681325051717023655696451531005247179855791240705511458250417401773457071883699728682235029079289565151625351737349374202488870263094251259344
13179577502628543818882385601526921679375813079813799075361440686399050950140218136204223294114344188443588073912626645097015511563103777555667489904315359201668773557095282568199615194235208792835649 18555564980703385630923542161337660739080945529449135088263682312203921809178663962822322215371862211685955220973764137411928101975885520654473065658596318505888243237568499511236793758450367961833838
13829680728233677018187341577383175783010126520812673655369530118622968017082226239809461485617465916395131316035779176658847669767539278446122673546990860698894219388864361882508180857785151875227243 86766947668833974388336989424684059730258537420839537876292247447386184307123050218686663749937814820495608879246412395120425015872409578041442763484246141088428775478732937105127272254285494184751836
41522688833881973111309878391636625931250536612461188734455561449389263464628052207333743518055231457627170716427674788434368883375501830651525115350196209451748201403026365419013957166517399286306765 24713236620077907242641382038659547320918397864810040216700503853933165778819642800647310770845212241441657781582900467435975945868295331584101338304291922157968000521004863894547688175873819986356666
37496749861184467042755030240286154340794900000029457675977740645085018113764011686288971813112883360892351737527819022968293441140646639903927763268172822483691864244849983284748563531800523904532609 19089084443205601456146088164943670726728871199982092237900720051944039641075271300082302721364075951710829547304489732489233210599819780814351386807016780021596414238605237028843390935170547270544679
88528869763267261290591320890674847399505843689260321295771101595509418949295866914911713085961906789483632215635510943845953327259038459259469496066379675555896638070842052935379000963278597503774056 27215418392382098265845608665201517813073660649409386876171190709049813288973491910456984445184876898724196549743328164684771631709246791370167332348488770258348702721017611774394406387432008231197171
13111532539713435877045827772515161121551297090568043405868626570831873135626189641648945507673543966191497551573515209437796013062488172828707959860669967001557657564859968671201432450126547967449648 44594539200563508060382855725978799723904778785225086513463783697531868508440524168237076045594980620385164547609857502206051763809379479424901921824854003745787583540313360395973601526935732326321929
75802821687100067078336875129321025745451264541487715282204745163417716072297384136481453804116766754320697176289082456299973733596008137881697173534320375709822750957492298489451708867000371715235000 79097270151795798916818753136124907066998377657812715463012472555396348343934644120507372293813558086194783736823708981236868816792498358831379289120273060771362764973186749623963759145027985435107979
39968973637995586830673422905292158734073562987989750535153614641038934232830651372035652491993108488559830104694600353860093817374653023725403891998426045719550236184946487964795523425532147158102334 50047091383540763925161396078548288758095798962594261818967268192025245179976414018539736439388532720774996441514729124620013326369314703943071388460380615961985626827587583067184482174768049799009718
42847363635058505175111734490544950450476401959259145261571261821480176982516827571444618708698268890544281633728714791161725758563479099300930263459284814515117101898449174707035531379386867333612531 42620646869338250560634081324504027555189110419378441642818898888821879300737636304008886640014874226591666118332839451291045896372380130340597394183434394554406930435053282391543250910171510393065919
21579463104916844560059799392325028053700814651677788466418605503238062851098916695575632265787274290793410999353747300781313005358680903600854228781479234576346742142071677979527001335021030177411094 31486238516937493170892457294794966078222806083060513004120635900314647330749178846933757328470318509987448257019003040368391493146095025764341604425136849460172489898269586759918761203399912204233878
67914602257710044206796905112805420976126241349624700957882469125695014328485523542500326283216743897852921258058066743550746463009305768602380398534010846926650083371897248931022871921135614543148973 82838840241390601867826961341838823237872755859680792768920738413551621544946052941035869759057877329358384373298168177058918520780775557889292170475062766110928002012924173902400143246436258199311375
21660144900613659194726623072798993898070351175881966503305706231552958241311138241126507936588188168160048697660668157796754689812898470053960661143568572671313327044400876602880590066165278147937489 38206380679627900628041588593361909990320943210495170041598863773093606726762549975350531909708356979025530361099510617201807559518311469245447657593631262049867908280064665716010870849301826943945834
75063037234106910012519706329837978241335992004187800497275024532876187682086769727926590431954105974004535871133357159363582191354288198047815073630231300937737704039081314283592370608242667641099847 40679307733611924850430934444705559712030894034563913541694552550609622340877498660766994633167008602073570899825835937907110833718397056460344514150612585999221038648247237279918796349635452947665954
51635467424660338072110941691669411960147514967755273063687679234736669912239486263732979629337314343089071744600908318998085595955655988430787438058366948702296485024596094348558028105315544284725702 51624054953927468263159175842404908620788728713854493495927156143846061168508295216885919416083083566405316219286451386484684602254418239077457507461112881069333393530822272046854883197813572515048313
27542834277247077324499527668037221523602208729971220256678569310821980227122790472438954868130589635422795482490104998851258553729372234141489285756631040133575937988502500933133897983805901756588631 47388219796163271705606552665602090544209474686985813182852026937821521861963735873466930198305549745196373026663669822052513976680381688220196857173679417626018450779982051491520687492972847947321503
36805335994485147558121250216815969508255314901684553530354744139384253530906203755018955219136511671016626825684092762109243193925533554973576977695843654606137468262720894324627917373984832408750302 50792871923311748849828995259662648045478007110865147125291266426999237567125936882835035908914334540538080175643104999339325846554259045360281940512858702359431632290899485850536631021893426425164796
96252528264738036741980631938662168063372001221644180978413901086976669447431632292990937474869946478737906158439398630338300285810885221689750181162129873595608374978114719658065538755599411929618574 63730314178409943745443838858240907972080541053041925142075567668265974403718503765033563107744954872269547143482690149998345722101565750532047405416149372636793518044986427810070680357997846593038911
58612050868103476900657008956815386358410621694907531140664945277066318956804680567375512350342119178604498786263474610789975771063707361010162835000767415679001490458540762141738535639031285953686063 12544784618247054286775988343286722709563144420737480889226037148573959241681575140937430279384451621427750375921278438897220628509922729441389568067786971578106973609515926645779026309898966712205239
85124663609260909717187811050465300491425952439137935686974415465054297557772940496671887817215852151528315776579133999858562300681779404789462597015791951301329034919057675329689367189073622809950193 23387450238481688325961899255082522528565610994878164251463797580330853530045958870411606921546257168650645373879459068493674371915995891113142777378907871957320887539567810340999337747473633825799012
39930751460881315201838637683022004841213249984540276922740385674350315237744114234773390429059302411185770235457392910278751085091742433109160539167064216469178965723306011206211533056418192151308910 93412272490965997542415261170851042635803451154023714374225883433284421690116356859919612349710747348918071889532128692691748937682897461706583710730162649932720191839149109578070713763970070197530587
32935576762493151089777774181982787691913151951147105713116641326891512039349273410566166939481472010880464511869910264419276242643596345273596156436330780032905723877673081253373496556646250957509783 24888561564438018470885029512489342674194357800809698850380279182966023317826113459953591917379349237746787661404719231681002888293900805152908010872393087298723021154313152839536436415955519222455529
77151602948273784143052844437288447057834580119473825134577896695529713914479352538845722619807285915618948765671123738496189123811051881289718479726674997540988018212960236097510066156427539295091219 12956778794926496599874388249841910514018110059858215006462999844395980994341013374608903153087563721982333100755723324464116817871475254506514257300996691922818546276056123574727992032759950818853292
63073202414925913478418439230764497611694822207704137456455443756362474921312070904254793391068505084854821282256388424449560898196126511613597191130843472389084846093311651620811141965038847811219639 59605003147120570066245573384702775787200466418831326692151582090022170792462158391256095186357005554865558404192507049765240691788805455902498413638086471911171256642283364771922472445384372320426711
54434376055968117450519867942229882255905435057869028987027616772707845372670044830700376267464862633595087933392205965715799560995508697899750569928542080057733836927860827181257539156076383396183564 30195354637676266303434447681810444600261932580282430352130190484088157026604819695235588279868695841389137631248864434866280636936505810305105777754669975218889893502623854506152658309253358778636771
11403521339048917178333895348564819176960030889146685241354453908168524754198202443272138054527833031328858011097138185307735544658558590644913146365337776600058840592613431391360559831489412429170545 36816509230075261634729792246655328911906248508789125911432376134062856723525523820189514385466032849445387313773283157571583681211788654938433925513695818157083758275689337060141506386043289359265744
59773088412573173312818704617376847715718897976646874423182557967345831220978556745570516687037777276266729687403629399832479774957175067347647040148160210018110060580865317481529880241160085888774839 50290378230348412836391438402770449841583968578391121140869964936270190582257612430122313514893450210956482401075395857880584696846063499979292501344163765820542759503655765848867523623225100071695550
79451733183485735652647604190629860177252157541039305636316613271336430360690540363320402617266484084598358800752042934640849381459342034348848943356996553179547876365888042866206710179538284713893459 69092718579742276917075610892820903643525241872075074256075152133307630521180247776226281467367094468609414074201764401775253204468702928143182714812027972537341296798321141546007869989354401791086285
65793267991651125018753090598096984510237440086140213405209021009516136454457887919899691200056970293349802928238571146356107727857022921210856070413585184425237146446759688629108640901175779332717599 78092395793725761827236057523149358534003649042122905094850361689200297951950972212128992691798401150777066113159396234310240381822300916129744509730121780507057030216160417604768781675018073554992675
56191592042766611831531296247781979788510841917648702335922780956797176114396094127590347717928135974532745535986263502608273194493642151051702382798218294476702553305618017508281902158765888511971809 10750865763042245863765631297002167465591314982802448369687223384360547913010486449086201264311632233160311211642302989309710240176542117370032576601557945794303998950222175429481049217238961046535610
12414924921782658593224045319416402401209840860724602643999883961702281944275067228797147831870528729143535941913858669934367935585629575570880083458201067387638818446481287983830261272904760493691486 74352016240081312558483383157981173728698571043133860505755995480541182416626811453722655715118537309639998457827167410328505182886785164830086258744868115680894369984354081178755709951770116629056157
77916624718356250313125185326188084448531619109142969935015500344389728600340927004142274536786813844463693931354735341597437161288387408120282905148602843795767613696333440921600868949843641588322367 39933214675636266238474728898675967379123869392027886126338465709172401575810144637228424259512923540181242357732537795061543307070032021131863155618749739306051007198204350048075580677399398777802665
32944885027960173809329795867334200096087856539764337088409694802309576916084330823926821684268646516157235147276542285739197711912949239224746863098411367322411767338798245129835813207626523051566848 54787688246320972212622240533390741960137657534140825503605745256156494782935074116912666234922321796225383979067513170944686954021801554257597526237734500494324656679477905781669164431051611589148534
37781216426347912064065323868428696367794648378774038065702053413696720128068084318488345329089356156457595377554978134627776783113071273210606534036701949102026467392557543343601075944564530538969651 16239644317268569164472946227854041342561395224787501624077005485603595775771351855856745188929751740833959500503855240983280220179001927725989683703733716058167164436055425516073210797933996168722232
23782493600991275350010067817527783364524383475903306259398463358995459821484872211043612837234706620199904979578772366396615572124461264884231637175033997057591855224451943663204022747951055414569614 61746975665445405466083421538079614156575582496959317422870670013409582314398670620742807645764278728826952615217030333446217016007021622876222113934935303246681539433854053165163358418019756311523233
98014480481076618552318501039766338908160551856326076311196014200941278412137522621581264387256282599683176318704643942445328570149942160568141569099998982716339543983083753800144665608701876960211822 99815215488770647102186461061935328241233299013484380478767412467213856985685160049867566196805698069841893402647106259183377162916983586077753868121354499673669064136481417971228909794278060523361173
31749514055763763698722446054890279455742950764330503021606195666821578420292136800454270808663720001459719754433540083816713806160398727956915672768596945102714714621444985958322735261266386070449090 82991924722507156131487797419049740589597710219202220096607564029957932924536824966968500907549036936805779661466299221324288880832976869351321761156436391420233629357989172138473273739709434865259095
40870077606362142989831122685424251251132498148980303515167244236042841371670865385065433038532324883298942165331190505715467165639178463377220493934040877461610369692350439355046671345209934526772827 84801327031659644593806757849914372294536830188691462970570387374680199563841025197562769191453061134106714286494843720535015252590389618808545983029720941826961153758530192076415070522348914515918063
83106906240594428664361078172113083123294054566569020170698802291896391464057791385114240726940080606187308257288480973073536176658736419509221857802462592294779948324939960879466878700565208177023049 56083419119662577313749106048219429868258019056904106096622987597419756584448586727594084585968752187720231331928588486260476492217670872590101642678421746929191542241998658134590964077789012658934909
33312680828388587716077848370682070216447049508171959336860642769654835736924649679222510620838598791929448155741733858623665467204751283931904804146648161759516996084023783808374588744652505612859781 67003235513390765752552903418598486279580186197912836956665588692058196576413274659444172676905147131798050319772660101764354576363486502077756735746748580052608249845904306193562829530016046240940868
92879195304541524895991119331244472238570686667669831609355471844332719069403636586157418846267619607113632748409851270626024892938470132978302918850723350916756948939793305194518901423123723963707380 78566124522578310212869997002003293377777623750750532037203888407239926855602821215058359556901915876084676026565796021400165306651153081922057209782550099628638224310790484117812278360440925876794917
24840219059869429067832229059314855008331302983362525080044697762962455639315078520042862977919878842170780474640737399695520944180385202703635334753832057946374756227495580277149168436171616308452953 40997559620000370534670680495800408992159487937789691688784973260286955575944640469044809715172270513044149322868826770934855081167734547106571518321642205815330300287733166292002020672999776336032119
47595277400074092510507873310446709226964610547224457620136505397356045335064145085164998086313347952793077750305320035094401732733611617113170793115733876022625949029204485250192352781767291554075311 20584125260201715692350882622293389477341988234887761903777677669570334742730887962739872074509261843189071256879732702558058566688468309224596343963566694690046551837773700439801093018550670424810766
10600530315465288892263213620406914482834002589432514227536067959905233534424089746081398379038055329165663385477271762174152662036393789253162721994349343737593759109121004653275113488202099826644622 83109279074487399588420186922525712388418615076071749988115297145714075535724046773798476955149821672282865194219326520611758020786294535335936399425350235325276727957270970680274220136600537314933273
56628694105081593016233462649456337123936460639563783425771249039071015480340567680091162461089066824688332992833641156727535576294282125466033858010616649360661845623689838774415315142989490735835122 22315037962766695498905096992577175488875839862008545982486467693922186571017363769436460720502102613915952833599367147599815281916958621010559402077686145712393447847581102169875177690346248642966548
71243484132633025801793263977000259956690379741490313281885489653324042092393571187775637373549461657328644347559454535042983117230242995559930294960540713838562109503525972277613489098959709456400500 32458333076055142063816607617401712392139738054532928661495133595922286522816490836983743462246753291032291988505414593300680048204915219349524827365579557755125577768290112235240197861991254596366483
88030293886016523889519542850174845678748413444943141266117417763483217280683263597823417466677979362497745332294553134558931778830739181794224170145598943410338636548226239925636391241907751556193177 92695127171254257457733940934291934108565293743818562532581853264945072621028455552989353266022732512468770636885317819803837052711344958923211314999213689310115449046047046102885122015629249267852290
22393595754084969718018116664764293435898420589328889434663209407172389821678399083399547937625176077465198375802678973532364368188740266967791711813603621650237375082691436810667439388349897797357574 31566560614363131925408679803628279922413824710818461662537780544339777871725587977004500745709290231126914038968722816391733687639186197469827748298039614718419359101133050561320311131964649746900072
27831407828458459178810230859131033125945799425088051277887988276284649623043754675349419497452135592853674561984106405846893405938733214056858243925248752492625309001302030113312919327363979940007444 21352246882370663457197452868008862061698881959561320415813909182093283259505290629422660595307216393851087528634751473502202467413213406651359075984885955168447170111564588323153052855649586954083771
61838887970796036044882907169326549174204720600536719425899335400303526752517054949985995484016558635886814557561274842332139996291117866116145841159349432940303420146939485688522446062193307414787971 87584533523154198512379108223014752740898547250799527777888834037184768391303724760209734552481218091914617011942893715616655507774865556345266937108753624948382599106075211221096536747977456164511000
21626120363230240336279215608147979897686760865539920605881884456812510667730877465554864202499705060133385217140969715632431838847705771124069250580137128302885117491075394386448051299569996296179969 15527202798203655153435781859811973198642885978319699314388204865809080390361852456173350832423664948741812554925683188315754600767026184047361046208265498145305859615575643948768676035173769206809569
96059522473246606082198122167054070894914897657638286645396181960362693385203109104132414210193425145061065879331509260219100855937686595629960814972879574620303781724807832783110004116939955315950226 77562503793827075716998360601675724001230760237805762708226657883885631910723351558504581218761787794444047911193915004881696430968940502962366553970280493696179348632345327275586212353549094683646020
22660406120322791895692307497842210627516229859362054427780184580032008817777369882377994389915229973031967392738791036550391427790007867932827157551309258783045759422713154235487480328160644554721708 50691170100082868013577256693110229930129864315852370303093909987885110235346970022593375634624482210040321483515512978844093965025691735327120253538637863124960795308922384137836694122671362208490300
72767688928158678026809228566266212793081496450828833566604187799395146270299410307825339874171581996692825277302454831754041444182726221118272386216572328587087237596083247139984692658102432255215590 30077459337656412810231834947322180339537440715796506381543417836548947462354311772966176087659031631533750175004748247058748886825186051767016849811355456288732219425091562582700022098312421425396861
84309933132345356269464401533032838901898576442756903728340008158207133480250401846429995793119261364173475067780440176903463052475872967657111817386844262177917779070774236804263088794010557946108982 80610300546403766552956848688002311705432650745877471611868267519209294061376055488868739631400676541687036930394236648201593435865831085000273478240974893577383839140224677698733290259802761303592574
29575865363349504719088777338761983421991926842212911503698746347737676222813846968028443056646012958589743275582858901277030856922168018220812458626439060341752254113810547457263465290291997929377169 51998078971565796323454908440968836733910864406295662645551518848987214582354552994746709469223109655125905067264453343460494154942335085424072330272086286433620416739758223547984503759793270397442610
31717781772542484932403982589629041677856255034485434322672704804851459064788432592046595098523030295840120969923741712393235415505311583471121610190122312333051041941329226960794857256891723601256677 70905751788646885243437639643658131136599993365749912522508958379641601627114467436192514000249186027205712315519954297940316512978031600402015226571956680006798459845905295754371890402293450433738081
51926475454864601084060196683753583956588382723487333640518307622136727233455590214851603805007569444872845300855841330794187738244410812565929704506762082676533217552108578247769372704034959377979701 72787985391990388337620702944367998343629839564237522949592433338026768582109860656269262336710215626374775629103800818839800154640923836300004559623679718102548555085096023693955989978924081287684556
47847023161269179180942273814123375338015365050792828822899200168995612184823583102447081212223948021356555326490084947922090179890654319260901431168703010244976557702512078980478117571668308272855916 20109806885700893377144106465443986569157845039078753297632737849304604974093978102077941905352466425692886903922806636935474483059049470123015460985312858188435518307444512064991378963166536441414243
52218014712742905513614823406446154649143607066864836914752857031595960416935803883228034650300855946028784517672152380606568477321919047459696996753950047819077704216136808019157147598893306693897171 88197071163042744394015943498083392665601843483726740047190889143821656154119923852753682862234453488475611288531854219648600565568051702258368615528181093059112016192902483667101418336718578452158945
48508157137197857158677302450500689670951838756370307753103044402511144524377742097267603993456824476929734833707542086726000120100584181697600570663405642464223572893372686853533740992518868164616709 56920741342115241932944761321653722492724035796449852689302292896445757622929894960757292455043387353890742330356286023156566593597217389460633325438673971254070325579208378135879207744407685430510729
56929282324865339222548025287407891302244531929600941572375332027762505935081833909398461213437708698769634867792907122934320477489791171038231742997618739684712002502108714504124695752583263729598574 44890078666882793097571965275923031039404357067525309113821776189665163067906857335811132811143922591280666104363460348818758085744202761782286754680231845429344246806456126012518452858291294370870992
84358062788291612843263871592192455162104150914054146674279022057027804796090910310141633413431261529042769151100752692274572646388386486604071515085157975124690802662283770844667959290989900368428015 79608064680890158120009249158240538492166733279311055431899462614765305548620867888349421857317531491567341292845349998888912948572336248979423876757440605853059451885023973691854276542356747531864487
21487002218018302437615688635548088770440016768946675976001022157979459392864447794937177622526971812565803847200604703222876554339927273788420542358396442949734183071258682739014053360340232883392070 92833988084128945535764201621709352246521683082990788669783460045138219810011850828452060925922074044630255235714595850041813055730788728729025609162253347321601785005074732433504965171333189720191930
18562244692558004190643238351532442913250361059467539343586149736575895726543916611636878473258528422788788961925099398459374317454967862892175688860269593397637535535408715995693084825636727597061666 96464353975373174668639834512171315191027151410888435793857348288712468970382235428291520074771688687837263350415747326260059193566500738657805835086518761455762922928649292159268992789877503556030947
40531606263716217188266027103959724927395164787825876462997302439789135961916526670904639098196425247747709789433358838586532666111852629432337677116307196348846494332015456316044727009763372000285638 45192366902270331546454899527721992755716717051735380878154244311303403986478967760397940714969385421251090685756713097602075805787240364243423329002260757465266270802992013528804119833713504855418738
27460426154540441277510534416032754193644840670154944172562888624657299799424191182687521227732799609498699601880263692401299813028996755458143352638507814313248297171909540420842865871346739257892702 29150468652401224667266249532207567448232376615307847316082385013404146871212601002010201618752416572572729748476394308499980455979959028641851081630275017797581420439942163744703642616505603956740879
78363730667552403600982828394672795317333890585880921232304332376542541942000076974587642150188746065752947686728257897578195468025766604203264243340129743582580395060212928717918329152069469381353699 58619401577379106760017997802951669922508828188540328587514028827338458667003636177996442444481408259337580675673690900109393699757191199112532648504979154488160136159692292935548672289783334341337993
82654517546529011123420273529097750196925168827141807251777668525834848825388817446277842495361172797322002976034717888979894351164589555005290632084446439928952057854368384268287953712999588843587577 77848326019261286503201872179374062602136745985949132822136821799548803537501131951752640312799039430315921972057321603934600305362980489521684835564258772463113511153955643164068633530888734037822418
98456461042305817164790772703689279544391237984173445775648108353556061307738360987698475806528022411279365578786184465858957123783677844695490388007750405518049419338449334822570337469774688458759268 15163691569089474786932425362795357036757345719656359770321755809029569853933284823126839371785093219741897409764712493062420347473292990598911204162855899818284102535424457303035871401735877334236110
70759233838119427838356511831974308157448624625668821261532956278598589014689223744170247656043602058157056672710736785735172117577509323731452266934332866809725816731675366811120418321020007676467671 17105206314651080786643714476484161030202491736177939039260987967610636301437523396906911024738272643492101166708871894150574528363421267987494989043604098120439968981059239692147183728102206600561960
97025881964837529467124016975328009669938192729571080128892926937900754399963271982289805592321392094574834286295140442642092575713735376373386935873643144428170549440216298487069185975475911074030549 78985148213475069998904627144646550175146984648136609921558462703313669310364397107808826624406250310944528449138953585838096733523800939029660243248281731476797989707936447921057622024804145526426802
28635907976830090829233449818263914362076347288352339412410755800776910939367348009449518576634468397070689824476294516657533753243913646880792737110689298789541494164738513957535676947122340999077884 99593976463234409936626974176011958523701024113991763879459584161984197386263555066058512720067002517002796857010126111261054730791695462488339145910185137363642891979051755940178297121235421891341256
47521329672608103522573645590117701633309952479949207044977611577824418213837780235752824888708686731183659524552250290118873217967098164400756979320945822530013851341716684180364982548270520711020957 22009221529024896132377605158911576765777000173870232699465026445951384072827013946411505726244967797628424118798582371520660062612542701952919011832674989788823251372608904644816117834802788306368990
55064451746525097783603422352895866428280541738701874600986461067730147907501685671667298093566179526054151204799469608722769894544375153040768154515118039919127935940048502447065527762580396860633084 66712873770575999553267064693847057435816387267116483894527443330351176411442319387152218834273988669309342968021896187752091476734318930627626434963186227753631563537853327243261444543127327994205781
67486402407975402863753056682835237300549389054481736351779280102424576752461102993769006132720941879903501471927492687927453283758013921318232654689658200270036022517938911623784713498328611028718071 95118949106105829401841708846707601381975622722515880514287071026246978236845232794984328993542972173215344784504174375065673065076598314178466967594759983713929901400166848613638057280793320313009608
30021852292330506197194121982190503684370608262378796605918810501374252649169555029732335711386813396842304839845656389968196086370595499162256217471547031389200858318638584697326826754725503076690088 25326566644753399085310642870691019054846092415227839149323701160556023822884176059572492490585933170231668772372850396347232565589965086780138969192589715849715881884889453315476654240911095094274025
23403979661178881335605100084222542952754549041947448841688313953093468544928519440076964355838381807119691392647714407401573455729101132929266362647295299563428537323243389695719044713322580973827539 95289934190470293190286371773630142676645230367790073601226338705034382566806346547002524092124031681220012492522499997452148937811179114496422266964376723813294475115964881755814925740985128850453644
47558484294330327369148625625536668275941789691412707708265818684138666996060913972730274602676590659022441320274227409461405298768828201550306159344592682660950981823909030384952085573709851486901854 41230894665832478412353772460096836452367643814728959904110198759352386426048696450747979884542011986738756926267782590516006939724511676832290148327603684825005151885519237121513756366536142452313968
93320127139572848618921760347811364746719893274797144141212472994711453461190861186333681966031943232795478456008791684728649177079870783991902695642807287753837259569264484754193525166585095714946146 88751442716380580446465295433327147318341801495592339636987174053554443127922005489464777552677949694457833884654509125001148073713225399895350058830153379556566116749914761205862727835709593931591064
42048929334308279353070771915422566387858942019568271576540980172548467581148277225308464844348531881154584911980214921099971548350144291214105243190033856649979221294518511956301718108436229518205261 94644083985150145022196193781372698260756426216972468263382036691846906130307688166899247204968494117386057643923537337868929449049831555293556878918840646584897558676825990772592522017703884156536621
49358432147788240192231190807849408416937066425524722491986493039054613560740153871818952750964919098144137972090537195056925547078192339340333095003537895587303577148961303405680691860895202938760681 54279098085956908408425268167178177648714802412183555831233587155688680969100035369920259095101521124081938402754829020363222772595296692716897833877284744839630149454980624255070790926456192168525523
36720363064606357533983600645301047430534472303704611747199252210579487225092811253130926841668403731331382300957913208852463964860563123089348977346543452574696609214873295968051053183677781045594033 48477836835257439755145037577933139742486915765954413297577247040666154294115489148713239073560416898132506555651995321542019318612061536049268327497688226565749229550948179419830980870772247112537944
80051242377033093864664366520936523129062474596311443095242525637050757400135469018154226484773272480000718623653893149999028997034157330627133874135379442241483924136401732426413017840656307331562047 33003915070702204799953719776649697178565733115542097410080880811729889583148631572967768464121927273944150959991219256300658356830321442296246462637275506665105219393600548382050941555664124471466221
93349113886576652496831333206629170737851692720860585751479878305633067969138626910902852522035944927981016659719675815425600082910361371277423569072217863050085918013710142859856744908259024284501805 91757012862479288715800705425211895906900976659519737580854441752340562044180755090815131912188844621853336681374749504345200728000347637386171476988524363583795978746834248032292118260473961773896551
95682988634390110833160557381402745387118969352021114799753350207885377772752670091788220378211721245097774401220574244849930505502396026112946150107376470040336731437543725707223763581456145600959018 47484202304898190667954801069184253810108870599145689721896264470702203701082664090333817283441924021533470245053760998537208196395252330304417612537354772346732323796920677590599924433960880281589100
92345679601265101404464699118676737941217605638823549144334971279741789647610950680101771575227937714947684457552036556008184113599394793426213949767139296739666597966691577979553560720135428659454894 65201270622895995941957771489390395663319225584057052830576376214380269623595899931105696467546437969289630067454577550126587101703383809282270835079845924207962798153632410312097537759983513456490507
22957742989595676363075432294140517811392219197853816086841390297786892831041540566698789413606091505031755642684823994894721695668483296447147978676514426278016079606044646503372823991126178197439608 75869603351427568091709095632795660403553861175308629572333170653867466110330162796359625351474440074836707521375524784744044851783415306507043279214478901722796796363559915362305060545324409449297221
42585435411463454927766679819350136733641234166731973180597953216623188621743397375538141523361216977912477114940884686402707498492674465921124665643806117782908778953480678715313747642526202107373019 70701579549490931768503803705804761722972328336169434882958970434561402333547337625234396215045498783320962834619018091296644567106710015426592686459584358884108519970115225776698964401586086604781845
63638104818302622167617317592945463626828474457109382037409692043379466882293723568996534598944177640130819422554273201582532948331818270533810353384258896107380727862575941456399482216755876768558608 95969376447560377578475779617753645484375748212164300200885724817085345493454933912867333936343758608367149873031712000883825057927797524813726377871750104080732008378286727964279745861657368188878967
95664649138745552836108479507246422621182124795265699358304786013638171131879299038859537801352825761663365360130170107592957683339651807102455629642427524281584913414900609001646476650354609681581537 66256223497757328926283534251634871701924150399666346373981911198444325288524734501040421901058049948787116289312838190868257306212141216038885458286092592405514240072989528958870998675389491424230578
61594847100954146833508800122705724439786647462726656712092689410097218947487101053086069162065137765634919453786249113814590801745503917012737569931678714216413032399574916866560169527060343436209771 88147314953420918476307120718262118518084135398184315562806706329916232178379968437786768747797075424827076193655072553806488202104284279238355335360845403652663129232650208386113630130910811397386940
99912032012902348800182103243809562471418265667040948604319563619503064793348165313533887379251467658828374219660073108889037591673625151837933120083601112255744814066266534575098820588698923526678799 24984378049746516959085272066868495952358297265378052703962480481000255214062426370807854506231753717319770738533435250783357787389949655945469091456666561636235788325894203141025571009158833237187721
23048524275545986742862164473501991046757597824555910974890526070531019737448057074388418815111928796547340338013376604224573551703442333703019787112168047078612310976191725527244706027628764979975670 64643392396403845020470757282542443636377831797764140999548717777848202407962447872185621623075192783173171771496237853701008782130343026186165634442917680601561461015140431227568761125476800957078761
53328936809878627030838736611650158254364716425343924985030075885854498125453685937350924382230298170113530467710452842078376861342759372875527992086990836851450880508469173355043858356547481977780754 13017295277948223524127464700633185936160908705676575578630388071967086349888817083223577131220143696590061890045494719636473771829169591873457885868369636075081092346862804288265229396952731375114756
81453555997066130079914104349674310034383367195547809245708957921728904343820695756856043993366443600043792833128474072000669639045823865472387545795807352584439369370406582987362519332444544704455511 29006804303120188345261495110931819178838694180580689713448715012667213948813467317306342089092152828270703978478840049890265105196626134023542625181492096764024548435494632048161766799547440801505680
30994600124310854338367371087952724673704058407603373350304606402414469910479677951839708627507789869231383207350807124650374600403984763901224662382743092877411453595267597243891006351536011122348224 46618399516371426054245924188990681285362095154549652461632567720598660221312722482580268635476288933891919423449278175667161540562426584277555090881588454030533411141373604330753833543964388301499567
55634885584673333527081590991007445239130545416883330665722403783033575721734862736600235829664110241966196460506072416614442162025037684162109824533558187426759448629175895545843938074796421126361546 53605989440419021190123531193978532788885943870399390578348383156650491192792670539698966797133911968538284658349395927450927270588092805757612537032721638796245724612982483268776261392959031654731676
68946568479439972777431724596867977899142755800462631230249297552045414774004336206793778873128009455799078067703177818775943452023333303007026465414706696270832013932518760954662421881815650657263687 73677936320447233962934151903030011432340771017624715438397221365390919693380218887490363940993241651849389391549442320116097069822867256322147435736629504033037482646062584707862613091426551407377310
14453050976306617997761468278480886747093415574784790212812163119780873169645249428478053448786605594226704516347388057141678021180300440502385789185470927013379855908244116654934876534867681038144221 18047416209742270931905494768055609512730825667197775732006812657560853288794180429640131229413467514783139763772553428406882946842624212860512225572604486870027716388242918547815299295747242064804338
63006077034565855949576365426585846784249533261226381849238799388846070264924922871422160580129600105615797414113330219205729553890663690748282467370174567309829542077632453347527284958745239100340564 62668885599350834203195116781579934080529493039666421399756608903183752958083105199238869663066080522327336977060398244971791526822086794084283234289523634603573804402061838579017432557097056093453332
98303596073638909015652650755793401493266885549389915162686714772955130855570735076810428514385055077464196299275626049494176199744192290243220592401542968897502473494367137200520669009912960724700421 92082354307652777903266376729043872987631600043169596440752707520453918862189873827669248369020641977113263284421998921265617006704283839723152415936184361181033883896108127311843680109905630183288336
33958971944373126124001824399576872491213774481012696282067921808721453666069488445380582989469794453529563206128983182864835331839451732837828790668505287506843795202595270962085229837514180289375208 69125984669192807837840394649870346746110442961420642876241259657788038040335934654551794831084478682166329775799606804966574113750205407803978707287694484238063285716991580665212369718968714940988079
57295870944639059702891417539752686244299849164488200064789357572129798835266091036631510039613514113275776738884249351088077489404331867865630911057517236847628704911274256209345709977975151418322057 36472112695677439928448719713713506696066501947056422052920356737096157505718058364146246168169517510349503483440336736456776057879945501949950557038396427416507635210612251910017246744712056070612832
22225212050417247644742477438827515636142620542255692773071763003096860224312873983750894658453877009932874459156323875338325742717150306275984386088952056342632443026898326982534033215680565407296707 23669858617895876293657637806044630879285672477651250525411921332661945245400165783835764087104951403655634510193936019821656712205236881221078822186479035020438566513651654876326420749012043088330292
25971067421487542128853155932717111018515385128522614504553804953668421010117496210841111654056256519122895087380791505188285646629259209090111376999771078843756501215925268475647579905220544390965304 82100789974886231884853143510186784760013491356484829289958784884678317273375015478605671411503814185779693956164450720793186419225922983202762360191664857940860977457641214306930237593158866109542223
88502663983283204168980064993341022191940756513601975104023220372188958433897625902010391969880641915668520066227274206698221011243541468675591561968516432005596711156162885714246357833367177859573063 99182352128901963725083735736670818712445087565053493738719536850018031732142679888797191654572134632959234466731112863416641692104828942144641736494940481403060745669382411120844882577264304335376084
11618180528813608896481480458519642903116020075806214164522806758427992385124688364397442236859876933978823790305276114717147609980480173438090632587152681184944595597807452482547387305917502313472930 76929150507942920452042766721428409617689813731891619510395204946880037438608972968085458800313660332162834943374383368572820246539698048021148229066286624853859262617590050959218599800583507738339972
47031517599023929074326181647952479874376277753180859069868186641604275652677999165761908890450399773001116667535698455611789474354231911856411175896919934808285770719529540773822606447536291958922839 61693663476934045903534581380446471098291062009105738273349242461926913988582535423318863249236815001790862305141991766351988288295796947362234955057443453098757456353570341138626927041480373859601272
58449788936775564700965440278782005946444253786202811744290497967494605198324118586104914766032893440646660720184158638617027399366480429538553600956595487334571323170041606897074470826667543886711821 20841701193336726333499697909082537597492130782694835366502847836734310797706240236171978032828076707212864248940220682732363245743064825955913773323583657970497267047959985853921471155870182520372475
72260634254008057366929996489756403232812327416672561195834093935781754753197559188065916683243583576284892649786422261262680131737124899112136548078952624947480925386352229819919988507199766150723633 53358954052298048075193786383936307411195516334836860651613713044467966251165430472504656702760751122118940172244383976056271317716716051014769093183862759635662659480962676125743908023458653120185975
53198146868217325222823869746355250665427163188178308112278736193408363614670684094752138868015435950203587595119338443629802860337185241889976932752280334029569720485298522514608965248029316716504201 80042222939060594647659875214253885990977757391295714382438684309300482446113796995653251320921469288978190313500911690890566539683623757787043372317732431159569909281609120144012041113892297631702600
15459069366003246914901057058658530314331518970057662984986836116767561175876044783376489606424426796859970033277160510146087208262509134556096614702229796906741806510707256342981015927132292146928841 36654544941348047714239300362216863474204097550416993349929906013338236867157851491249944581888672088308176087151886649157922106408110594599597105157089411941329218125920777123380370879581241600998815
93803077491549109607938980944440750204528941683726836199500990851722916315715548577832231511714228122215827041091496094168337171104042639405115580156396959269851369343186251887307808562192972786010582 47038837889871206862833724213425123458271785897079817279182249082063416389547705169061396540317828289824422872305724470101650418518153432544276402758011303629349415953338761106425698661479957546717045
28945610888749878153569413294770835900838900286259597896177140740422933596344839534280675260859918452054437434191056833372186494621314504043760743134285904673128070173821704469662806926276790587145043 34359252412935259720948910827779579675782687791151996672743827639289246091444613858308814119867000576322674363043443092040000832913361197487379639505593701422971200783320439267705543448243411156991634
78765614033039922156645868262530811154265254631506357886089241276919911765748047029025110247527881273746424794947354839911750211227006749350259679611195107779228945331872931851632826354317998075994468 32237739650729519768074268279888047141360384955971217554943006092843839233791482427220454075189018110514987944125474487511683164343307994639605356229669650843121472486443568599072665011478310476802165
46158796733136823154793623339986566248261304498219924415072313483203936761008181851186053378992795373039534045342485619426553255737449826374537948170125868152818337166483076847170523620192638662563263 20846297709399442594676620097228388136663125967940861098260617340416709475971937317376753776719025537319550766382114863995384854566819530142077284669477157605983337997904020410916050981173805047960722
56545851042721990577127122998681075252256201336641460772962779827986350798231801182161874295986356344746925603800281939375965138836276726090642448040374144191229223526935624842939793328786524384681688 84183143150051996911433462342330864645343859155416422622114711494211650905654536313357605946869946653758241186650158937562874267160634973752063656326081494956924860823920149278957804000489234781297453
51272929671296302968696713573525681346163214266643108233332505553840427473985372154899790303078671453342806866514407050961927831504278720173042508445396782647074582837124500092095033892982526315567403 57658034941257749930387413941793502011003705864163979055385680768448295794102133893420062869229720655457471231275843533504760303524574757680829766689219571861441473993830140058935765719319796280403040
34684645914838648723769988344127270644676720397792444223998585897882572809601206350934014141821190067511554838799118167669517111230697566490426445807162788395595010388397070595291195368969870252214752 45571022566246391761876832349802871368833195625812304165488720566599764130852808761444742744366493145336415300632394609068075187771546039405669038301696459602505015147167475532885323083520658658686316
26376711842609892920956063721855983782696768039268770489212141336806034875182066206583512574181618727673390424384589404808277074356299538195312898956506499868929176194817623478270607455913013622700826 34441664639687988398299936964965660265071427577773955847155161175679827207023884326733865897252834224740875560805952017227003160617760844502797345735020047976665634123510438917326370849437296460565411
25899653872825302992237224383374236070468140129595271818290607225020377067364465674672291514391229017864745231935606795202973295481165061706586308649539943356021454710233229938928127928901455538173210 89520122514458909065243278279198545936297637536513343117116242630504520494753147133236403060005219128728604657628224755946724043217773112777188015281637306665266741146272656919745396088604150643946030
60732957238025072267026031597658782746212196161378484174501878744389760665050411746942168758882465055649383387723067359671669427858264142539901118741103650309602710057001473024996604025491822233522732 89587957302235303854648261589329723783913050978367192919061020358454698501293776319743787233812286328662687332678425187821398536729488782703921828792708182898718347736086072291194893242814123704697772
43920383150963302568441795963168346944126393537284855409344138664261081351456589111154390151895241859465586018752575434492125058580714233013782003222179810573548699709334323022268184827711070002211885 83197774517401655790422584179641065294601070378960283247951858358439413775244614743729295204067801899854347354633043059959701747288843476091023995277244866265833034441503287083038472413150533529484967
21021800474503821557641955742669475281868594124377424688990376037998834787881001684678821175805153205152423901988394550767133349542788561233727865339973719537015895582254366454306079041300608378772688 30129887799741762109595872059695539335207569230113024280505697788414729306056922778248491854597214211166247186752999477113614642099691372357145118830819055527142515338599543582331029446713811446672984
16680097392732703144831839334267517826570816897371067365454932957861583487947590654706701031892983431075185573219176927769994585497770077961950669082328215449828616036545776948898568598921722641814500 77611487093122985328588605167023062043705500755353424552784328332253330875737608161583921480904306892921908500161687414334501991139264562626795318005350745173100192356846086359476487872673901898262122
51440057164060842579738260113224040060652666789728326443971990803691100000043568945159156692402623600501787724200652628044185474812846247732710591194310858633558120982931302974986045417600241501589039 27482681508853371127652343253577288190230010199396173602198766397630052360265523320869942302062279527086675048328175666082439386908790738963436774242272501181241128524262017617100361748119273017794463
14847913396970440675028612896397250796257568232073580907169302025936159963899471409237074897350700623383912264285090221394480257375392190189413975936019578347875283206784275224626797469738698697830575 44075474794381429093706035518249380648700771347233041296972918505394165269270827790051426461263224871504694690599759930025535327356185209970338621829431890702683108956171596113737578001460572398492270
29751079349281476999438633179442453326917336305333654241971165805243932975964934466936750515813320473213914065606035574926866283200348030070039014783342541723214444318138166984774487212286089869506732 85758900912786877443129257368364589528127109224349698397356232826194311820899602807463156780896079144358133074043909331001278759141511457708297975774589594515667777381342959003709512551302946904930790
34858886512420577298773883139942993727951561750371840879777695665227140709722167681679136144793728870797688191599201565666777098937339403647561946668829133683629847418009943715172358938269276928792007 63993649938990980047458333305341064986969835764761208672842803205138128864551334229245447398137541469237176110552985128748049662407014783110345983300688941029076708702366587422065001147828760207205947
31551422907242524932874246042523822720602623545385193899450423885459635289039389176243444754284060138269317049275811486035273224013268930120306675267348804124407592991907775459184588731394157726648181 37666596657023507481610397380297874093343699609127026628224939864334972735233967020117581782703933243820575080432915055459697520640042696579069791558849079981631542078339257744669454586350629292805985
