100
5868902444 2116708980
1213969839 2699230266
8074675984 5191494134
3334786571 3133332289
4200183436 8169263394
1856573947 5350145531
9863241643 7719725347
9166395181 9284440220
9429192183 1686912404
2968508613 4845439945
5675094848 2228165406
5460914524 9688965423
1285047827 4276483318
5458726036 8080297306
6106278666 9016307336
6501216118 1730266893
9501068778 1865203892
3477525597 4936263155
9617337143 4927551110
1993562157 6270006897
6366293902 1168871351
5024465545 2856695917
5549873572 4766864346
4772872256 4107123397
9578045816 3471332473
6781178287 2652212693
1509887586 4425391643
6956162000 6480979619
4738824040 9671225423
9737795352 5867256228
8665787989 9626208494
2059227390 6112638755
5323565688 9550526769
2537045084 1407991796
9055649758 7445461269
1580962233 4149633610
1572732175 2130832265
6527796417 3433388695
1219289409 3584453891
2182963175 8453979922
1933342029 1228802490
2102692830 3711635011
2733813764 6607484738
3317628994 5132714328
1340745197 2500797279
8468530127 2043853301
9418192888 1121056470
8840153964 5621247510
8153932035 2228987698
2334752748 6307799503
2210691520 6755586152
6378465764 8738407459
9354974719 7717880486
4242389602 3926734129
1900354988 7305875299
8328531813 6617450245
3427970550 5114415875
3093444824 7189089180
5810021868 5422288945
7549739687 7831130479
9283781712 4868143757
2653432091 2619726709
1776034933 5243202983
1601889039 6416718467
3561094488 5807682333
6393613299 9738469982
8555666445 5640877588
6046895949 1930201187
4318277068 5402359979
7534962809 4617099145
7368577305 6834841843
4763051831 3510721329
5589967228 2224157858
9875697141 9895053664
4790589415 9253956407
3058719626 3874926264
5443423579 6266734480
9459401071 9400768062
1309140447 3721952043
3670247315 6657865203
9856494757 9721347690
5510979822 4911235364
8521031978 6495828598
1067059111 8438895705
6103488082 4720085341
6487403302 8270918472
9536943546 5409883108
4234620796 5806885567
5867179598 6163031875
9264539622 8214318231
1481370906 7995560660
6420157966 2533970550
9494018019 9452918353
7675185996 3593307880
3274829493 2864299414
6543367010 6064638435
4806541732 2704958932
4151554803 8835778608
3524175043 9833209080
9687073581 9451038200
