10
5261406120286555562462612743738920663098843844318329468867807678863877635606419163722075149198434000 6415810628950249230765469635318817156578388645782662690971171760124451018884818565375251347486569012
1888546080388705367309146055904059008456023597043646695710446970865047590696729494419590873357635918 2494106381012193749091257546869246070327783842158397410713114440309585431738757072129150452037046545
7868788313727219431603200491529898554888218297806231795668306820997683236969522653508485468499040225 7967945920196779718969413100663323135875694981357009925363691873037533886527197666371723723063367439
7146736696137182336229448146973406908808866088701008436627898973130518988174664569646790016396287236 8734620059483056280162472362172492854170676742898410751450973329247179951002792993454121028741541676
3244384943262658039115350290848904362964463925429292372539550739699929193040926543711727900966188916 6874808092909048197150966973372266609599354147352030668430422922560261667540815841887404431420685262
6594243708939606854520101384326692957022221212275054258242372486991010944585729746295664784247305373 1666541684818393090520160542046764992866452667310880914492996772993217959333741281918740917922992121
2881457764171152566962817219372679862425377930077702332651417681890638308171464933686105310911281688 8085559037780466956328266737341743526538800966938329300505061749005516172401919420898901195659914880
6221171553268816826643431915231653625984821634775747014020752846671666037222931938753250526005224358 9039869535440840196510481440569181151380488010785289651353666328802210719367742612306176594638402580
1737982236370702193596732115482846817705933482853901761187906149733068801048797920789521017334094496 2823362839536706191080496717039068330970536521555934888239361440775890764784396293996885723445256119
1690635529902783712296834084357908584085685961780994757111555204726659957354014302418918261622768656 4440580325293216135325392825230555658111243472200812388134614309195908891444046916579943510740093561
