100
9995636590628672969517081141980181382663277304583167684554652801921369733953906749929695829004643374 6780043628279541923003421334848045237160244710264568639912952230238080551356274559754873467280625584
5581325389522049714581178726589762075230570955636705955714215988475801683458680808590739939667231976 9486157983163438399684731233746539135115510694712887458058877039811900499051942091643186533865662817
9755904434496571276238381779025805183624699934864615834115128751646947226614706482346264472314881884 9740589543853316757310818918641864760230768547819346211848987599050703464049076110513574374623645035
3963952025516630117379782092798372174685309469184204128289325269947481310625844493278899195076674510 4756500275959032712486646469223220902419221168886579407308467478237790525615888176554640924419903808
8824204119811350165676576349214487264000081031650937369464152834205279473536716368317738778460047584 6418485249517487723015711799476513660335895736191877930208374820993304848323049793091448012435252286
7427598483465326528563206581253274233718789777868190990446746401568205651731327242379765078689532767 7791351644507210170875322782773657978531440559649468060146081781094344737985927997994144412264184458
8340002335303602121010233124648385303524871875324757220428099269715210539327508252524802779786143585 2202625396589540671435195059686411980824433657667856175166529154657493175104553415468504768021853085
6294722530912411483855456738271848978862722489519553269219455928910121830440709687201027439707261357 8905805836988954998087594148345274110603442492787686040676136419597085861900019784631402213406702856
2263711892941136083135275266861882298468672606927440942675658869300038936025901052544993940358686144 7738823265679834282559643123578085712190553704749641167608841956724434351680966944593790819542479895
9759453388550659428074786648048426433361315360338198771584727831008856833782188614112489760478522113 4545797421326411864586286918114804808122649902875343561740396322156296073717379388814076704599279093
7182720028804855813909350174652114788917800089557499606126345886882550100668774531036423916208149734 5336026190781806165575907373302913106052483348734813697325819145057725450639291775056704179144665342
5347342436670349270566553661658367633315472076473826110768744317394230750910462226697298952634374234 7574711975213497695631295588720674536955488324336108702634707163767306352035549994146940121153713424
8620487407118665949965383947299560639795944334266699062123453335034622932095636400695744003370396490 2374886289913365186357462832081185821213290034752233488499859694605175464971071523501436249842930829
1900160497086415891707847705780128430190669342304547148717726591616987215095439352377792261166310813 5195255800592025544331576909902816728088518616427070395043900175880406394372130451480389161202729309
4713352352287459572407035367336471228327102074403835769816671606700971421509303022341411081488978303 7073899458039735350906329766989326621553518610685388035517517538568855171849269642477569760250555883
3371168503881939032216995067529820965862962070947249882754701809133836390034610808096649643954172601 6531153187604163785179858423815747908822391177692928450950310858349081200721986084629810182797212182
5346645517044466207404006444881061115857448762162041006743695126726472411858857736934527759133088290 3686478847104208271383565657626089266598524807198263676461288334391388477501440130024980504529995791
5569990332354171136762708068984728964112915215479227729222433582315917023915005024894462000680859090 2199418418682312303266156237737448574645499921964001868407592595281001311722098385481496991191044450
4074491034669040594958242494306836225139886128850002065047887608899023294625017125708031951763024214 6998466307214719056719997720170937355289235440167331895560791924483888368045884162947795040235255383
3771472346651858651294916800753582798154815545664085105483869658012108981381081558786326167932398674 5462750037094602779945797393611857963889028181850634712516895264334120187741111043027653067658208182
8472266987107641674660382834645552559995230624302917085695257915936987169803187688533931462893711010 3808624502437963983722354973433106351050105913648701257720368430642969809522973212112507091994975644
3145220305054644645020228445888466454931007723518532699346224035857418180510357449681768337858582235 9696811792012363753579423327785226317877220067335694063157642134859699087673442205960815787908052824
3846258071854527792592346658085955893649567501425242302251145289154480226431829059445486796161780846 1911036137503065032442170656376046799842507710076268833618839592703625710148777059196810518024315593
2532210097407304171493129452101587602638652664837260225494049521273366934805512294455990626399949326 6827412196612257666536401443061407266749407576844265478482530337637250085938702123848248865277622494
9154299336122150380131104984162077256082396858732857514828661071571525380659074267684670228613192190 9398459806295084194691799553844919888258475607803445641715323263286414413941186088117369221655643956
8808553725252073149407445111404776981317273958711215301837201148807634280726714771881611664058022978 3917786645489300381649128751178906004870966787457566813490489037507460352578810585289075657565736006
8173861394771892879650324120862036109814214282514493496500794314299935765190773527461976446108095949 5422500059881883185008953922483269197829984301289863923737898007804414603503359500487555559421335942
5103828777350949432845628829858626032040508410202218969647565008002483240189826836167883737941703375 1263038750678005309653312685712977097577414462076546564829564006569522070439287933968223335562533036
6046880620511258845779037967555222692234257652510948711242099216252534566943132403603524488909631821 2582189271890350266601968471941090571503069669719146374445231051656976997038098774255174047428552887
3163393367920494144706480398520680682233251368471803712002348886830716190910269811400545445703661405 2094294966402610984165835696814709380251119440076270043723999151183935328675575849358162703068927593
5793369577847706393092990306451353173206862114014215894149445695418920901569421456350991155370605616 8073781593617640503345131844067309597653962186846861797724060818563002321492451065981637024831622958
9064895190868976873209179857462140568508828670783609944275334219938029391728570818913392541941882397 3826787722378892612197015633975128843752024352688558065276511081799012040534461162503293447467381892
3341234695677766957089292447053436277515811444788745150020812576359056352711520561701121628794790192 2978502943416795706190557839568086820155171222254974819029907861664276159350922009148363139590739016
1616829444738410821464432480453023927187352992045549590508510555438625819212199471058331532396022449 8252927437074022364146036995924688386015539029769047102581424385467907367082705075526478606435774533
6218920174510587568135280932413048625702821365914408098813140106122121680756592900290647373440725731 6458478032416401699239045501995637352931526454807529092832579133900977338345525585946796767629619322
9850956740321303734163787837806418214616767672135699569762032789974889592058025038691220882299791766 5909006332836098562614458968408107193732828125300705104909151929791947401015336556987770612411936122
5912051828369868027133741573575596735485607395918633327739653647317514847883858364879148758120720808 2683499343069143424556974994966171515643178116936060190860615935428888658727294469872515031740030328
6618924031506419420616585191733013558484297815295278206328974205950431459508978986426575170636207021 3532366220655428386007713511273625902972266954835060144634191325174209031800566863129869710075021845
7585216277560163431047947025843561676844749723672807457616700145236028476762605220027921463332177317 8731120485653967192555618938921934904559110120141321759409659018277799772756562217553300993598703950
2158230959268135748560252065366716053907587258479895340635067973965373972694677401157347838858667539 3183196257237297648127042978371787809462741374848696493875349952170387343301288725832732180453204830
1301696585042263977198532146514349302045256647020804922361096903480106327628520718062694106883593637 9944680667624156366873710724006975744892257353538909659711692492506084880462613824750590004367503330
9807571879982514553020718020236963167105874550792119871305441344816297061785396541005316678915929288 4741854033046990132783568398577084516583653197646321450641901170482563382630801268171084637555299163
8683278288172527591975582380952335436116358162394198018459944912712399057751073982457697242926699032 3898895309692077849180686625138397023409555687578817204490150877249343311728519917335720400702051993
4670505492387615597521655535308759370666938488399252609711820756200695768513107849385927413624775907 3267901901066989454952738174450543548023959257054610256745486264048439368989325077379612433654886132
5348674406705363527461440048126553612954173392565696159643774553002838944462769753393782401381412720 1941842299044308959571206022495380573093615884468824722135030542109993039985731042163135331682044074
1498463552376670616256342979493177373604576040998296275266642423032902093650242789909021595800924555 3173471204449021331041346815260033316675466991996897039429486377598635970162663087967144818450983224
5240691438725037751884004525294931782851915355960859158402519593244539703030980870209063050616491353 1174263736427378392452217413352064229346276432416768071674140505238850267728131509597862389700313745
9318252252565055137810809473873581968855503736099965827219190473503310915462570785987589331158908599 1258812643259508689413401622893505895120387886057965250559702580441308354330794452062429148919663369
5810045276883628348137910660314828882305515496782032335236623783535599105313962912791317688870093264 1943010222473385672404156860283818706077367838727477382949511708688956982298906974098251225433797425
9763379014817759995398364620942151154822130434489312253347560777033425391562587083225226625231896432 7300184610629364695351478339618433783813209791676716200260433934652202991183052233935098065923942669
9950700498982408711607907143424214056560924695380701616112632038957025950329776911522969873076211425 7778140731802471244718738803155465046937268318653133571901317307294112137619095049355562359294229942
1207926897800734392166909256556851510327890409287868531784333549124494564217228628198810261666353469 7707973311572233371997133625594264932495696428926258558775923376680927623843556722769401590130568255
5324350656344963203925526783959213513183886894683478561926583817627112668434379385632576624291659755 5060977949854029669878015079012482061003903510167729241252794312933957790523452786388767366960181638
2446325105028697352427827842083986283335446468949329056415090008673929520209386204845322556514236162 4458022769751965568687138621755824117242217436172211466404408519522694833990432512910797813940505470
7567300648706268519580082148176805993961261098552634494009728487057816683037302299963467435080443360 8490061686215413173229523222846658687245053797292467986907316794634762824864980367518479354986748264
3009550932416859023358743494768593112846224596465521907300725905337969100407549017419601078604639573 1636108620041218381089457805263149092895717795456700051436636242432474322674567095600585301261164066
5362410689444240020111525177390779686314570589191081165147644115595130848186599837794144671698868961 5034744655450603460468348798860781004245953484798555342453031068658830455288772823857636145609566934
3401312235195000613011222444947904917122589522820610846015508581399465399796133566579402081142666103 2355800481688972468960293776688980269004788094933117443143018842279914571681385850015983408902287568
6844434799160532693944750040259828230081788620396214625860446290848751137832923185145987321614101145 2403901155007983723331900355204248536736338463199759486176815412805315373028642235808066938769599676
8503343309345766337651509328677940989142557170956372131711017388007571505252220928983499080633348098 4754986122891319341960316945346944123425379192699107208399497569672792475209595816818422363766079387
4367891184986159412578186511690519600390013220303642169759583735444638210844163031704394362835515839 7166392264601940907240172046343188676819191685702348406090456587755420473126510929799333184041728027
4533757361842734387685034399816877178466597842502207196732683908831407823920445755056664145823026872 3399959654502369164371747109427417339181822627168815328525303980296667138869097860673258483624145688
4841732111175524533309596468354674480149458818699629540264315724988572246903089081516742639633979718 8488214366892310885457893258509274062466371893350485979037714476002725521340005323473932913390216206
4288993986685018589470014340522802052576419776672262402457899204138426152601211055230270863140614732 8054782490228707333261755631067691318490871824744742817205214831100387806791511578596076205448200949
3371222726415168776768253540549911989926398473550641917955108784543815012357100926189883332825301503 5547125036157134905270855113410604796981446149157357681223968291608505554634121275797927504146736634
6266577892818663587998506912346423879555002608268497939535053145985521481086699044904473339961280562 6317472979104543044487493962903496794671733188776137527390350379373911178809381483720635303012774254
1045108862412740306026282370264552566666111710242459272014968950671101192914708694786529958434402303 2919383822740283450708020399775721468546433227991447420415467632573806005829866083592610206522800748
2218706778221316014269858001101263274484971048066364407217346351339039755979602451816634514914693181 1281714609886735757888251798848729370973173689328420501110485233377778533709065511043847031594837233
7754724927731277119297971167398349473540354774074647810939811581804001044355895417195093627502557759 4391037217548047820770143498303058013228957163986141808999085878435679806479096065665808040940744113
1743391845821570488131903596077569073920229767549496801103509246537813181430333751577416321944734219 9489409884910072706338543833083547378502408618786044947762258093968494427487145358294711280529568238
3719715888480302029254687963757529546228604182218495939164089139227969349554510197094653425896037904 8627079204263070121254367956193089179952203237829271909887553895137348122299400065043413362276003725
4307767240111005208288958008117553956890921308523247134501517408811875703644738019566030113084141911 9486934986668573940258086029998298132999171618137931324722297319753364700080392083223320689707112619
2042243317943049862398843087474490036049490180111626793988778898034972852054942184101621239185356998 6862169179859327013345149883488219174191785314591450551123771018143618559796977229492057534033929756
4755602931696441580715180557747688861634712353960156503528483866123016622947392773310669266540762681 3185478575258906569005540533004846817832390582675102758266644207854413917552164802718629116453599493
4338500012669955673797773546682242314252018266521385006623713318379822709137694105149529652781441477 7791531689418408959303807233017862016288889185506843700019326599966801021953160594051778227924503511
8486786892159988962883405296936839348368126140775265653373444140566330521852672203735480724205977338 6739339213064804023906022027269145722358161920447056198828363266557066418630245850534345527019502144
9523264287642530842105800407370413200163150217923976047615753326498401352461795473743253397517947364 4628165266964406779467307916456990140814861985097552528671139662587696315947150064480429841752261658
9252598327377390490650294504822351574890193171422834377382788838259475453207645147559894987101886426 3678301698267112523232934662818290468540982050396968991979699806990104423028312227979315769131469202
6251366738141966001704373603324474057257842401889509493001365185680760348763706216600049233884308636 2320548778530640503640679171067316077766261981038217197900683492643287650847814671862397128965197577
6109328446344061663032966535831604281847257407219559447224775929788973922167589066680510983910423337 5080297972512277216539288139658284130260559468230160819072858353924143920675605467468121587374592044
7685587437232020537594250159715089844313081943233505457734954198707951630142670169030229680971712272 5958526252727487601600381305001703419317686322170423137630346842354590782372690410557251556409367575
8930657469713110878798450669936221793488963774484262344828819420275788847653439803325881963639095218 9656160641366750234491040077784007160487405793920746072003073041928203072315154796574951063000807114
3279189909781422751269446928672224135445430809884762770876095685783129977797348723780575607235489246 5412711687677875002976282676111594892983678205540693226256317437282989736585224722756617246372298686
4208405420086968158550640388900835913832050202421931250805951327542933849130059322387062818634423526 9288535440439237524185248731456163369656199397295284633556297706030218176232018382824409057492117126
8850746290472980334001396729160302023766613962334711343777248614092122938632341703248341830141053253 5163348370110518724104014240725082029973184451703372040818949115989860755971922188532378082879365513
7033569209565357918512891727655311899884000705662408069673509051756134758527237512572691062524036341 9888036251489485321617350560254300351522169276192666823026833771302501648548021510088212545370731785
9477025968016175152299163031885246628281994931342960577965735006900429711259002856148800378968429640 5552506190643466430317776956453376943757782615007810472174657255157170299375559482116394248162027196
8625082109836349811488006793206433043385032295117522786172613819139685235897750267016503059602071834 7396650311771933631125748907487092012852120065192315340166228845894675114043090598867798633056022932
2810804759976966665003386455242201200218683674698655514943508041948415735569919157186060966242509035 5733575851715726219167783490891507152668966549806136421292828051851475566529837451856264379136698369
7664162259842937063320514238812919567183227012497762259323757072505386608856502214637727487252140646 8457883564989955341352066522884867856857740222779310103338747805038006985695682743178291093405716839
4111086388388176655113505395633152176940743781349244055146298130174633019256905154757281244062290360 2193530817158013014980181218008486952857091762422850254517398256560090102978678563887850999939912406
1387176870058570899837213402907156400508773922091471562137734513389672458493742898109979476170876465 5758163521023310976728079041300875901051060629123998678440781237761967968813444122975815579552492932
5976916007426166431559372110833794846923397092688662776497291599097656525146053457300666493596469081 8650429525306018115128573865009125129198604180513851477738581695720465641969791886457719884863424861
1579331632630676818333440034252518454131503826605543102171982941924469976696321166732024493127000849 2206222805949636776006183883422627725912018068471629450310532779605084251354742403196092516588828758
8853335014353696775246953910466052664479528488658875399736442881641046137117372485555500486280341780 6740357207961657707079970079634247838670125707021313482060452865597014273057812117721291552885684044
6981038140933038829722901194370913334907324401547682782984470439928313325613076195031908635267586600 8944460137352750590977095817629686926863899232838232785008725171845272131262907537473097396743132772
2241120832454897812642892012601633957126105285405900428322465633303099202591134243220220104428450925 6186239581293347397790082736377611759520202142350208578273820375455162698492408607701940135306661093
2862867016776276784520451483600791044124743512660140418786446152313050147060385101080875849931872371 3079480079032053733361248760111236470411450122013804523890147522501900734343728511905391928025369058
7015496751407446857877356675926595767511996007275880884814412347783968065428283734709625128423405251 5915420516622293438570487537732242379628565922017885171918015176227508517666087537728412030882520678
5795282053447989768009751743222646855914662319224773162865376054443189136474222389156703105275406849 9823736730167677591431574877295343609327820948748191181161414848832781707042150181845217542955940758
