654321
654321
654312
654231
654213
654132
654123
653421
653412
653241
653214
653142
653124
652431
652413
652341
652314
652143
652134
651432
651423
651342
651324
651243
651234
645321
645312
645231
645213
645132
645123
643521
643512
643251
643215
643152
643125
642531
642513
642351
642315
642153
642135
641532
641523
641352
641325
641253
641235
635421
635412
635241
635214
635142
635124
634521
634512
634251
634215
634152
634125
632541
632514
632451
632415
632154
632145
631542
631524
631452
631425
631254
631245
625431
625413
625341
625314
625143
625134
624531
624513
624351
624315
624153
624135
623541
623514
623451
623415
623154
623145
621543
621534
621453
621435
621354
621345
615432
615423
615342
615324
615243
615234
614532
614523
614352
614325
614253
614235
613542
613524
613452
613425
613254
613245
612543
612534
612453
612435
612354
612345
564321
564312
564231
564213
564132
564123
563421
563412
563241
563214
563142
563124
562431
562413
562341
562314
562143
562134
561432
561423
561342
561324
561243
561234
546321
546312
546231
546213
546132
546123
543621
543612
543261
543216
543162
543126
542631
542613
542361
542316
542163
542136
541632
541623
541362
541326
541263
541236
536421
536412
536241
536214
536142
536124
534621
534612
534261
534216
534162
534126
532641
532614
532461
532416
532164
532146
531642
531624
531462
531426
531264
531246
526431
526413
526341
526314
526143
526134
524631
524613
524361
524316
524163
524136
523641
523614
523461
523416
523164
523146
521643
521634
521463
521436
521364
521346
516432
516423
516342
516324
516243
516234
514632
514623
514362
514326
514263
514236
513642
513624
513462
513426
513264
513246
512643
512634
512463
512436
512364
512346
465321
465312
465231
465213
465132
465123
463521
463512
463251
463215
463152
463125
462531
462513
462351
462315
462153
462135
461532
461523
461352
461325
461253
461235
456321
456312
456231
456213
456132
456123
453621
453612
453261
453216
453162
453126
452631
452613
452361
452316
452163
452136
451632
451623
451362
451326
451263
451236
436521
436512
436251
436215
436152
436125
435621
435612
435261
435216
435162
435126
432651
432615
432561
432516
432165
432156
431652
431625
431562
431526
431265
431256
426531
426513
426351
426315
426153
426135
425631
425613
425361
425316
425163
425136
423651
423615
423561
423516
423165
423156
421653
421635
421563
421536
421365
421356
416532
416523
416352
416325
416253
416235
415632
415623
415362
415326
415263
415236
413652
413625
413562
413526
413265
413256
412653
412635
412563
412536
412365
412356
365421
365412
365241
365214
365142
365124
364521
364512
364251
364215
364152
364125
362541
362514
362451
362415
362154
362145
361542
361524
361452
361425
361254
361245
356421
356412
356241
356214
356142
356124
354621
354612
354261
354216
354162
354126
352641
352614
352461
352416
352164
352146
351642
351624
351462
351426
351264
351246
346521
346512
346251
346215
346152
346125
345621
345612
345261
345216
345162
345126
342651
342615
342561
342516
342165
342156
341652
341625
341562
341526
341265
341256
326541
326514
326451
326415
326154
326145
325641
325614
325461
325416
325164
325146
324651
324615
324561
324516
324165
324156
321654
321645
321564
321546
321465
321456
316542
316524
316452
316425
316254
316245
315642
315624
315462
315426
315264
315246
314652
314625
314562
314526
314265
314256
312654
312645
312564
312546
312465
312456
265431
265413
265341
265314
265143
265134
264531
264513
264351
264315
264153
264135
263541
263514
263451
263415
263154
263145
261543
261534
261453
261435
261354
261345
256431
256413
256341
256314
256143
256134
254631
254613
254361
254316
254163
254136
253641
253614
253461
253416
253164
253146
251643
251634
251463
251436
251364
251346
246531
246513
246351
246315
246153
246135
245631
245613
245361
245316
245163
245136
243651
243615
243561
243516
243165
243156
241653
241635
241563
241536
241365
241356
236541
236514
236451
236415
236154
236145
235641
235614
235461
235416
235164
235146
234651
234615
234561
234516
234165
234156
231654
231645
231564
231546
231465
231456
216543
216534
216453
216435
216354
216345
215643
215634
215463
215436
215364
215346
214653
214635
214563
214536
214365
214356
213654
213645
213564
213546
213465
213456
165432
165423
165342
165324
165243
165234
164532
164523
164352
164325
164253
164235
163542
163524
163452
163425
163254
163245
162543
162534
162453
162435
162354
162345
156432
156423
156342
156324
156243
156234
154632
154623
154362
154326
154263
154236
153642
153624
153462
153426
153264
153246
152643
152634
152463
152436
152364
152346
146532
146523
146352
146325
146253
146235
145632
145623
145362
145326
145263
145236
143652
143625
143562
143526
143265
143256
142653
142635
142563
142536
142365
142356
136542
136524
136452
136425
136254
136245
135642
135624
135462
135426
135264
135246
134652
134625
134562
134526
134265
134256
132654
132645
132564
132546
132465
132456
126543
126534
126453
126435
126354
126345
125643
125634
125463
125436
125364
125346
124653
124635
124563
124536
124365
124356
123654
123645
123564
123546
123465
123456
