985 2797 556
1 299 250
2 585 377
3 841 853
4 831 526
5 724 673
6 919 864
7 130 680
8 494 10
9 226 845
10 729 631
11 197 719
12 725 155
13 513 25
14 970 341
15 697 587
16 679 495
17 3 193
18 658 154
19 250 578
20 274 780
21 477 954
22 264 491
23 788 289
24 645 88
25 835 859
26 139 496
27 792 455
28 573 886
29 479 52
30 442 892
31 300 125
32 747 178
33 959 609
34 708 713
35 484 361
36 319 492
37 749 487
38 143 298
39 462 834
40 140 612
41 299 455
42 904 973
43 265 461
44 533 740
45 610 84
46 57 206
47 670 370
48 773 228
49 345 417
50 427 220
51 599 136
52 912 794
53 889 46
54 36 101
55 964 828
56 239 923
57 562 522
58 930 543
59 210 752
60 255 551
61 28 618
62 851 747
63 237 491
64 902 668
65 257 618
66 533 36
67 103 599
68 779 727
69 89 920
70 372 874
71 114 890
72 891 380
73 328 42
74 625 449
75 436 909
76 479 333
77 751 755
78 721 864
79 107 757
80 691 503
81 980 418
82 780 127
83 258 719
84 650 363
85 950 31
86 522 88
87 207 384
88 314 35
89 386 93
90 633 923
91 393 834
92 845 878
93 580 37
94 268 536
95 779 624
96 63 520
97 758 928
98 978 113
99 978 203
100 47 987
101 678 63
102 581 857
103 119 596
104 981 576
105 409 725
106 448 41
107 863 104
108 521 849
109 10 715
110 704 285
111 323 422
112 684 83
113 186 802
114 782 698
115 334 373
116 681 588
117 958 813
118 34 586
119 293 686
120 156 96
121 328 658
122 79 672
123 33 111
124 771 252
125 510 904
126 392 515
127 270 692
128 599 377
129 328 495
130 194 848
131 784 461
132 358 6
133 273 231
134 408 681
135 529 103
136 828 31
137 727 616
138 622 224
139 628 222
140 363 903
141 896 364
142 547 802
143 952 717
144 744 900
145 116 252
146 79 781
147 388 886
148 232 337
149 389 729
150 787 737
151 764 145
152 787 647
153 112 820
154 388 190
155 392 50
156 892 167
157 80 860
158 590 171
159 721 498
160 887 138
161 847 873
162 858 166
163 525 704
164 32 578
165 305 519
166 406 320
167 25 784
168 258 126
169 739 540
170 875 645
171 956 406
172 8 57
173 357 482
174 205 192
175 507 353
176 489 433
177 195 247
178 178 687
179 27 451
180 756 86
181 151 282
182 522 335
183 930 75
184 311 20
185 1 775
186 389 259
187 543 178
188 130 149
189 117 894
190 553 343
191 549 21
192 5 175
193 964 724
194 586 921
195 499 477
196 883 847
197 95 467
198 386 174
199 323 993
200 831 858
201 20 561
202 841 652
203 739 783
204 37 750
205 428 196
206 492 626
207 754 218
208 296 187
209 786 13
210 299 466
211 799 169
212 72 598
213 725 493
214 494 879
215 715 669
216 931 956
217 134 204
218 857 319
219 881 111
220 303 13
221 168 511
222 861 226
223 413 791
224 230 20
225 613 575
226 621 644
227 833 797
228 881 729
229 711 716
230 742 478
231 289 695
232 298 965
233 598 392
234 965 883
235 734 703
236 377 511
237 200 237
238 399 645
239 969 853
240 934 534
241 717 149
242 147 522
243 823 769
244 260 290
245 540 209
246 659 220
247 813 904
248 921 800
249 797 171
250 479 500
251 745 632
252 22 789
253 669 450
254 133 599
255 609 97
256 372 81
257 212 308
258 467 246
259 122 203
260 706 913
261 851 6
262 612 313
263 459 20
264 664 555
265 25 849
266 376 414
267 136 768
268 289 701
269 379 987
270 141 223
271 65 783
272 343 383
273 592 256
274 434 870
275 658 516
276 497 221
277 203 266
278 763 782
279 780 349
280 931 474
281 269 742
282 149 381
283 281 792
284 878 429
285 420 84
286 661 564
287 546 305
288 869 307
289 935 279
290 427 370
291 579 310
292 255 18
293 170 474
294 19 211
295 144 487
296 329 723
297 395 274
298 925 440
299 476 888
300 895 195
301 851 223
302 941 836
303 697 409
304 124 439
305 702 22
306 378 832
307 597 749
308 199 258
309 772 1000
310 839 748
311 291 504
312 890 65
313 768 924
314 921 843
315 223 75
316 714 133
317 524 499
318 60 176
319 69 814
320 6 945
321 295 125
322 188 518
323 138 329
324 781 446
325 713 244
326 948 813
327 377 14
328 264 876
329 805 84
330 963 804
331 590 459
332 677 159
333 922 256
334 911 216
335 481 651
336 337 608
337 422 992
338 790 351
339 35 252
340 591 647
341 780 341
342 764 594
343 91 39
344 439 347
345 349 539
346 61 983
347 232 439
348 628 305
349 49 530
350 282 467
351 592 384
352 429 658
353 267 550
354 148 46
355 927 156
356 62 648
357 963 502
358 16 553
359 975 62
360 87 13
361 542 754
362 837 948
363 7 192
364 64 237
365 156 476
366 693 605
367 526 128
368 884 937
369 478 974
370 107 831
371 894 673
372 263 976
373 116 71
374 500 65
375 404 483
376 4 435
377 403 775
378 294 779
379 443 337
380 573 391
381 702 70
382 470 374
383 525 960
384 595 227
385 523 643
386 982 61
387 977 886
388 863 192
389 646 620
390 758 439
391 634 36
392 570 42
393 178 958
394 22 480
395 235 539
396 780 458
397 436 216
398 302 510
399 741 493
400 976 108
401 721 144
402 271 802
403 354 260
404 819 337
405 196 601
406 187 685
407 367 352
408 443 799
409 634 249
410 725 955
411 73 500
412 928 748
413 345 596
414 44 890
415 263 344
416 925 223
417 129 870
418 710 219
419 466 18
420 167 712
421 695 34
422 68 958
423 672 825
424 181 397
425 535 386
426 312 212
427 2 116
428 676 951
429 168 919
430 8 150
431 314 542
432 975 804
433 703 749
434 595 243
435 803 281
436 844 439
437 129 53
438 697 402
439 982 152
440 244 302
441 359 150
442 700 125
443 917 528
444 268 679
445 233 972
446 528 764
447 330 552
448 112 627
449 777 941
450 776 121
451 482 527
452 230 887
453 669 956
454 534 456
455 379 87
456 759 348
457 893 973
458 659 204
459 972 603
460 922 650
461 324 61
462 328 438
463 105 331
464 699 968
465 707 637
466 599 845
467 248 648
468 921 741
469 330 371
470 596 413
471 369 656
472 22 396
473 951 288
474 661 832
475 730 832
476 718 464
477 185 245
478 283 209
479 61 317
480 731 199
481 48 616
482 93 467
483 295 125
484 772 569
485 168 755
486 347 656
487 860 445
488 374 390
489 172 354
490 339 622
491 208 406
492 532 782
493 678 689
494 242 578
495 372 869
496 628 661
497 440 522
498 822 99
499 418 334
500 920 845
501 553 353
502 683 497
503 757 256
504 814 529
505 119 812
506 407 498
507 784 938
508 279 571
509 766 972
510 775 983
511 616 627
512 680 677
513 260 122
514 912 498
515 140 146
516 824 894
517 250 546
518 242 647
519 153 332
520 950 114
521 783 28
522 706 64
523 870 242
524 619 942
525 628 134
526 911 405
527 387 271
528 983 612
529 684 560
530 886 550
531 332 154
532 638 907
533 260 536
534 165 852
535 73 431
536 245 362
537 608 928
538 560 774
539 74 59
540 265 381
541 164 343
542 83 7
543 358 570
544 320 356
545 551 430
546 440 890
547 506 699
548 588 987
549 94 52
550 300 101
551 442 507
552 145 939
553 619 239
554 664 602
555 459 778
556 954 544
557 680 471
558 843 84
559 131 872
560 216 873
561 944 47
562 687 589
563 417 909
564 352 331
565 55 116
566 238 793
567 757 597
568 668 55
569 648 146
570 643 836
571 289 342
572 852 395
573 662 634
574 691 204
575 447 621
576 159 510
577 685 190
578 430 116
579 149 376
580 188 410
581 9 933
582 808 465
583 369 285
584 717 68
585 398 879
586 261 58
587 547 987
588 777 736
589 397 634
590 139 828
591 512 367
592 810 626
593 704 491
594 873 359
595 159 891
596 178 62
597 63 322
598 493 703
599 599 749
600 133 741
601 160 378
602 258 551
603 81 601
604 491 687
605 202 577
606 881 193
607 50 555
608 485 203
609 521 262
610 181 264
611 9 681
612 845 678
613 467 202
614 173 312
615 138 855
616 637 282
617 697 201
618 17 299
619 614 470
620 815 740
621 261 850
622 542 340
623 977 101
624 78 802
625 959 455
626 752 218
627 725 93
628 162 489
629 524 979
630 395 948
631 638 204
632 519 416
633 611 413
634 249 909
635 167 50
636 615 279
637 897 931
638 298 8
639 758 512
640 961 449
641 304 577
642 823 805
643 899 264
644 358 314
645 880 445
646 769 427
647 470 842
648 5 755
649 946 260
650 881 839
651 440 15
652 662 913
653 243 87
654 800 32
655 20 432
656 855 268
657 625 849
658 913 28
659 253 717
660 98 707
661 161 306
662 240 160
663 730 31
664 287 457
665 606 282
666 926 952
667 253 764
668 519 297
669 685 135
670 619 152
671 231 160
672 589 925
673 304 843
674 954 473
675 910 348
676 811 720
677 494 367
678 277 505
679 418 850
680 51 40
681 306 608
682 206 130
683 702 206
684 177 573
685 727 107
686 229 609
687 406 495
688 388 626
689 457 188
690 935 896
691 530 980
692 28 540
693 934 551
694 931 448
695 975 709
696 512 882
697 96 829
698 961 39
699 564 789
700 869 77
701 70 687
702 385 161
703 53 569
704 746 870
705 251 236
706 452 642
707 32 84
708 489 265
709 891 281
710 892 385
711 539 550
712 736 305
713 258 629
714 555 763
715 972 658
716 796 312
717 112 875
718 94 229
719 528 961
720 673 550
721 658 567
722 244 115
723 727 77
724 231 988
725 727 795
726 527 698
727 226 990
728 39 426
729 660 48
730 428 386
731 593 731
732 264 754
733 980 872
734 867 48
735 758 432
736 862 380
737 803 140
738 681 999
739 413 929
740 738 277
741 720 710
742 544 770
743 666 679
744 5 20
745 736 735
746 547 783
747 780 806
748 608 69
749 182 222
750 311 861
751 168 65
752 493 2
753 416 438
754 637 476
755 223 690
756 107 792
757 231 77
758 902 801
759 355 756
760 797 832
761 900 928
762 557 954
763 183 854
764 45 762
765 230 842
766 427 79
767 651 214
768 490 814
769 669 784
770 34 721
771 93 392
772 848 575
773 460 74
774 342 926
775 246 898
776 42 23
777 510 75
778 416 910
779 339 702
780 181 355
781 924 292
782 89 801
783 103 865
784 779 861
785 828 254
786 238 472
787 622 445
788 913 168
789 425 124
790 33 403
791 421 202
792 940 198
793 781 752
794 747 204
795 939 129
796 264 997
797 657 344
798 589 629
799 600 115
800 106 560
801 318 774
802 486 717
803 5 781
804 159 440
805 244 977
806 224 277
807 813 618
808 281 805
809 109 284
810 304 174
811 92 919
812 62 183
813 589 671
814 84 173
815 595 4
816 207 504
817 532 115
818 537 347
819 230 456
820 528 150
821 449 331
822 808 313
823 490 603
824 7 668
825 691 477
826 769 649
827 985 715
828 107 360
829 57 995
830 353 873
831 378 264
832 687 127
833 813 948
834 23 624
835 495 610
836 639 538
837 862 551
838 342 591
839 126 319
840 525 743
841 220 803
842 722 542
843 700 223
844 916 958
845 579 785
846 531 918
847 404 559
848 4 778
849 578 868
850 944 613
851 684 527
852 592 472
853 619 704
854 487 286
855 844 672
856 684 168
857 881 420
858 406 47
859 809 314
860 37 914
861 728 187
862 481 498
863 360 227
864 486 602
865 181 29
866 586 275
867 602 68
868 1 687
869 688 160
870 650 496
871 623 353
872 623 360
873 767 76
874 237 117
875 489 115
876 115 838
877 401 860
878 486 397
879 203 963
880 820 884
881 538 916
882 810 601
883 175 607
884 497 457
885 968 611
886 969 300
887 70 318
888 685 86
889 758 418
890 2 133
891 317 583
892 601 184
893 273 306
894 600 232
895 633 281
896 967 610
897 963 328
898 885 882
899 725 848
900 575 52
901 666 993
902 874 477
903 726 715
904 695 55
905 617 468
906 868 15
907 921 158
908 773 845
909 145 129
910 791 82
911 929 895
912 523 957
913 687 604
914 620 508
915 488 232
916 257 965
917 876 615
918 27 886
919 279 356
920 238 812
921 978 480
922 513 873
923 164 375
924 682 803
925 795 145
926 646 615
927 384 278
928 768 260
929 713 113
930 73 387
931 721 679
932 492 271
933 35 145
934 242 325
935 362 801
936 331 674
937 160 313
938 829 268
939 704 967
940 630 245
941 683 657
942 374 501
943 581 782
944 713 518
945 121 232
946 631 941
947 237 607
948 466 258
949 763 719
950 692 954
951 309 717
952 55 798
953 441 878
954 352 771
955 531 838
956 780 659
957 394 873
958 856 779
959 324 623
960 843 899
961 491 904
962 846 467
963 187 402
964 559 965
965 595 305
966 103 991
967 848 249
968 933 105
969 601 557
970 570 674
971 404 889
972 922 240
973 94 842
974 348 119
975 937 18
976 970 22
977 256 560
978 731 782
979 171 564
980 953 433
981 131 368
982 793 945
983 336 562
984 952 94
985 163 628
207 129 517
143 488 982
496 397 100
447 164 469
889 966 29
196 423 341
61 937 773
191 569 547
293 905 109
806 965 578
903 186 441
379 875 895
57 385 719
152 394 207
777 844 968
262 54 862
903 114 853
447 852 564
784 706 890
984 526 309
361 443 846
414 384 480
515 440 756
28 153 491
690 930 354
894 206 889
97 670 308
236 132 886
944 915 216
148 913 51
863 835 370
778 810 338
582 340 640
880 367 22
585 618 658
696 88 576
859 184 467
698 420 753
403 925 684
375 88 368
872 950 383
827 305 224
726 448 83
80 342 382
134 489 974
678 199 884
5 619 619
2 332 33
129 734 393
295 671 587
387 557 923
876 398 247
205 139 390
419 765 458
15 460 591
776 153 846
639 157 760
247 158 991
822 834 776
351 143 331
952 529 58
641 967 677
88 186 527
529 604 247
873 181 913
174 956 480
766 171 579
445 964 323
17 800 466
323 712 43
860 240 774
969 881 40
491 530 417
697 620 987
245 507 132
800 242 529
959 23 709
399 29 995
982 46 66
427 915 668
562 351 737
240 335 549
446 825 998
837 98 529
955 890 896
269 704 392
537 239 216
538 638 775
517 634 762
419 622 953
486 198 678
355 984 347
118 444 988
958 842 776
446 812 660
3 95 905
240 193 638
607 730 790
18 808 683
459 242 135
938 289 539
236 643 318
414 323 861
432 295 938
109 302 886
128 305 837
959 106 319
496 274 394
671 292 758
55 750 126
61 265 165
265 500 962
467 913 771
127 906 885
191 29 889
628 703 325
174 676 585
898 187 588
928 419 109
780 473 261
983 534 995
927 360 341
90 826 645
561 514 896
887 267 219
92 894 627
586 83 22
200 980 395
635 484 183
375 278 773
865 822 298
196 763 297
573 415 439
878 537 232
118 438 670
371 530 934
889 130 211
551 877 172
507 88 210
882 462 434
744 889 971
263 646 335
579 234 489
844 126 555
90 243 770
697 175 669
665 79 280
715 191 188
868 259 980
957 155 469
885 898 562
212 175 957
302 315 995
805 173 672
860 810 531
914 521 791
74 747 781
895 38 523
185 905 411
984 876 333
822 337 707
125 549 184
512 850 58
693 231 473
15 652 659
672 580 286
519 215 287
444 125 224
668 309 268
166 854 980
803 253 793
914 377 326
762 450 617
487 158 155
931 719 141
761 405 346
126 924 492
784 382 508
494 612 933
123 339 747
627 156 121
44 631 912
557 955 782
495 18 76
664 948 114
500 723 778
477 410 211
668 755 545
108 263 301
840 385 594
456 26 756
433 616 493
240 734 637
58 791 949
33 31 253
726 92 207
838 568 448
889 798 262
445 905 224
612 759 953
132 777 780
792 224 498
659 25 783
58 82 605
458 114 766
821 401 757
44 254 277
662 704 464
63 163 530
274 774 55
321 467 138
503 273 899
862 493 248
969 112 320
444 570 540
496 952 671
92 10 841
365 671 909
450 296 123
454 569 783
341 451 834
18 515 383
466 391 922
501 922 89
70 927 183
846 437 809
53 90 173
498 455 76
661 466 778
110 482 503
332 822 555
582 401 715
119 867 182
696 382 740
946 13 641
233 420 354
33 473 636
827 970 762
869 208 547
221 317 873
688 211 794
730 792 800
739 473 788
262 730 6
707 690 125
654 484 684
600 516 706
635 357 31
686 241 918
764 23 841
777 273 231
187 17 625
983 755 52
237 578 138
857 846 267
613 515 677
242 676 472
342 325 880
974 572 977
828 350 540
14 688 422
941 875 178
252 434 874
35 671 43
547 104 74
325 717 310
586 958 105
377 861 94
634 412 742
145 254 891
664 814 119
32 332 570
401 583 43
539 618 30
817 179 184
517 504 332
731 651 454
635 590 311
425 238 582
786 382 888
73 608 716
486 201 2
897 602 722
757 702 574
301 533 399
496 611 464
422 356 445
867 552 164
203 976 501
496 338 784
58 411 553
981 896 229
702 370 340
130 141 111
613 441 586
399 937 836
687 373 524
641 255 400
746 19 263
541 514 500
827 572 707
734 567 298
404 830 249
128 960 899
116 149 629
198 547 327
890 249 972
953 451 16
145 212 826
859 314 279
925 702 967
417 451 605
366 854 547
684 544 513
704 221 76
617 418 340
591 869 415
937 399 745
114 105 198
294 963 274
549 464 755
938 880 547
469 807 878
830 505 438
727 770 338
335 402 867
51 554 860
15 505 193
429 180 969
179 473 746
242 583 432
568 535 676
360 19 185
129 410 501
441 699 876
535 48 289
61 645 67
17 659 533
372 649 702
830 827 751
828 630 958
304 213 995
659 134 465
945 262 914
751 264 207
341 798 771
879 420 945
985 436 143
172 807 462
85 214 450
470 56 382
14 359 659
93 579 884
737 539 582
368 304 542
149 644 749
87 537 125
668 98 825
376 269 99
294 353 562
600 384 312
551 397 132
276 52 345
681 350 840
362 717 413
853 428 291
718 514 114
17 743 596
299 133 621
402 973 890
280 150 153
213 700 72
504 538 288
388 233 617
373 157 974
222 571 268
715 851 566
758 867 220
461 727 318
978 690 727
863 969 546
692 196 508
918 699 270
210 649 419
837 583 185
757 804 813
119 95 698
541 853 316
720 875 493
594 867 677
456 306 431
28 13 768
847 930 117
233 155 877
837 553 184
173 324 154
80 442 79
837 544 423
600 278 782
542 872 480
188 889 56
365 478 13
738 340 774
386 572 923
682 970 132
575 158 670
833 784 508
201 198 211
530 797 999
201 353 892
848 102 265
268 467 367
247 766 58
717 166 255
795 847 431
1 983 68
78 392 34
595 155 321
671 684 949
586 885 58
387 309 324
638 138 882
381 384 499
464 115 939
133 471 782
333 34 859
253 658 676
518 267 662
433 499 535
268 646 429
455 594 879
743 246 236
622 627 864
280 105 241
104 784 288
882 678 138
126 930 460
308 24 762
644 456 957
678 285 693
174 739 211
524 59 129
465 680 460
350 959 966
350 624 549
930 521 991
557 208 713
842 77 746
955 282 764
581 521 65
415 256 4
843 780 607
531 259 756
845 608 301
387 520 182
165 464 179
182 582 503
691 438 829
239 954 522
789 112 412
638 88 633
241 930 414
449 475 287
351 881 171
774 282 955
835 8 630
978 190 982
890 442 821
440 242 262
271 45 908
184 245 155
353 47 567
316 496 566
99 846 669
52 634 135
523 45 218
473 584 259
566 50 322
658 489 154
281 321 220
15 67 234
822 419 551
588 735 776
390 395 368
88 446 629
68 531 738
602 18 579
887 145 948
628 364 379
173 207 391
748 221 397
581 57 381
461 644 107
398 49 213
196 683 871
189 750 386
773 913 740
956 814 914
751 19 784
49 191 260
214 500 953
8 96 664
658 118 665
181 516 520
98 711 897
23 461 284
478 248 896
512 766 697
252 531 7
903 141 979
227 901 834
319 908 156
30 142 143
384 322 923
895 420 863
556 442 943
529 482 253
977 8 370
268 807 242
671 724 247
279 950 127
934 831 632
699 422 788
582 367 55
979 276 996
664 393 129
808 922 840
215 475 220
496 304 181
322 974 859
288 267 865
717 763 800
83 476 383
575 72 574
951 613 596
761 291 994
575 113 402
869 875 716
733 385 984
418 707 212
388 556 730
323 287 372
649 916 645
412 506 986
102 471 23
68 794 970
426 383 418
829 813 322
174 123 403
807 540 551
5 928 12
16 812 263
790 475 289
69 886 876
951 550 78
476 617 891
290 604 795
217 447 278
580 182 910
890 550 871
920 554 20
521 131 221
956 920 978
336 550 320
768 516 174
685 6 487
958 842 252
189 74 518
233 215 56
399 119 145
120 601 700
876 136 451
474 653 472
546 3 57
80 770 894
711 32 6
972 4 362
414 739 732
848 972 437
479 385 582
220 66 367
515 942 155
940 977 207
861 537 165
894 178 606
457 888 257
572 437 712
544 412 766
150 821 399
518 861 168
567 96 649
668 610 212
29 126 78
481 548 224
497 457 673
297 475 248
676 62 786
72 167 187
754 863 24
437 943 650
505 524 560
200 753 806
836 782 486
478 824 423
218 335 26
682 193 836
64 868 209
976 502 155
767 817 109
503 269 156
552 335 229
258 534 399
135 931 115
575 970 288
139 749 434
160 445 806
217 71 366
335 61 472
619 390 593
889 454 128
570 20 892
335 824 237
853 958 374
729 109 28
881 247 478
491 953 45
732 184 975
964 518 757
712 698 578
291 602 461
139 733 407
867 82 327
159 497 674
489 240 637
257 683 991
881 188 760
965 919 781
681 459 908
20 185 353
732 476 871
475 614 618
783 495 526
930 215 642
63 704 784
837 522 886
434 417 733
983 397 484
293 639 502
668 658 612
755 405 757
567 441 417
564 785 483
751 729 545
888 354 975
826 752 801
23 200 204
830 744 877
695 52 146
34 281 118
980 597 724
978 178 776
166 303 681
833 68 116
839 955 404
563 357 237
370 926 901
156 333 860
337 42 893
719 75 908
774 616 609
247 170 866
708 882 648
530 292 480
95 145 357
561 708 60
792 639 476
238 794 688
974 146 531
776 426 156
858 214 228
113 461 505
968 730 401
702 821 752
941 915 102
274 490 776
511 844 574
141 96 53
650 631 440
215 421 880
402 840 844
220 952 406
316 496 342
746 212 332
483 714 843
911 3 280
76 513 878
864 215 890
476 864 175
342 640 625
87 57 499
45 823 757
572 153 912
405 460 963
511 942 741
655 429 955
304 504 664
358 930 695
507 967 735
301 324 315
515 410 293
145 16 545
288 149 279
379 553 543
243 625 442
821 294 75
415 160 571
631 517 150
75 39 216
930 339 209
16 416 360
143 560 160
654 848 70
879 788 727
31 46 166
234 866 230
319 842 549
31 49 1000
125 124 825
200 615 494
161 192 334
530 334 195
477 549 834
133 442 162
780 34 844
80 268 621
221 148 799
521 178 43
353 302 398
222 63 599
430 770 960
615 862 773
375 900 638
105 47 129
76 826 492
201 468 521
206 688 938
177 224 17
634 576 555
776 797 768
656 789 919
180 418 665
584 354 869
551 459 601
959 96 586
962 844 343
248 64 453
665 787 111
822 435 373
841 772 711
485 442 619
899 621 134
750 766 97
954 331 695
766 851 793
856 828 881
976 90 931
360 316 743
952 699 709
149 555 876
689 601 544
595 76 322
918 826 332
609 356 213
321 136 795
128 553 867
340 543 301
615 464 739
692 430 492
766 578 116
188 829 434
51 438 659
644 370 161
471 978 456
190 860 496
759 2 219
186 341 318
248 518 247
626 771 818
718 113 701
925 300 309
310 898 613
756 556 42
56 588 396
259 777 371
596 551 109
939 298 492
949 545 449
437 733 74
354 27 429
411 951 683
311 823 437
648 593 308
369 648 330
630 468 69
327 79 614
25 579 888
611 542 839
729 540 206
195 456 184
758 866 185
197 192 49
534 401 731
3 332 95
59 523 598
892 849 86
852 873 129
671 499 398
50 789 137
707 545 869
406 864 590
617 76 663
665 171 700
320 720 391
184 340 483
516 247 346
488 660 89
492 346 554
599 942 189
807 663 69
486 83 972
592 699 934
451 378 39
710 259 650
316 443 745
443 520 743
434 23 257
859 514 879
797 674 95
647 57 815
495 542 517
769 695 443
132 160 935
213 870 781
27 200 18
181 642 299
143 637 6
327 72 971
417 868 591
464 92 3
188 586 426
541 369 451
608 63 442
615 275 396
880 301 407
164 44 606
952 186 337
340 74 394
787 491 328
923 516 329
677 703 817
534 258 410
101 866 99
813 57 218
423 936 121
342 114 199
902 627 546
128 966 420
958 768 402
248 267 587
613 943 789
579 491 228
476 154 995
434 966 376
667 950 503
762 306 393
462 222 345
347 897 67
306 869 179
864 131 327
405 744 809
210 884 107
820 374 22
324 370 292
432 51 16
489 374 954
222 835 5
143 743 211
44 611 317
275 489 649
771 894 889
787 665 853
855 499 653
91 385 37
292 816 574
19 866 32
599 649 313
854 353 611
581 397 48
192 671 321
481 18 721
636 804 36
143 235 196
571 325 845
929 178 62
353 744 998
696 357 748
889 225 306
401 368 89
85 559 924
695 601 193
776 799 2
536 941 863
903 88 743
123 32 987
704 931 260
728 641 867
963 106 163
565 68 712
563 152 478
793 847 460
55 637 548
668 734 594
531 651 953
280 335 311
206 601 241
876 890 127
479 867 632
853 446 72
610 570 788
487 377 454
526 432 142
379 661 887
734 206 885
738 485 331
774 253 936
316 143 401
937 183 824
241 50 512
597 221 551
119 269 218
50 357 56
178 297 66
55 45 464
691 344 990
676 132 632
277 448 1
329 946 963
262 748 385
203 359 977
714 40 866
178 89 862
620 813 513
737 867 764
75 572 919
7 810 938
628 101 412
516 976 467
585 252 440
266 17 400
168 292 784
885 469 749
426 103 437
810 839 85
800 476 579
148 44 248
175 671 380
211 748 375
755 348 408
76 613 639
740 342 322
21 241 970
374 666 694
117 52 560
727 413 382
47 561 150
614 297 847
405 70 475
624 386 699
656 461 903
267 762 65
168 782 400
100 718 123
680 834 744
676 137 84
162 183 4
238 358 497
985 762 623
71 400 848
51 618 315
643 446 72
592 175 605
782 274 312
214 954 333
244 206 751
687 368 794
267 167 411
691 713 983
198 783 234
638 833 573
552 53 638
790 644 103
387 2 288
153 215 888
862 21 814
723 707 798
328 536 989
728 241 587
467 438 416
168 637 824
47 751 768
810 117 256
324 503 393
658 218 299
961 94 719
484 378 736
921 705 56
101 10 528
432 38 70
123 205 939
208 799 744
345 623 260
687 508 93
484 727 905
58 702 380
198 747 918
498 244 14
895 345 728
547 776 98
199 460 4
49 667 372
102 573 191
818 275 563
67 320 480
518 377 828
78 575 70
562 634 353
765 106 667
540 214 950
899 959 616
477 22 138
854 670 337
429 503 766
74 569 521
445 102 899
94 726 620
928 302 771
583 628 406
581 729 756
917 642 540
728 134 46
767 549 371
393 977 125
841 612 400
623 618 101
343 712 311
200 216 299
690 798 727
847 941 377
232 872 644
138 614 882
66 942 815
663 897 633
777 752 252
36 936 149
929 840 505
576 54 741
525 743 560
663 166 630
544 945 252
629 97 392
300 162 541
81 386 682
401 177 933
347 760 870
910 703 39
762 293 413
282 379 112
708 603 543
543 709 164
811 352 810
269 214 584
669 294 206
980 256 98
619 602 714
208 89 451
199 850 675
681 146 686
44 853 560
558 957 323
46 782 970
178 613 733
471 296 778
711 291 739
690 471 865
443 679 658
460 877 622
332 134 849
144 724 899
558 297 752
696 342 309
747 519 16
464 551 413
36 824 478
849 90 199
841 95 444
920 554 252
864 447 387
514 152 960
32 710 866
69 967 268
449 728 678
456 206 329
758 788 129
913 214 823
553 69 477
433 3 893
751 428 96
217 942 773
953 535 834
454 603 250
843 613 342
327 630 194
362 950 583
235 439 896
198 553 349
801 985 304
973 312 733
169 528 134
501 495 109
119 510 408
265 914 693
153 256 977
246 617 26
250 852 21
906 611 808
206 426 182
56 414 98
334 144 942
567 644 674
897 324 510
845 588 719
967 740 329
295 547 372
26 796 273
741 278 910
586 484 56
867 539 306
37 872 404
280 16 474
33 912 997
843 333 926
158 861 602
713 171 570
899 743 412
514 60 25
738 645 108
950 89 668
590 672 87
920 951 497
908 546 710
781 950 135
256 122 110
579 834 965
463 309 77
705 822 819
239 575 293
803 101 386
920 691 899
48 625 70
614 110 627
231 890 376
180 708 739
4 301 44
546 326 662
297 45 571
655 830 327
235 209 337
887 690 259
241 738 144
545 366 168
956 158 679
893 337 603
513 888 189
966 448 61
304 306 927
464 523 163
322 757 876
719 658 85
382 898 877
232 19 100
191 536 814
55 443 803
187 517 175
182 497 247
502 363 799
975 388 946
307 710 332
832 5 695
624 386 284
605 180 818
76 370 273
690 971 378
217 173 869
193 901 143
616 965 860
359 954 294
625 276 420
661 669 574
917 307 367
101 474 941
835 549 815
572 800 21
314 578 160
573 770 772
452 400 566
693 759 172
336 945 399
251 620 122
716 114 779
582 761 597
189 610 27
604 196 884
566 72 616
262 206 751
858 657 237
11 364 522
664 261 551
607 511 8
233 789 586
713 385 273
681 574 182
213 739 289
653 866 972
138 142 747
940 14 460
719 571 618
270 249 219
766 855 681
20 650 931
810 377 631
937 620 776
250 394 181
743 61 866
870 198 342
763 700 732
328 433 955
802 702 828
5 44 455
813 63 604
438 434 757
10 932 511
702 196 244
709 501 839
49 932 264
77 271 268
666 598 792
840 962 653
277 966 459
131 355 863
196 355 452
638 911 200
713 628 938
744 351 305
834 947 273
137 585 588
686 265 63
682 119 314
942 943 911
807 635 536
734 831 822
657 45 47
527 319 691
701 77 934
390 911 640
572 609 206
586 857 661
213 553 661
801 71 35
494 877 885
541 188 517
942 844 336
283 932 204
361 647 718
789 598 715
740 731 458
290 332 919
652 106 889
148 907 19
694 415 473
890 955 760
931 473 35
578 317 147
544 677 735
586 480 105
115 781 175
799 86 238
808 737 4
931 446 137
686 155 196
333 606 772
714 552 334
954 691 632
702 249 654
111 834 35
227 510 416
527 324 353
281 146 154
579 638 537
360 885 183
117 780 328
828 508 841
588 38 57
227 739 882
980 412 331
351 638 172
941 726 160
193 22 917
729 600 331
725 960 421
984 638 10
316 43 209
747 630 702
445 856 337
391 412 498
733 763 641
600 280 291
789 35 687
686 763 184
781 64 565
338 62 377
674 924 744
533 247 351
976 691 828
187 644 830
795 391 94
617 5 35
617 356 654
201 56 808
931 398 681
650 736 159
568 971 570
529 518 401
134 70 62
703 804 137
699 175 252
472 791 284
87 969 39
720 184 786
255 129 503
290 340 315
496 470 231
640 13 810
45 693 107
688 410 105
4 124 654
258 595 746
516 243 319
144 525 413
374 779 913
563 630 385
65 140 204
537 341 818
103 933 225
724 197 604
725 201 137
900 20 269
880 535 33
844 240 732
553 175 877
390 737 797
676 363 353
446 899 764
228 564 133
702 302 169
163 589 361
184 503 960
909 945 249
892 803 618
960 370 852
822 321 806
328 12 145
520 457 101
615 247 834
657 948 802
896 125 462
896 856 115
478 341 561
46 247 63
401 222 89
929 58 199
771 932 482
976 28 141
218 643 992
461 861 611
129 333 603
386 791 455
707 283 435
2 875 929
646 290 667
674 234 526
584 566 302
68 118 699
8 335 481
741 357 484
13 48 171
942 433 608
318 701 50
473 264 450
983 909 776
729 159 881
94 304 922
390 371 394
275 925 751
803 242 472
221 802 64
518 758 988
621 91 710
20 125 438
841 122 938
967 412 298
887 67 717
935 456 27
554 730 74
69 547 495
487 329 606
953 847 361
865 44 213
602 63 597
54 466 145
524 9 523
166 895 904
659 407 941
976 960 332
356 590 911
962 638 159
400 605 952
595 47 545
4 648 340
522 263 785
176 348 8
350 514 889
43 187 350
738 724 136
739 641 997
849 618 405
850 32 126
711 188 797
616 191 831
145 712 666
686 449 238
250 798 198
270 402 262
150 154 807
112 454 908
664 865 410
430 729 623
800 16 555
232 193 122
419 884 568
869 584 93
682 395 515
569 665 793
752 376 811
674 487 956
251 165 787
7 156 462
779 956 933
315 202 95
41 182 641
40 66 649
487 309 536
308 439 485
530 206 550
467 879 866
857 691 783
689 697 703
372 52 753
509 913 81
401 953 870
191 554 80
126 55 653
456 362 786
27 453 741
411 919 676
844 352 146
18 602 264
332 974 300
617 59 512
664 459 21
893 211 394
202 884 75
366 901 578
422 928 695
244 900 940
507 758 917
912 775 115
153 669 293
429 300 439
633 963 294
803 871 500
104 87 408
5 453 905
268 436 772
544 241 262
754 747 591
877 236 543
616 935 171
891 378 580
239 25 554
592 390 259
718 55 478
742 59 862
682 326 549
125 870 279
906 638 433
584 529 155
51 706 709
186 611 746
182 411 483
155 565 587
14 844 156
68 601 264
574 844 842
92 968 231
397 451 75
464 49 290
875 99 990
688 831 173
441 574 275
765 728 591
931 303 620
713 917 120
553 505 348
281 596 427
331 8 267
142 33 810
481 908 950
103 172 505
882 612 110
648 391 263
979 883 277
730 172 279
534 287 480
743 567 78
934 460 350
153 601 784
842 644 831
754 308 255
948 751 96
840 413 894
474 953 233
410 697 622
825 792 323
760 111 881
414 60 175
513 759 983
753 615 593
916 930 995
265 455 65
772 309 429
247 782 679
167 753 80
258 593 457
197 914 507
702 342 658
244 416 528
386 730 575
733 660 99
949 486 958
930 273 261
885 519 622
808 685 670
443 504 34
431 700 842
529 964 875
249 222 482
726 169 446
942 463 951
556 426 601
623 917 845
14 816 224
732 639 25
671 643 871
326 635 730
347 725 188
818 535 771
719 823 109
365 779 146
670 349 876
37 972 419
662 547 500
382 293 500
348 526 147
818 851 953
18 760 72
727 154 867
673 873 864
786 252 989
377 483 638
939 519 471
448 742 397
772 138 741
858 486 173
54 318 726
978 882 592
109 624 645
322 311 367
372 658 555
216 49 159
408 550 780
695 12 261
981 345 531
683 217 261
473 817 25
128 809 202
104 479 682
780 363 884
797 734 916
188 511 277
62 480 193
16 189 731
711 731 390
121 429 373
563 463 826
338 590 701
556 255 69
959 49 501
687 407 212
634 157 837
630 218 367
737 233 270
417 505 648
3 188 536
352 750 515
94 649 254
644 766 400
250 739 245
217 440 509
918 89 745
160 280 112
428 579 741
884 557 892
101 122 744
293 35 261
947 129 114
767 772 562
403 583 580
88 800 757
726 732 7
97 453 958
123 442 803
490 341 920
376 3 753
450 296 322
397 804 805
7 586 254
383 3 88
75 637 457
753 924 276
534 35 28
703 704 137
466 208 167
785 146 821
349 157 931
385 553 715
112 559 777
172 504 516
814 578 178
833 345 621
598 440 943
377 157 901
598 622 941
721 968 953
847 331 329
829 278 681
83 936 826
31 669 974
967 497 56
569 891 532
656 503 56
340 442 290
728 54 683
338 337 156
202 198 163
660 588 27
247 671 552
392 263 695
603 244 544
405 374 554
552 45 354
699 931 970
18 673 890
506 572 281
538 773 315
462 447 923
664 693 170
377 647 832
759 264 426
652 668 479
12 234 965
422 495 826
726 74 313
208 579 720
463 678 997
478 155 826
642 380 533
491 756 1
602 529 499
519 742 139
263 316 99
159 737 788
439 40 847
407 247 957
508 271 627
396 748 666
731 951 157
336 456 947
586 620 788
662 153 221
420 962 801
958 136 585
21 574 189
689 542 207
950 611 567
28 22 937
683 752 237
841 102 638
223 250 674
242 911 66
17 345 998
655 864 785
59 884 900
49 149 657
285 661 477
791 688 710
622 933 477
966 788 365
780 572 376
228 813 656
813 392 47
937 61 296
758 119 541
168 714 982
119 13 222
242 365 239
387 549 51
845 529 166
966 323 177
352 550 225
647 924 233
411 438 298
53 210 708
140 377 651
376 57 333
287 846 24
448 247 957
8 653 720
903 633 302
947 984 376
818 208 712
95 180 954
417 232 238
966 918 465
696 309 993
985 157 948
653 604 391
870 174 798
629 91 238
273 599 381
465 431 940
596 525 961
179 503 739
957 483 167
688 193 225
475 739 838
123 407 542
125 838 90
233 43 647
535 315 391
397 780 896
29 390 396
824 569 538
428 102 31
949 351 875
355 825 404
902 509 992
630 196 596
969 428 583
961 524 608
128 482 749
163 510 13
285 349 58
910 338 121
47 301 666
361 217 38
976 680 183
574 325 493
24 308 117
64 830 940
856 519 399
566 682 728
665 528 593
895 452 380
240 498 607
483 421 498
127 958 243
279 547 382
189 132 356
525 195 813
947 612 141
865 192 589
854 419 552
