924 2393 256
1 161 646
2 238 654
3 609 681
4 669 731
5 298 975
6 187 992
7 144 377
8 33 975
9 798 356
10 178 521
11 259 442
12 917 780
13 467 604
14 455 732
15 304 502
16 15 336
17 68 428
18 409 456
19 176 66
20 875 17
21 140 633
22 192 623
23 38 821
24 361 483
25 600 483
26 619 982
27 168 596
28 390 510
29 159 652
30 853 726
31 373 903
32 462 652
33 190 754
34 652 789
35 95 998
36 833 562
37 734 165
38 52 639
39 321 485
40 677 864
41 487 828
42 849 242
43 55 606
44 359 621
45 693 696
46 210 466
47 690 111
48 117 280
49 153 576
50 780 387
51 441 929
52 17 555
53 785 836
54 557 781
55 16 18
56 636 990
57 217 488
58 691 619
59 410 686
60 19 406
61 873 288
62 315 330
63 435 340
64 589 967
65 271 733
66 369 192
67 205 5
68 38 105
69 449 290
70 705 864
71 439 880
72 42 855
73 511 788
74 921 516
75 853 63
76 630 557
77 239 496
78 47 101
79 447 199
80 331 454
81 151 771
82 501 295
83 156 742
84 415 968
85 667 987
86 603 394
87 146 388
88 832 289
89 448 73
90 648 1000
91 839 429
92 713 837
93 369 147
94 821 111
95 465 355
96 140 980
97 922 912
98 42 253
99 253 377
100 752 388
101 187 754
102 173 285
103 610 28
104 61 669
105 904 728
106 504 587
107 133 576
108 43 433
109 122 64
110 847 771
111 162 811
112 278 895
113 702 375
114 767 727
115 311 70
116 22 170
117 560 246
118 826 669
119 269 378
120 373 77
121 665 356
122 603 613
123 704 789
124 829 357
125 120 292
126 487 622
127 814 228
128 896 823
129 619 367
130 617 57
131 868 14
132 34 963
133 827 31
134 283 236
135 356 319
136 880 865
137 143 678
138 889 958
139 278 874
140 282 670
141 157 793
142 211 618
143 144 510
144 172 974
145 456 693
146 299 16
147 38 960
148 438 669
149 267 313
150 572 750
151 447 919
152 714 657
153 620 443
154 506 765
155 544 632
156 366 184
157 168 428
158 281 795
159 294 944
160 609 517
161 776 503
162 684 46
163 774 214
164 290 804
165 450 321
166 734 860
167 923 519
168 557 538
169 733 834
170 126 980
171 461 88
172 587 240
173 139 667
174 475 804
175 855 507
176 253 950
177 137 204
178 595 470
179 205 60
180 98 646
181 356 179
182 622 322
183 425 374
184 507 362
185 387 513
186 585 24
187 196 208
188 547 466
189 650 1
190 302 836
191 251 942
192 822 867
193 561 132
194 833 914
195 912 314
196 27 275
197 372 416
198 233 892
199 437 159
200 105 348
201 907 946
202 279 974
203 9 337
204 512 26
205 458 61
206 774 548
207 898 351
208 631 850
209 698 455
210 371 377
211 80 674
212 564 963
213 581 304
214 782 582
215 606 459
216 913 837
217 188 651
218 766 908
219 627 601
220 849 28
221 697 498
222 404 366
223 904 694
224 740 34
225 184 330
226 898 619
227 119 117
228 249 796
229 404 490
230 789 234
231 528 657
232 210 703
233 115 231
234 442 997
235 400 247
236 437 196
237 140 304
238 842 296
239 25 129
240 793 848
241 838 442
242 466 813
243 375 750
244 728 330
245 815 336
246 399 539
247 440 336
248 205 2
249 195 555
250 830 102
251 549 726
252 765 248
253 717 210
254 803 377
255 410 223
256 20 148
257 49 41
258 812 927
259 734 919
260 736 733
261 278 875
262 579 949
263 814 567
264 342 480
265 501 299
266 677 625
267 585 230
268 349 405
269 731 767
270 650 481
271 434 357
272 536 6
273 690 939
274 440 243
275 573 891
276 195 166
277 457 301
278 638 679
279 628 63
280 430 692
281 297 91
282 789 737
283 232 541
284 330 462
285 435 627
286 714 648
287 259 921
288 421 436
289 743 288
290 519 419
291 647 5
292 776 647
293 558 49
294 61 877
295 79 835
296 460 176
297 669 236
298 328 948
299 532 757
300 13 435
301 711 703
302 906 70
303 123 439
304 65 186
305 798 183
306 792 608
307 832 540
308 695 197
309 204 283
310 721 51
311 781 992
312 190 745
313 116 841
314 500 355
315 250 453
316 221 332
317 771 575
318 77 481
319 601 258
320 830 90
321 720 622
322 66 683
323 413 656
324 163 100
325 126 655
326 430 407
327 215 79
328 507 226
329 212 195
330 508 869
331 591 73
332 28 153
333 467 305
334 865 659
335 242 299
336 152 353
337 540 797
338 200 432
339 48 266
340 639 742
341 321 737
342 616 919
343 299 650
344 860 86
345 276 75
346 502 842
347 247 858
348 838 145
349 170 979
350 851 723
351 621 255
352 907 900
353 291 814
354 723 855
355 80 917
356 508 352
357 577 95
358 6 820
359 392 765
360 457 940
361 843 563
362 605 338
363 100 127
364 874 933
365 369 989
366 675 85
367 875 433
368 760 645
369 375 18
370 575 678
371 66 446
372 385 587
373 352 2
374 130 636
375 326 662
376 483 956
377 616 355
378 405 995
379 217 127
380 55 937
381 227 933
382 645 357
383 922 356
384 413 316
385 109 852
386 357 659
387 217 725
388 353 541
389 202 2
390 384 843
391 599 102
392 306 239
393 100 443
394 77 641
395 137 512
396 897 35
397 396 950
398 535 513
399 629 95
400 300 30
401 546 172
402 908 947
403 8 284
404 867 325
405 813 14
406 735 651
407 723 317
408 313 274
409 359 826
410 674 31
411 57 843
412 853 484
413 336 159
414 845 448
415 21 176
416 313 551
417 412 220
418 405 595
419 627 335
420 164 491
421 204 790
422 78 166
423 546 734
424 359 568
425 315 705
426 10 247
427 751 14
428 359 42
429 396 79
430 197 777
431 494 670
432 519 953
433 801 175
434 860 96
435 801 523
436 94 912
437 68 79
438 541 770
439 557 867
440 593 371
441 543 287
442 778 821
443 72 52
444 66 176
445 26 703
446 880 87
447 308 630
448 36 316
449 4 643
450 223 368
451 65 997
452 879 476
453 483 355
454 745 239
455 5 934
456 522 848
457 88 283
458 452 871
459 122 882
460 622 167
461 776 701
462 201 11
463 122 996
464 338 837
465 202 89
466 924 802
467 413 482
468 398 511
469 908 874
470 546 113
471 627 415
472 532 26
473 513 979
474 409 382
475 108 646
476 776 499
477 679 152
478 113 28
479 284 187
480 921 785
481 83 420
482 287 711
483 410 216
484 461 793
485 437 674
486 377 896
487 684 864
488 389 136
489 39 873
490 901 406
491 899 64
492 565 569
493 800 765
494 528 715
495 199 164
496 179 577
497 56 789
498 307 189
499 684 212
500 853 445
501 385 886
502 796 677
503 749 316
504 412 295
505 129 329
506 469 59
507 676 957
508 755 663
509 781 574
510 245 376
511 878 580
512 332 673
513 424 591
514 469 76
515 18 841
516 840 390
517 238 563
518 82 179
519 42 878
520 385 66
521 418 877
522 272 653
523 497 102
524 716 610
525 456 44
526 405 765
527 455 288
528 413 343
529 910 297
530 134 383
531 813 289
532 865 567
533 755 190
534 649 80
535 511 273
536 502 976
537 34 621
538 633 686
539 407 296
540 879 102
541 455 631
542 342 314
543 631 302
544 860 148
545 246 425
546 615 790
547 113 655
548 720 915
549 572 804
550 734 263
551 549 491
552 622 578
553 156 570
554 647 538
555 749 262
556 495 204
557 36 504
558 261 810
559 201 524
560 354 458
561 260 840
562 575 12
563 594 955
564 310 689
565 810 271
566 399 834
567 890 893
568 91 225
569 422 378
570 678 327
571 875 400
572 62 530
573 619 750
574 188 411
575 53 353
576 336 924
577 580 466
578 219 389
579 816 564
580 489 530
581 646 380
582 671 947
583 56 126
584 727 733
585 107 284
586 259 493
587 723 292
588 502 289
589 177 417
590 771 17
591 301 270
592 76 312
593 628 578
594 204 859
595 821 129
596 292 327
597 188 103
598 225 131
599 332 796
600 255 434
601 39 626
602 30 466
603 369 651
604 714 662
605 756 157
606 774 188
607 278 970
608 548 217
609 679 551
610 496 40
611 51 463
612 654 890
613 821 990
614 16 496
615 901 587
616 201 216
617 320 558
618 313 832
619 297 138
620 769 980
621 198 523
622 255 776
623 80 18
624 452 94
625 161 67
626 869 951
627 346 850
628 449 798
629 548 212
630 6 976
631 270 926
632 535 713
633 896 575
634 813 396
635 485 741
636 855 62
637 811 893
638 229 810
639 59 181
640 720 831
641 699 388
642 889 480
643 334 973
644 822 429
645 413 275
646 476 38
647 568 299
648 343 739
649 5 999
650 342 641
651 423 860
652 243 706
653 453 891
654 271 663
655 683 770
656 265 22
657 266 977
658 113 747
659 178 482
660 551 190
661 372 930
662 343 12
663 184 681
664 550 805
665 451 884
666 673 122
667 699 147
668 255 495
669 458 45
670 273 812
671 127 353
672 209 676
673 302 38
674 62 335
675 331 596
676 140 979
677 709 102
678 714 105
679 239 739
680 617 813
681 306 705
682 170 717
683 352 464
684 767 593
685 485 72
686 560 27
687 648 941
688 538 457
689 626 475
690 39 848
691 746 666
692 730 946
693 192 167
694 34 254
695 858 662
696 650 879
697 87 704
698 315 570
699 779 158
700 782 379
701 269 269
702 485 4
703 721 810
704 477 890
705 692 955
706 914 705
707 225 267
708 115 92
709 774 404
710 841 691
711 794 114
712 481 784
713 921 516
714 853 688
715 25 218
716 650 253
717 662 175
718 744 751
719 304 420
720 876 620
721 807 433
722 580 347
723 656 678
724 58 837
725 842 838
726 747 851
727 75 447
728 202 472
729 170 690
730 843 986
731 835 928
732 22 448
733 314 846
734 102 790
735 593 542
736 225 991
737 914 436
738 117 377
739 574 830
740 685 547
741 143 91
742 733 970
743 346 382
744 285 203
745 135 951
746 245 681
747 770 130
748 152 684
749 563 678
750 773 944
751 303 585
752 242 544
753 412 975
754 9 837
755 528 485
756 83 823
757 736 483
758 424 817
759 360 584
760 667 638
761 446 263
762 74 763
763 249 798
764 906 719
765 15 622
766 578 45
767 362 300
768 604 282
769 254 508
770 830 781
771 841 205
772 63 920
773 339 746
774 340 903
775 265 810
776 728 214
777 65 562
778 73 465
779 563 774
780 659 537
781 344 549
782 889 305
783 208 520
784 90 473
785 252 56
786 313 724
787 904 856
788 351 298
789 857 82
790 88 282
791 307 444
792 443 963
793 229 823
794 219 419
795 565 314
796 439 696
797 266 887
798 224 61
799 502 290
800 5 137
801 305 785
802 916 956
803 228 206
804 133 945
805 567 157
806 358 530
807 572 72
808 780 308
809 387 975
810 662 843
811 488 384
812 10 501
813 574 241
814 297 379
815 542 93
816 440 226
817 153 79
818 661 221
819 309 138
820 541 923
821 90 742
822 360 245
823 769 648
824 72 59
825 750 981
826 717 261
827 444 790
828 137 985
829 491 673
830 239 912
831 269 230
832 490 345
833 181 670
834 337 593
835 95 81
836 899 452
837 846 671
838 380 987
839 86 599
840 917 643
841 719 298
842 679 294
843 43 367
844 790 821
845 319 993
846 177 155
847 778 574
848 79 882
849 427 64
850 518 402
851 828 693
852 237 318
853 363 901
854 512 384
855 603 700
856 354 782
857 745 632
858 171 140
859 458 57
860 856 36
861 137 396
862 898 622
863 769 40
864 20 564
865 3 329
866 325 599
867 565 521
868 652 87
869 253 571
870 910 624
871 274 199
872 789 323
873 906 831
874 878 179
875 531 773
876 750 287
877 913 107
878 653 137
879 771 412
880 564 601
881 744 16
882 675 465
883 525 466
884 847 309
885 172 725
886 704 362
887 247 688
888 536 105
889 599 145
890 203 109
891 833 553
892 868 437
893 747 656
894 650 805
895 339 625
896 438 510
897 713 956
898 78 881
899 126 229
900 621 161
901 833 825
902 738 227
903 40 205
904 379 734
905 373 318
906 839 970
907 146 590
908 174 880
909 449 331
910 557 663
911 648 794
912 20 652
913 257 850
914 280 522
915 558 424
916 675 382
917 836 556
918 616 112
919 373 291
920 585 813
921 188 687
922 98 181
923 816 540
924 296 520
630 852 534
813 921 58
784 714 907
139 167 984
575 841 717
486 401 324
897 309 966
94 589 925
592 687 457
20 494 517
819 659 964
557 548 853
774 867 194
160 542 56
103 652 953
47 213 405
606 646 969
308 275 697
196 866 855
877 421 904
5 316 175
444 408 622
416 717 952
177 876 697
105 54 280
409 560 301
649 701 870
273 84 832
485 280 873
920 232 974
923 696 5
197 215 148
478 167 812
238 343 255
538 907 460
566 851 143
802 575 979
759 383 287
66 868 638
698 863 193
827 861 116
347 594 722
734 607 864
913 844 87
119 918 93
762 559 540
576 436 478
167 730 229
765 795 488
254 568 814
898 471 758
849 353 495
90 163 350
882 611 625
168 730 666
820 103 104
475 679 239
241 381 940
849 221 38
16 474 110
41 907 128
2 367 96
557 456 866
330 873 249
482 116 850
168 472 128
871 22 226
622 722 474
637 182 158
63 657 619
52 697 697
511 699 563
398 791 235
444 656 927
176 213 79
173 380 782
272 787 927
586 484 993
355 196 206
805 718 407
803 769 407
320 355 317
202 289 279
76 268 346
359 443 143
757 615 686
238 422 728
664 83 507
884 898 667
362 778 244
36 656 997
866 511 755
83 713 615
553 324 442
291 682 188
705 50 702
110 287 112
762 487 642
512 446 471
454 807 52
190 378 708
230 780 134
160 862 246
379 490 926
400 316 803
400 96 605
89 666 463
200 503 9
854 550 531
556 540 289
572 265 691
319 30 142
576 189 311
158 103 828
523 39 40
645 438 439
353 526 712
348 262 586
828 651 568
366 742 379
711 389 559
45 243 160
618 819 232
204 512 447
739 110 893
666 290 110
689 179 151
448 526 776
710 429 682
133 795 636
95 117 392
781 621 307
572 314 865
87 53 960
629 791 221
745 533 450
838 757 252
69 280 793
20 525 378
158 657 592
113 287 372
456 143 760
578 250 249
130 337 149
193 501 991
365 322 463
823 235 59
74 763 787
311 319 287
512 476 424
119 588 630
306 579 761
649 693 30
841 822 966
161 91 71
271 915 532
914 813 162
460 423 113
286 269 159
637 316 686
256 434 329
161 739 479
669 923 147
503 375 197
208 535 291
414 805 297
477 330 370
311 790 408
907 151 908
433 323 895
434 578 312
558 739 882
796 483 364
803 521 710
707 729 420
701 678 780
221 231 958
554 541 363
845 59 781
480 491 500
430 460 293
813 553 143
546 884 458
737 762 970
378 544 998
553 320 260
145 77 990
66 630 998
776 551 452
248 106 806
503 72 801
876 884 413
598 42 120
339 314 422
601 228 865
666 316 93
21 460 753
530 525 510
655 376 828
834 160 910
119 662 353
783 149 468
151 283 137
403 621 75
28 757 990
196 499 653
220 519 845
320 125 225
126 315 805
17 225 364
474 803 105
78 198 322
102 348 804
166 286 712
80 313 17
681 509 67
214 728 121
666 584 169
718 709 560
682 261 744
341 271 878
198 348 763
203 909 811
26 151 844
469 690 581
281 447 941
127 196 16
492 861 559
52 654 431
851 872 460
486 288 554
460 485 769
166 223 574
220 248 456
560 253 137
288 533 311
520 196 278
555 223 234
710 274 756
648 201 295
383 222 918
848 217 731
273 383 53
146 602 41
165 237 757
413 60 569
644 579 896
145 670 506
43 455 920
594 638 48
628 557 281
25 480 850
367 288 868
468 433 793
356 133 174
32 546 589
700 725 980
640 405 361
801 907 995
772 576 960
19 279 68
412 764 224
557 666 195
160 209 908
824 564 816
337 131 409
834 831 997
521 82 858
877 418 224
759 726 852
818 744 738
46 691 801
213 323 419
207 18 995
630 378 923
726 714 957
438 623 371
875 679 60
788 167 178
223 1 347
694 819 614
520 400 909
644 612 783
46 354 753
121 60 314
295 321 991
135 294 22
806 244 384
629 567 791
870 790 235
912 559 29
774 614 240
862 794 795
348 839 537
312 35 76
193 789 876
784 924 49
149 341 593
192 45 363
402 451 936
149 438 163
713 287 780
289 224 293
475 108 416
551 419 846
686 148 507
677 7 2
38 155 758
102 806 482
732 744 704
304 892 474
894 680 700
709 504 348
394 55 847
917 141 301
546 363 376
40 115 414
917 152 732
746 713 418
620 521 261
479 824 848
776 329 503
896 113 875
775 506 701
761 34 925
705 116 919
333 155 910
890 608 649
214 429 730
343 584 866
291 139 345
206 450 977
336 881 245
506 731 91
730 567 928
171 808 307
897 676 734
350 177 209
415 850 841
268 728 465
181 94 135
913 759 972
125 631 733
373 212 411
663 18 206
523 648 769
37 620 476
626 506 444
438 920 406
215 263 777
115 903 523
149 891 489
632 91 531
148 923 523
855 662 164
740 260 435
504 756 198
483 458 419
634 431 98
711 645 612
128 295 530
562 443 548
826 611 642
797 758 409
515 224 234
710 499 101
628 78 316
241 96 613
820 266 200
469 52 620
841 639 339
266 276 489
118 178 395
59 510 141
459 100 784
132 809 235
64 512 556
748 288 280
40 643 497
223 648 612
127 564 459
321 829 502
33 22 287
816 541 992
508 535 491
883 667 595
833 266 442
397 89 878
56 129 24
904 351 979
415 13 706
565 333 735
527 826 964
201 717 388
849 300 63
667 258 925
834 627 722
123 99 475
160 154 443
840 133 177
318 547 650
360 648 846
302 250 311
265 450 735
305 834 610
415 577 424
267 22 58
844 144 772
586 764 141
452 679 365
669 72 55
434 891 670
67 268 63
526 69 225
776 373 794
862 323 966
741 589 983
322 44 639
1 630 810
293 617 224
717 361 507
759 330 70
525 857 997
539 458 901
79 769 169
913 242 919
474 58 19
57 379 247
703 839 76
728 207 948
43 459 393
813 754 58
626 354 790
707 892 251
855 47 824
912 35 821
366 44 19
869 560 121
31 338 956
742 601 958
221 179 549
521 68 430
227 693 623
324 475 542
879 406 764
354 853 82
530 294 814
764 238 589
913 728 399
52 81 403
781 302 826
121 358 525
674 584 569
196 444 604
146 398 233
601 287 625
627 352 698
696 192 176
400 640 951
442 227 804
621 543 33
54 664 30
14 873 206
666 145 701
869 750 62
549 426 816
157 588 135
59 359 38
198 759 997
600 736 967
159 892 906
479 21 713
697 34 817
570 236 841
886 180 382
211 265 852
746 421 683
708 479 690
398 212 812
726 812 95
817 46 647
526 525 643
434 757 609
750 862 112
751 359 107
572 569 827
819 390 600
266 633 770
535 106 218
174 832 245
84 260 302
886 321 478
321 290 802
249 115 479
876 401 561
754 49 461
897 403 994
536 668 647
189 738 808
54 447 827
730 67 670
64 28 890
845 348 903
71 596 174
617 83 542
138 373 94
222 345 681
696 416 984
878 604 694
701 658 324
432 923 618
417 62 574
263 907 537
393 513 117
638 205 775
820 802 619
125 100 179
753 331 702
201 744 662
846 520 275
89 487 785
783 904 847
580 702 289
260 630 561
536 344 845
891 239 351
233 823 242
840 188 512
477 388 455
254 769 582
684 393 369
653 251 188
683 830 929
691 626 494
751 237 57
551 663 863
689 896 6
462 811 165
565 823 676
487 613 232
465 372 508
465 100 475
904 318 704
196 84 85
117 370 86
842 457 480
416 681 239
813 219 541
9 783 88
516 806 892
403 806 579
683 806 583
289 785 748
260 56 68
393 172 749
762 549 341
405 41 842
20 389 844
440 398 210
299 449 43
306 388 628
685 146 981
699 894 641
566 689 536
517 157 512
374 454 976
686 859 440
291 414 965
578 853 362
720 688 306
742 529 85
646 289 502
890 523 735
535 625 488
694 677 196
561 126 594
53 348 864
44 638 245
424 752 277
737 547 48
111 824 153
795 545 169
237 511 680
111 581 432
210 350 844
466 447 18
711 499 941
890 78 158
554 502 513
146 774 215
426 420 659
770 291 823
478 527 337
245 173 897
636 843 335
316 844 217
121 630 519
733 131 680
594 684 17
283 829 891
513 790 606
183 635 600
858 189 374
654 893 15
107 141 9
833 456 904
617 112 645
435 380 743
330 509 146
263 327 778
45 840 688
246 98 730
734 31 722
823 685 343
621 791 727
797 235 366
432 387 629
692 357 456
158 686 60
307 24 251
357 68 594
272 774 99
821 119 886
631 17 346
873 174 24
327 46 606
236 14 660
716 705 704
187 399 769
166 705 225
472 597 312
229 868 637
84 301 799
429 7 524
70 415 473
37 741 6
238 52 731
361 767 940
840 29 726
616 654 586
416 202 299
284 890 254
920 509 830
751 13 100
598 542 758
618 578 882
219 351 133
294 711 843
149 162 115
402 778 65
895 269 238
597 88 579
243 84 540
188 834 356
600 43 374
501 196 319
219 874 446
447 243 764
518 391 626
152 792 151
440 299 267
465 895 935
916 213 494
491 861 743
74 72 557
199 572 56
902 326 949
567 773 968
18 366 402
555 517 626
481 493 224
212 33 198
30 24 99
855 50 811
661 584 82
45 782 21
88 295 863
540 861 91
775 879 844
473 45 292
38 526 148
825 737 649
194 302 76
236 692 970
674 428 685
723 472 298
880 95 777
438 634 269
768 21 835
75 493 156
822 530 29
214 890 73
562 159 574
5 855 377
422 604 576
498 863 727
892 818 885
192 791 702
352 634 794
3 708 266
622 605 39
378 818 40
406 915 467
271 920 769
367 877 404
426 451 158
492 878 403
188 145 1
517 32 394
403 34 73
780 191 34
299 104 71
706 45 186
808 315 101
840 217 489
552 642 35
661 669 684
664 856 916
532 909 648
570 387 417
850 242 380
347 76 211
662 782 688
503 665 30
799 581 615
123 668 16
358 404 313
545 603 740
877 671 648
776 776 182
244 701 960
827 124 371
126 321 104
853 823 681
46 233 517
380 815 16
892 248 39
224 793 990
411 281 516
119 132 363
212 375 955
83 738 974
30 399 546
293 327 152
297 832 244
877 288 15
276 715 498
539 14 82
480 884 330
167 538 241
165 750 936
863 832 793
297 397 23
50 690 17
162 522 452
41 11 295
735 286 561
753 824 266
638 839 150
804 541 859
636 705 280
379 180 372
395 476 504
809 61 485
625 682 995
809 259 549
355 69 514
152 357 634
421 71 544
650 410 465
29 581 53
156 496 320
651 890 535
155 775 300
347 11 413
133 819 119
393 710 136
475 397 960
456 817 26
811 79 663
783 107 112
72 722 363
463 909 504
866 599 614
865 481 357
621 614 535
172 82 148
715 556 404
226 87 921
732 434 551
718 752 449
825 823 950
499 362 722
603 763 972
92 703 185
516 399 354
371 106 379
10 820 423
506 582 821
434 849 118
900 642 482
84 79 260
449 577 477
339 255 667
362 807 833
866 858 36
135 764 745
410 310 449
776 815 106
304 784 94
726 295 427
51 378 865
658 826 122
703 700 52
585 598 270
242 539 780
297 674 171
457 619 888
49 470 686
682 773 837
779 110 891
590 160 648
18 818 58
483 132 841
279 252 26
876 493 93
483 789 450
854 322 124
609 830 889
715 588 917
679 902 327
14 567 950
185 585 47
258 143 94
567 881 110
548 833 926
604 391 579
409 780 164
832 1 777
336 251 876
613 5 906
75 478 644
616 663 252
127 920 907
692 98 659
121 646 779
43 325 398
753 270 685
860 177 881
408 513 375
544 661 300
657 735 601
412 886 279
288 88 687
306 316 72
276 436 757
155 478 834
884 766 807
544 701 743
665 185 587
111 264 903
22 920 369
411 407 935
537 694 998
195 535 301
411 811 657
347 41 990
144 460 232
210 539 896
453 279 760
279 850 51
306 407 26
138 353 681
396 890 914
278 620 689
10 106 959
178 453 207
820 596 478
843 342 160
178 794 431
158 608 720
860 913 326
174 127 851
354 58 924
763 795 231
319 805 549
225 518 281
167 413 612
568 331 349
584 45 586
414 662 910
629 597 574
326 306 948
836 659 966
387 34 328
94 352 632
366 113 238
166 739 134
97 843 905
830 502 445
507 451 162
328 615 810
138 476 64
69 388 954
58 310 395
842 403 779
581 768 711
374 469 453
580 102 131
192 7 256
768 49 258
621 377 912
606 50 840
897 118 243
459 636 396
513 553 883
919 669 250
49 579 779
842 234 432
628 885 558
452 728 94
261 884 302
685 101 403
660 74 49
558 68 556
765 116 548
911 111 712
901 619 934
435 536 51
530 240 615
171 227 774
320 487 337
382 707 466
32 902 223
720 535 562
195 836 877
682 822 947
450 798 538
335 768 45
450 373 304
64 79 218
402 399 749
238 316 807
635 347 881
181 603 563
714 797 306
903 91 288
737 540 461
266 410 253
331 859 797
630 459 300
232 860 558
320 633 873
186 804 999
494 60 337
413 774 90
238 288 156
425 100 599
482 366 56
382 232 875
654 861 725
541 628 28
826 23 120
38 209 523
521 238 403
677 650 376
706 424 319
825 848 826
95 405 139
699 786 302
773 52 267
841 592 306
844 30 169
91 67 661
142 123 14
712 800 88
667 581 243
909 18 766
786 112 119
105 346 904
114 194 919
520 570 167
630 489 852
298 580 198
634 257 909
283 44 616
118 246 760
376 230 849
94 551 833
676 655 414
195 305 172
226 360 829
848 525 766
111 358 101
828 527 357
280 346 640
67 923 325
435 835 82
819 4 736
391 679 779
769 409 511
876 170 550
628 93 555
869 663 692
301 567 679
449 382 824
640 909 270
612 419 908
349 773 207
637 700 285
655 544 46
49 495 111
726 198 648
76 603 506
708 903 236
18 888 746
133 139 2
246 751 412
730 635 232
292 347 591
69 537 254
714 585 96
604 847 946
587 922 920
769 705 766
128 258 193
329 850 192
514 172 438
653 437 12
641 728 3
403 332 891
245 121 484
116 261 386
645 383 799
852 227 768
574 815 969
718 679 931
541 269 922
650 457 202
470 173 625
172 112 477
410 356 505
769 7 821
126 188 424
401 115 170
456 224 648
304 18 603
78 94 35
23 744 59
400 749 908
581 920 819
169 865 750
797 710 148
762 371 959
649 307 454
758 762 45
758 602 630
512 679 48
70 238 87
84 637 407
271 293 714
105 921 546
754 794 91
486 631 734
404 815 624
897 648 826
226 17 715
495 64 517
394 133 858
112 677 939
578 23 735
111 588 372
49 417 57
691 438 611
316 842 457
248 350 468
477 575 293
383 606 180
43 535 517
401 647 65
471 760 731
833 871 686
728 455 679
492 681 856
882 73 177
702 780 799
242 792 413
722 250 650
341 752 613
553 228 331
517 698 266
40 143 428
149 870 418
211 898 975
711 855 535
663 169 370
41 410 9
454 667 166
83 543 5
247 632 89
593 224 2
775 263 536
438 872 358
556 158 227
890 404 753
372 143 97
169 643 374
757 632 876
206 251 487
870 33 370
834 626 293
572 12 988
451 449 139
736 540 776
534 505 756
723 412 254
155 116 68
917 408 316
36 613 294
618 95 966
907 4 15
496 575 706
343 562 115
137 373 714
88 443 127
903 241 886
8 855 418
220 847 377
135 419 282
300 572 488
37 555 435
396 586 126
765 4 95
195 140 51
625 687 573
635 202 765
592 209 372
665 888 470
682 98 584
851 397 904
650 894 150
452 825 263
365 665 934
375 396 301
298 96 139
198 730 908
339 857 157
870 134 656
859 815 74
343 741 702
398 2 859
83 913 559
813 354 860
158 264 875
566 97 670
272 295 723
180 169 919
296 574 28
835 508 778
84 850 746
654 783 827
728 865 752
703 289 997
878 446 656
60 87 133
725 359 351
267 74 723
665 369 676
273 739 975
694 823 261
468 88 787
242 815 1000
5 129 568
117 542 722
33 601 464
45 861 582
811 203 687
357 868 935
476 676 334
638 445 604
262 912 151
669 690 833
552 230 858
723 347 435
876 839 440
192 883 892
325 305 867
532 197 930
182 672 517
107 845 349
390 183 229
300 387 982
561 474 7
486 272 5
492 224 279
635 415 313
715 739 457
73 346 433
758 64 916
270 630 937
226 96 403
166 855 453
795 27 86
266 512 869
82 80 228
273 250 274
421 40 941
870 112 266
130 869 185
522 674 735
834 900 814
400 601 628
352 472 307
777 273 58
549 814 669
541 162 579
22 119 30
238 64 890
800 653 790
36 250 896
826 159 907
323 558 51
675 445 662
129 297 98
554 382 12
135 922 385
425 479 531
294 717 554
735 128 943
657 163 908
792 525 91
898 847 892
680 133 765
470 721 793
531 351 198
18 21 559
591 445 150
817 274 910
643 85 105
197 277 623
924 604 847
882 577 294
474 792 590
510 337 691
378 868 357
628 421 257
410 87 617
671 904 170
720 158 158
436 814 370
311 349 53
249 307 465
106 780 657
556 825 641
342 738 868
474 441 349
626 387 819
758 593 458
239 389 171
265 360 252
106 670 609
87 455 683
643 560 662
143 191 366
440 68 235
215 77 172
875 238 86
234 71 774
31 770 498
446 110 714
289 215 43
17 761 685
51 480 285
400 158 431
185 133 167
708 348 847
283 758 81
244 67 835
797 558 280
815 79 925
728 827 492
850 380 32
39 430 363
711 366 789
645 86 653
647 793 176
726 151 354
578 394 356
500 727 289
728 617 27
604 880 470
231 805 929
155 379 86
557 625 955
193 346 901
422 68 509
533 329 656
18 442 73
30 478 535
598 281 891
781 420 854
402 187 819
402 341 469
831 897 442
698 626 519
190 123 162
10 655 275
441 209 584
342 238 629
44 371 985
359 687 633
168 164 359
778 101 547
843 8 559
148 241 536
258 890 482
895 899 573
473 876 161
493 293 954
65 796 888
378 230 343
186 858 138
180 247 203
514 165 974
356 312 758
364 105 103
29 536 221
345 84 768
409 576 816
246 177 604
914 554 669
420 275 866
89 454 717
319 503 41
92 858 929
105 757 897
83 322 164
32 666 652
395 151 295
587 856 723
650 845 624
478 800 278
700 425 395
244 743 169
876 371 863
432 475 659
553 94 392
744 125 634
95 55 896
482 641 131
580 826 228
308 840 879
309 615 575
760 858 870
328 345 736
290 313 282
545 865 611
660 220 943
53 315 46
56 796 438
451 451 724
766 294 219
492 139 141
183 898 910
152 301 566
27 127 686
836 671 870
815 866 282
453 455 572
606 510 387
476 36 449
243 337 383
389 829 817
685 87 146
914 698 890
99 260 560
57 171 518
878 61 804
71 50 754
38 655 615
336 666 519
161 908 691
279 372 363
535 592 461
300 581 502
365 216 277
93 272 364
490 685 76
365 292 5
694 789 548
145 201 845
555 361 269
377 639 36
104 709 640
836 84 988
882 448 351
722 540 62
269 566 991
801 466 122
457 236 674
304 380 386
817 470 58
849 846 720
788 485 188
395 397 311
119 814 275
517 147 694
263 416 87
229 292 257
22 284 660
143 588 911
1 16 528
678 864 201
146 263 998
321 194 26
116 772 787
818 364 909
671 162 108
166 390 755
586 411 559
317 90 418
887 550 825
538 303 400
110 448 826
167 305 447
616 420 898
494 773 882
55 519 811
490 220 29
293 805 655
379 657 364
128 155 245
816 692 708
55 802 767
16 504 315
171 196 662
632 689 82
73 279 621
136 769 68
588 137 977
62 51 61
86 178 528
658 529 255
609 119 148
84 134 852
322 764 743
56 472 959
97 80 762
197 215 906
513 338 202
709 400 208
637 21 693
720 678 129
107 363 267
294 906 284
61 763 276
483 354 843
670 451 514
671 183 453
52 695 390
29 479 277
56 192 829
260 447 643
528 553 777
914 383 998
509 903 972
404 462 10
770 667 544
292 873 546
