92 218 2
1 81 368
2 9 564
3 6 55
4 40 128
5 5 687
6 59 862
7 8 396
8 73 139
9 45 329
10 58 936
11 16 379
12 27 479
13 51 342
14 92 476
15 11 85
16 53 711
17 77 361
18 83 702
19 79 806
20 53 647
21 45 615
22 92 656
23 66 196
24 26 187
25 89 551
26 34 632
27 38 301
28 42 256
29 74 10
30 47 408
31 50 367
32 31 602
33 55 745
34 11 493
35 38 835
36 59 394
37 29 350
38 82 811
39 25 547
40 9 773
41 86 822
42 72 379
43 90 218
44 66 115
45 11 68
46 11 24
47 54 345
48 82 512
49 49 632
50 44 342
51 63 846
52 76 267
53 15 489
54 81 443
55 67 425
56 60 484
57 27 971
58 38 720
59 8 199
60 43 470
61 18 709
62 66 403
63 81 823
64 34 845
65 54 621
66 30 272
67 74 273
68 11 364
69 65 615
70 75 796
71 76 726
72 47 638
73 68 493
74 73 588
75 31 543
76 41 309
77 63 902
78 67 7
79 16 977
80 87 530
81 21 389
82 41 767
83 25 691
84 38 774
85 90 640
86 25 49
87 9 199
88 30 765
89 51 394
90 48 86
91 61 760
92 78 891
50 92 250
65 88 452
82 17 840
71 59 853
69 4 626
14 64 546
34 20 96
11 44 139
9 91 576
69 35 321
7 84 480
36 4 616
48 34 52
83 52 254
91 28 289
84 82 964
61 63 356
57 74 511
51 82 370
34 6 692
42 12 675
89 88 450
92 83 547
7 73 766
72 20 150
49 11 3
88 72 77
3 76 706
54 74 635
11 15 152
2 4 500
24 92 927
49 40 885
4 86 213
61 66 468
42 22 571
12 57 770
45 8 161
6 61 882
89 71 860
32 72 415
79 3 730
69 91 421
89 2 539
90 11 688
17 52 509
87 12 613
44 56 60
24 9 712
77 45 586
40 77 725
58 11 507
64 28 30
16 24 543
2 21 813
53 78 989
33 72 424
18 64 195
61 87 359
61 20 904
90 59 276
47 65 678
5 76 37
2 39 589
41 41 193
89 1 22
45 34 998
12 91 537
74 7 151
13 67 722
76 65 109
83 19 725
48 63 356
41 13 718
57 53 702
41 49 699
11 2 864
92 53 162
12 35 4
58 87 103
72 70 395
40 8 605
32 55 239
47 43 383
8 47 875
50 88 880
40 46 737
63 45 517
84 56 119
59 61 549
61 80 62
23 27 285
3 6 248
86 92 986
88 48 441
51 5 156
10 44 153
10 54 133
62 45 280
57 51 96
45 20 952
51 42 658
23 85 588
38 78 447
56 73 306
28 31 514
75 80 769
35 89 990
27 59 634
74 23 57
37 15 712
28 65 993
46 36 505
17 73 838
79 76 727
5 11 341
66 33 969
27 15 641
40 41 579
46 22 253
10 7 860
73 34 812
85 27 99
90 43 264
27 70 995
37 74 734
