980 2930 131
1 751 285
2 846 247
3 108 976
4 176 704
5 536 988
6 701 962
7 648 305
8 655 355
9 20 629
10 816 596
11 452 920
12 776 147
13 123 414
14 439 454
15 974 990
16 124 396
17 786 569
18 182 793
19 297 829
20 769 304
21 568 781
22 605 235
23 45 231
24 802 276
25 360 717
26 432 11
27 556 719
28 370 551
29 544 800
30 824 829
31 742 179
32 604 767
33 259 217
34 612 995
35 466 112
36 710 213
37 212 915
38 440 977
39 765 741
40 624 4
41 69 475
42 127 445
43 606 228
44 627 29
45 627 702
46 858 168
47 740 433
48 107 978
49 590 198
50 725 47
51 441 326
52 431 552
53 940 410
54 80 737
55 302 484
56 192 311
57 930 810
58 167 855
59 137 453
60 724 416
61 434 93
62 475 385
63 405 221
64 514 526
65 470 390
66 392 430
67 36 183
68 734 307
69 864 213
70 195 798
71 688 839
72 860 358
73 28 566
74 212 37
75 10 447
76 252 875
77 859 738
78 939 416
79 631 324
80 601 432
81 206 513
82 354 781
83 7 547
84 539 342
85 91 186
86 531 159
87 444 950
88 436 23
89 607 79
90 939 236
91 906 862
92 382 416
93 412 72
94 543 262
95 136 124
96 333 461
97 328 906
98 733 386
99 944 383
100 527 915
101 348 218
102 5 591
103 639 940
104 434 386
105 410 24
106 53 247
107 78 787
108 443 189
109 98 845
110 550 605
111 320 494
112 877 307
113 892 9
114 152 555
115 244 771
116 81 311
117 80 245
118 554 858
119 676 219
120 155 258
121 854 920
122 744 831
123 946 518
124 439 915
125 363 820
126 600 34
127 214 936
128 501 65
129 297 384
130 151 40
131 654 144
132 302 845
133 620 955
134 623 628
135 185 649
136 725 119
137 460 388
138 9 977
139 846 320
140 792 620
141 759 411
142 233 804
143 78 345
144 420 346
145 709 543
146 85 234
147 126 439
148 439 425
149 565 133
150 232 270
151 333 936
152 808 53
153 616 688
154 389 581
155 587 920
156 32 498
157 762 204
158 813 380
159 321 873
160 385 981
161 975 462
162 734 452
163 180 644
164 36 996
165 576 280
166 665 261
167 547 652
168 873 242
169 632 693
170 814 698
171 785 725
172 907 646
173 281 200
174 577 533
175 12 454
176 953 838
177 755 726
178 429 166
179 222 516
180 21 849
181 207 778
182 49 714
183 501 421
184 107 472
185 526 833
186 390 430
187 109 716
188 895 189
189 75 452
190 313 338
191 777 585
192 547 171
193 163 815
194 808 384
195 763 200
196 352 829
197 837 341
198 894 110
199 493 553
200 661 578
201 265 102
202 367 293
203 690 434
204 914 436
205 97 258
206 174 493
207 683 300
208 595 505
209 867 702
210 248 501
211 573 471
212 789 582
213 171 575
214 111 276
215 199 623
216 853 863
217 165 212
218 7 894
219 825 692
220 789 881
221 490 454
222 813 144
223 26 387
224 208 572
225 20 887
226 864 44
227 377 104
228 345 520
229 698 667
230 535 156
231 550 999
232 530 366
233 950 229
234 739 206
235 780 939
236 886 221
237 833 810
238 784 498
239 316 363
240 921 987
241 769 844
242 251 958
243 647 7
244 189 977
245 374 975
246 584 315
247 605 854
248 960 535
249 822 290
250 540 353
251 588 178
252 386 620
253 487 289
254 469 535
255 504 889
256 461 604
257 384 903
258 913 383
259 630 741
260 871 935
261 167 194
262 269 392
263 607 280
264 518 480
265 289 369
266 545 796
267 826 110
268 488 885
269 290 236
270 459 753
271 537 939
272 409 560
273 802 621
274 294 103
275 462 4
276 777 780
277 658 637
278 571 596
279 616 800
280 208 484
281 489 612
282 951 66
283 853 398
284 970 822
285 434 720
286 127 110
287 691 635
288 81 204
289 47 667
290 286 968
291 710 342
292 460 219
293 298 622
294 147 245
295 462 594
296 160 590
297 277 710
298 455 629
299 588 957
300 462 741
301 216 728
302 182 686
303 294 574
304 589 321
305 940 194
306 20 262
307 127 739
308 380 216
309 681 998
310 660 782
311 51 539
312 283 147
313 121 729
314 475 708
315 657 577
316 900 713
317 696 1
318 950 722
319 514 639
320 502 166
321 604 33
322 467 423
323 324 258
324 478 484
325 696 450
326 337 846
327 300 691
328 245 940
329 679 471
330 299 456
331 827 798
332 400 55
333 318 269
334 856 724
335 99 169
336 629 795
337 221 667
338 757 676
339 284 206
340 871 531
341 867 127
342 69 347
343 169 73
344 758 940
345 203 637
346 527 942
347 294 266
348 68 584
349 466 475
350 767 497
351 623 547
352 591 195
353 833 507
354 711 488
355 924 381
356 439 71
357 980 747
358 169 380
359 971 758
360 339 65
361 174 65
362 698 180
363 962 705
364 403 920
365 859 421
366 336 173
367 907 58
368 668 531
369 616 590
370 218 979
371 322 388
372 389 181
373 486 169
374 793 656
375 807 231
376 973 320
377 188 430
378 771 681
379 475 965
380 920 313
381 685 367
382 26 351
383 676 205
384 693 691
385 566 251
386 870 467
387 738 70
388 380 124
389 159 912
390 871 517
391 342 203
392 288 141
393 573 39
394 22 119
395 423 773
396 571 740
397 692 268
398 62 267
399 764 675
400 698 969
401 685 979
402 408 914
403 188 787
404 9 638
405 978 872
406 634 191
407 914 342
408 192 58
409 172 505
410 876 86
411 477 959
412 45 120
413 538 267
414 727 402
415 861 344
416 822 217
417 202 509
418 330 721
419 207 871
420 59 696
421 542 864
422 847 815
423 937 570
424 305 640
425 726 400
426 46 702
427 970 550
428 714 288
429 196 560
430 21 756
431 75 114
432 944 576
433 415 454
434 968 621
435 784 358
436 977 417
437 62 555
438 143 130
439 376 807
440 450 901
441 799 495
442 494 268
443 736 127
444 487 212
445 686 299
446 179 940
447 673 643
448 207 739
449 588 867
450 879 123
451 544 27
452 59 797
453 213 121
454 927 408
455 648 48
456 708 838
457 214 262
458 577 289
459 448 364
460 900 426
461 742 171
462 237 426
463 545 936
464 844 612
465 942 875
466 694 25
467 113 624
468 434 186
469 124 452
470 85 23
471 99 253
472 712 392
473 186 669
474 280 605
475 392 532
476 262 45
477 754 99
478 891 218
479 114 986
480 469 835
481 820 914
482 731 465
483 257 384
484 430 632
485 715 946
486 627 685
487 630 218
488 296 415
489 666 108
490 772 269
491 251 753
492 534 44
493 551 136
494 341 236
495 673 441
496 62 685
497 314 633
498 769 242
499 148 150
500 425 203
501 55 231
502 19 645
503 429 315
504 671 686
505 214 782
506 495 764
507 667 620
508 639 89
509 947 419
510 225 579
511 131 98
512 323 916
513 250 763
514 337 450
515 632 381
516 432 359
517 4 242
518 695 764
519 916 765
520 21 681
521 19 107
522 916 785
523 866 954
524 245 184
525 724 901
526 795 934
527 79 377
528 469 80
529 552 357
530 49 403
531 890 532
532 213 53
533 254 467
534 648 681
535 312 968
536 642 482
537 355 157
538 338 152
539 171 842
540 396 834
541 223 450
542 920 93
543 498 968
544 932 669
545 385 701
546 424 414
547 784 536
548 358 357
549 715 985
550 398 586
551 692 399
552 679 26
553 787 36
554 458 369
555 769 865
556 43 971
557 234 674
558 615 843
559 541 587
560 124 317
561 719 287
562 542 222
563 354 899
564 579 528
565 95 968
566 285 539
567 358 235
568 24 624
569 170 93
570 293 499
571 809 547
572 121 622
573 620 236
574 117 212
575 474 680
576 429 812
577 938 610
578 885 843
579 61 963
580 703 447
581 782 539
582 265 999
583 294 901
584 323 395
585 93 615
586 573 302
587 121 66
588 135 732
589 753 443
590 243 826
591 794 471
592 609 143
593 813 373
594 386 645
595 168 60
596 351 969
597 418 428
598 128 723
599 228 590
600 498 672
601 236 362
602 545 68
603 259 952
604 419 431
605 254 741
606 276 220
607 352 596
608 142 996
609 569 347
610 532 656
611 938 434
612 704 356
613 821 943
614 410 188
615 452 547
616 692 87
617 321 536
618 214 39
619 259 304
620 610 585
621 465 77
622 884 608
623 113 165
624 323 993
625 724 594
626 740 621
627 907 975
628 228 240
629 618 758
630 967 449
631 716 990
632 928 916
633 258 393
634 787 716
635 117 776
636 200 93
637 624 103
638 720 228
639 300 302
640 892 483
641 87 571
642 723 625
643 286 783
644 84 463
645 760 643
646 163 195
647 224 502
648 551 861
649 727 769
650 17 295
651 924 228
652 747 99
653 623 86
654 779 302
655 699 250
656 136 337
657 361 590
658 273 718
659 152 177
660 720 911
661 731 794
662 578 154
663 468 568
664 455 894
665 808 943
666 228 231
667 10 926
668 641 204
669 631 359
670 725 101
671 301 992
672 457 781
673 62 749
674 630 953
675 257 381
676 296 799
677 574 673
678 133 821
679 192 319
680 426 279
681 533 605
682 921 134
683 950 541
684 498 892
685 192 842
686 272 212
687 274 780
688 324 767
689 629 193
690 699 157
691 645 934
692 216 98
693 58 260
694 451 549
695 258 688
696 267 190
697 853 687
698 655 174
699 940 12
700 746 183
701 566 409
702 946 391
703 89 441
704 497 69
705 565 875
706 925 909
707 381 532
708 466 118
709 811 628
710 839 720
711 136 845
712 201 960
713 484 936
714 153 815
715 47 550
716 897 152
717 259 742
718 622 147
719 322 698
720 387 166
721 505 143
722 134 437
723 795 431
724 646 465
725 11 924
726 865 726
727 781 797
728 305 356
729 112 169
730 50 679
731 679 518
732 922 677
733 979 724
734 455 792
735 853 93
736 529 697
737 495 734
738 585 909
739 584 391
740 106 926
741 906 262
742 891 138
743 378 687
744 313 790
745 976 662
746 800 926
747 479 1
748 934 789
749 324 480
750 272 849
751 572 240
752 725 806
753 785 382
754 547 841
755 732 792
756 306 789
757 945 417
758 687 462
759 735 419
760 3 662
761 533 422
762 727 963
763 715 540
764 812 498
765 259 35
766 406 942
767 227 243
768 88 951
769 784 166
770 571 747
771 457 557
772 515 713
773 113 461
774 86 779
775 392 481
776 901 664
777 62 27
778 278 28
779 499 81
780 6 937
781 516 223
782 759 742
783 37 978
784 772 792
785 803 483
786 830 451
787 259 425
788 23 363
789 737 40
790 541 820
791 500 581
792 395 774
793 280 813
794 661 878
795 933 678
796 706 8
797 553 396
798 229 69
799 653 793
800 733 867
801 535 102
802 77 665
803 118 831
804 639 115
805 663 871
806 326 742
807 964 121
808 895 763
809 413 668
810 212 825
811 565 157
812 833 597
813 573 933
814 878 277
815 405 230
816 44 351
817 383 812
818 75 561
819 675 745
820 527 217
821 236 312
822 538 419
823 592 825
824 481 364
825 504 172
826 541 188
827 780 373
828 377 584
829 777 506
830 93 382
831 227 708
832 464 769
833 559 451
834 129 865
835 575 355
836 761 810
837 679 391
838 48 450
839 247 760
840 466 410
841 543 706
842 9 963
843 570 437
844 38 86
845 962 110
846 719 28
847 417 903
848 817 688
849 893 477
850 552 547
851 924 985
852 469 202
853 955 288
854 83 293
855 368 168
856 294 682
857 725 2
858 576 654
859 839 894
860 680 732
861 743 910
862 200 172
863 772 908
864 479 516
865 456 410
866 495 919
867 686 123
868 40 120
869 650 123
870 204 809
871 822 817
872 271 867
873 799 486
874 880 609
875 479 611
876 800 734
877 321 99
878 725 684
879 358 115
880 120 94
881 576 966
882 384 622
883 748 484
884 941 849
885 698 857
886 758 951
887 813 148
888 277 843
889 65 689
890 611 364
891 79 143
892 109 171
893 753 705
894 967 951
895 379 758
896 116 694
897 43 759
898 255 162
899 94 408
900 530 551
901 684 19
902 654 288
903 658 670
904 471 503
905 430 933
906 438 9
907 835 18
908 231 668
909 702 737
910 890 540
911 474 365
912 225 216
913 523 900
914 629 717
915 19 739
916 579 922
917 789 472
918 541 627
919 354 43
920 361 203
921 436 698
922 463 50
923 515 94
924 69 436
925 82 38
926 487 28
927 154 911
928 395 877
929 362 324
930 465 820
931 374 915
932 253 522
933 467 654
934 648 232
935 976 628
936 774 23
937 977 349
938 45 743
939 122 493
940 70 975
941 243 856
942 82 636
943 439 597
944 244 280
945 672 160
946 352 685
947 95 544
948 246 813
949 569 706
950 704 597
951 245 829
952 319 714
953 77 43
954 76 618
955 628 986
956 705 770
957 853 298
958 437 663
959 586 621
960 283 517
961 560 746
962 341 206
963 409 759
964 538 838
965 956 61
966 866 500
967 910 404
968 613 66
969 567 21
970 356 686
971 6 332
972 407 550
973 189 563
974 493 875
975 695 507
976 223 667
977 732 296
978 252 892
979 626 242
980 461 221
222 346 720
303 550 285
461 288 305
968 653 662
371 79 211
559 93 775
505 788 281
880 386 884
615 789 776
260 750 856
32 144 722
23 598 991
627 78 410
263 217 514
56 587 424
859 318 896
193 974 255
606 873 280
769 659 881
264 90 370
220 121 513
673 296 551
695 94 900
24 357 949
157 564 675
520 442 764
147 635 90
562 412 394
533 200 973
313 616 934
15 7 147
687 679 682
149 393 175
669 568 283
577 876 19
243 415 240
379 713 426
508 446 857
681 979 769
685 463 584
931 477 862
469 336 620
150 484 904
76 172 123
511 900 438
529 163 624
160 541 576
426 220 902
274 72 232
322 909 446
157 859 563
978 347 798
669 648 701
904 875 525
726 557 864
443 105 746
878 417 638
66 842 277
527 287 761
310 609 709
555 917 759
449 915 57
678 755 284
259 679 670
315 424 147
138 39 83
276 88 719
953 153 832
42 679 279
334 160 179
402 715 115
652 335 949
268 33 4
683 443 534
12 757 957
878 894 767
193 341 235
903 466 287
495 659 178
525 12 489
183 413 963
757 84 570
438 503 402
873 205 864
26 216 832
734 266 817
653 458 918
507 532 123
665 198 61
522 722 844
691 76 476
745 5 771
306 442 433
727 486 97
762 511 784
725 416 289
602 88 398
971 594 830
825 431 767
357 124 841
880 966 876
7 883 340
349 208 533
213 107 458
281 40 1000
564 765 116
285 538 275
462 680 9
343 524 11
422 52 754
242 103 80
289 109 302
341 609 341
5 821 247
155 121 939
814 836 543
81 140 932
416 602 671
516 116 586
66 537 89
871 930 671
530 391 511
243 883 379
316 887 59
342 61 351
712 47 686
714 127 58
577 542 159
139 229 226
376 446 675
664 337 344
74 38 166
724 281 128
22 596 115
292 109 287
834 821 293
252 706 600
789 455 833
119 593 354
544 969 819
678 652 335
914 878 333
711 621 465
259 795 72
845 258 752
511 264 92
224 515 690
215 323 476
899 441 768
832 156 208
231 6 532
117 919 409
869 801 701
245 79 787
216 95 77
448 758 920
671 153 706
772 367 788
347 437 380
667 289 707
974 671 92
125 787 582
305 828 343
278 92 853
64 308 228
412 907 105
871 597 777
36 541 195
655 887 191
886 573 119
293 719 149
684 843 968
338 320 555
640 597 726
192 812 905
971 244 491
547 286 280
123 322 960
369 148 6
900 54 891
890 346 469
419 201 623
58 538 762
372 349 938
777 693 642
662 683 245
624 402 370
203 524 723
322 893 91
500 964 556
270 873 121
758 463 933
280 520 223
274 891 331
863 840 815
304 673 550
140 316 991
110 519 266
704 840 218
466 511 93
281 780 306
593 709 708
126 9 620
348 434 890
90 316 301
525 620 53
814 911 989
676 192 739
81 896 558
531 381 509
963 814 480
308 426 589
268 703 809
747 222 902
308 312 157
709 8 568
801 973 379
381 668 310
479 900 437
589 450 850
229 433 103
648 892 20
948 179 183
276 97 164
37 405 295
266 133 94
285 105 406
235 486 925
377 136 565
433 724 894
194 952 358
616 772 910
636 739 960
530 187 777
493 375 601
920 640 85
373 97 929
951 331 826
235 859 162
419 464 845
225 657 89
462 445 372
763 252 282
263 781 628
839 293 663
839 232 894
295 757 242
683 727 85
729 133 83
82 552 26
158 928 115
358 409 99
349 344 702
403 606 402
490 464 66
124 474 990
550 768 266
243 622 4
267 522 776
322 603 499
839 761 66
53 138 187
843 639 770
904 61 775
765 702 330
91 978 35
780 547 974
417 941 75
780 228 517
295 701 811
666 559 451
831 764 581
729 626 219
818 550 351
684 486 252
33 728 289
159 679 707
72 267 748
607 66 847
835 513 87
837 198 197
468 200 940
540 929 766
270 918 727
60 622 224
551 806 972
212 965 662
418 56 209
737 814 614
455 820 358
721 677 587
870 316 367
649 27 587
74 296 664
352 355 725
136 77 803
799 288 227
180 858 674
808 766 220
674 241 731
71 133 667
798 22 534
896 671 560
942 896 315
925 268 501
702 555 370
456 373 209
42 704 726
967 532 372
898 225 344
669 447 376
135 416 18
221 483 560
180 444 415
587 541 14
519 414 580
528 869 84
977 82 188
474 220 99
585 138 135
260 806 653
896 112 889
725 332 911
396 664 307
810 422 739
816 940 284
547 488 744
651 484 345
478 957 816
836 714 673
742 145 350
114 212 514
54 936 697
477 351 460
515 333 821
113 320 281
428 866 560
631 536 515
87 33 223
742 40 408
707 781 413
648 67 964
701 120 432
258 596 22
629 130 206
290 394 997
62 821 623
473 623 870
387 709 575
429 623 186
509 501 487
581 168 185
36 41 464
427 298 292
341 98 973
738 387 247
475 600 99
97 92 274
558 630 762
72 231 436
758 739 968
416 491 356
292 526 168
135 125 45
878 465 854
771 222 713
229 696 252
659 944 736
732 522 677
686 745 947
281 674 657
681 261 867
116 552 245
875 839 869
951 736 113
144 678 886
856 78 834
208 737 577
935 640 690
331 345 747
110 778 580
626 478 733
805 745 684
529 639 602
529 609 130
13 752 239
698 628 177
423 7 745
112 113 216
473 595 1
599 704 590
571 502 599
803 478 735
758 178 813
420 706 933
141 870 596
539 739 515
187 182 293
571 293 665
767 765 660
479 536 575
140 126 68
278 100 357
332 857 334
196 448 571
820 740 180
235 299 399
582 485 412
934 228 444
419 166 240
650 796 195
604 935 592
384 384 163
640 867 592
246 234 479
556 73 659
908 459 369
866 60 785
177 166 652
912 584 537
451 405 144
678 180 710
49 563 833
652 223 951
455 468 524
705 195 188
563 122 539
43 159 738
8 487 783
199 418 338
708 41 62
203 718 882
633 918 216
465 741 70
488 215 777
591 920 964
91 654 105
49 849 656
66 856 322
401 226 252
490 105 332
832 308 461
525 940 878
780 576 451
430 83 417
698 826 256
181 916 682
918 964 710
833 201 477
406 753 282
397 263 367
428 266 226
500 790 217
510 589 172
280 190 747
416 888 112
644 240 159
697 329 722
466 181 594
262 739 207
435 155 601
561 735 486
318 254 447
34 763 347
326 214 257
24 782 656
547 597 155
25 313 564
618 930 536
431 363 394
169 797 741
321 530 555
586 847 648
812 881 603
799 378 868
147 401 861
382 947 837
28 143 181
3 760 250
159 362 872
224 683 681
444 23 690
570 609 828
950 592 608
132 562 257
811 708 169
312 109 455
408 137 329
141 139 808
650 449 190
694 825 384
554 440 286
115 30 734
522 979 878
2 282 359
838 112 787
267 575 815
793 155 303
482 295 814
101 116 234
82 809 958
745 534 78
451 648 499
916 342 517
13 343 790
652 352 833
190 770 508
816 583 2
599 236 496
672 488 591
365 570 512
55 486 937
184 936 205
342 44 198
650 56 172
259 859 383
283 68 353
730 884 887
351 654 314
418 497 441
601 33 162
612 87 508
480 270 115
844 763 718
873 584 546
264 14 604
7 297 384
671 46 347
937 549 500
762 966 8
922 738 400
976 521 987
383 21 548
877 36 583
587 909 606
352 192 760
975 350 876
838 40 813
756 148 221
347 909 299
434 23 636
554 18 449
912 552 969
559 448 104
293 206 404
459 557 688
638 704 337
285 561 409
957 489 436
370 7 437
748 441 499
55 166 488
863 97 559
863 807 178
747 120 64
862 730 760
189 387 223
846 823 836
866 951 944
53 492 102
149 411 262
419 618 879
706 500 235
564 535 934
42 453 853
705 334 302
116 523 40
79 540 294
906 425 876
261 477 8
602 778 338
404 216 207
674 922 7
889 657 761
254 698 925
718 574 198
931 690 620
702 920 231
315 845 87
202 125 624
581 726 981
391 301 8
817 975 489
915 55 38
567 308 775
671 45 821
129 147 230
260 848 929
931 334 105
217 535 349
132 288 114
824 678 15
752 514 281
772 449 795
469 35 194
36 706 330
176 834 856
177 113 163
117 215 248
901 584 634
829 715 681
654 559 78
628 482 32
900 273 252
94 894 146
727 929 991
576 276 336
723 452 801
585 568 967
104 488 570
158 488 585
498 161 695
536 789 556
259 708 360
430 954 145
787 852 333
718 448 800
805 342 71
177 927 778
744 202 377
913 359 864
969 29 705
603 716 265
870 974 824
582 575 177
206 381 221
911 270 580
910 247 461
533 423 379
570 186 581
419 271 699
754 259 119
118 34 214
574 903 367
758 656 533
86 862 154
418 792 923
217 873 529
358 425 124
596 167 969
208 737 691
179 510 170
177 628 803
891 373 497
617 302 613
90 540 646
95 957 929
369 194 261
738 551 418
701 318 824
21 526 560
592 704 841
593 880 20
627 790 713
583 579 94
367 820 693
32 914 730
792 302 135
313 211 17
562 83 754
977 256 631
168 19 346
848 611 666
348 257 507
220 11 237
545 378 36
278 561 761
139 373 335
345 837 637
121 570 792
366 566 767
157 733 605
802 600 827
519 947 235
198 338 325
454 883 414
702 332 147
882 622 451
688 966 939
705 258 28
956 623 893
634 931 445
330 905 876
636 595 855
370 792 92
266 266 386
692 967 429
698 40 950
248 728 787
786 604 956
85 579 859
777 232 181
393 713 917
608 368 732
114 889 483
786 326 760
683 37 246
912 886 758
933 305 277
112 262 440
527 346 38
737 142 541
70 686 553
306 314 252
157 427 872
800 384 737
879 239 966
117 322 703
526 274 48
682 537 289
461 84 807
970 972 140
882 61 86
374 519 871
537 675 997
608 646 613
176 697 751
761 965 192
424 510 237
543 363 674
923 823 809
669 964 852
861 865 985
606 410 123
816 946 997
624 573 795
968 748 571
418 681 275
341 276 16
690 818 718
595 912 172
583 753 767
866 633 691
230 258 200
264 245 897
973 40 949
367 28 148
457 597 460
683 938 587
590 799 576
859 413 68
142 167 220
388 52 524
670 434 361
229 697 657
57 689 56
457 75 523
776 683 160
796 537 509
262 298 807
698 176 431
237 317 837
528 704 580
471 393 293
823 773 802
439 1 102
94 457 637
909 253 31
360 220 560
748 481 237
126 350 485
896 738 121
24 285 617
335 755 661
928 597 806
561 55 946
882 301 383
450 381 615
853 740 454
812 507 486
240 784 288
824 851 925
897 874 322
693 380 296
205 327 265
490 59 179
776 941 151
690 410 351
856 434 290
261 265 828
298 657 771
685 652 253
2 568 758
735 432 218
110 789 276
234 298 735
565 245 47
367 934 848
550 961 522
339 241 978
939 539 806
361 395 138
634 548 797
123 302 49
820 564 257
36 949 226
442 685 903
808 72 668
907 621 489
308 131 169
278 89 899
903 602 966
372 255 293
409 377 555
49 369 750
477 556 438
222 17 503
364 976 94
612 902 266
12 382 956
480 811 697
811 733 258
556 277 244
20 685 412
614 733 980
115 229 575
413 602 283
415 138 798
640 901 672
505 912 425
652 563 35
60 393 659
69 120 435
332 140 511
296 905 583
475 40 963
382 452 877
304 38 874
222 677 974
365 353 17
889 176 819
263 236 984
673 456 123
380 940 882
770 255 167
913 729 78
607 282 349
903 586 186
508 959 34
33 343 806
469 251 513
640 665 500
223 509 376
905 888 735
899 678 989
817 762 469
774 388 751
354 463 116
951 142 66
264 175 568
81 795 750
225 454 294
605 828 914
612 753 342
426 823 439
646 811 140
614 604 759
36 129 173
43 99 255
28 514 329
507 746 115
256 142 729
821 746 856
915 377 620
88 954 254
766 619 924
397 405 59
567 592 7
220 635 657
14 814 42
134 341 319
68 748 1
608 589 938
16 675 507
327 762 440
481 699 431
464 267 595
375 833 386
413 224 272
550 237 318
523 522 90
414 590 337
446 369 57
243 384 811
569 711 644
41 211 642
131 826 648
777 220 773
54 633 836
946 354 445
15 48 926
556 461 747
712 78 636
781 321 151
543 61 561
87 253 823
480 383 861
160 179 732
672 385 796
579 350 709
875 516 569
561 91 341
159 954 379
954 754 971
477 469 623
709 707 776
172 206 210
764 517 521
595 360 445
231 939 606
371 833 321
559 565 383
532 724 776
430 849 262
952 345 650
554 74 936
561 397 113
951 332 830
843 926 209
967 328 439
612 699 964
924 429 708
346 132 123
873 561 492
194 684 668
135 258 213
630 818 301
655 940 792
64 802 770
964 940 677
843 571 927
726 666 88
345 31 499
688 76 892
71 269 235
930 556 504
55 357 474
555 31 353
559 246 367
660 230 606
936 244 29
255 141 954
2 485 117
860 344 292
623 566 92
918 668 167
641 722 804
354 448 114
179 178 280
805 837 861
410 793 944
738 219 844
904 220 620
120 251 396
391 874 661
254 963 788
521 623 989
164 149 269
969 327 66
60 151 503
360 712 607
75 622 305
910 545 36
270 664 298
277 226 983
697 631 325
957 171 180
957 486 668
425 627 846
223 686 376
705 218 919
323 292 800
159 374 676
214 795 311
823 91 348
346 787 879
830 763 421
281 892 427
708 336 713
633 558 910
860 434 879
971 756 563
722 914 156
38 299 630
168 142 380
828 487 418
6 488 533
486 769 64
624 648 279
408 453 949
878 332 222
888 322 410
210 64 815
885 253 474
546 572 387
145 419 185
835 576 192
327 234 292
862 857 152
752 285 264
220 334 707
274 393 49
103 603 144
169 659 668
382 225 579
888 521 930
224 375 597
876 853 650
639 734 867
70 506 663
933 877 948
320 170 600
180 424 534
255 593 553
734 146 637
804 206 869
313 429 964
550 476 508
191 287 862
689 356 359
643 461 947
930 932 497
782 283 472
407 689 336
539 442 562
67 265 239
116 730 199
691 451 635
158 641 541
511 502 68
541 164 480
468 266 483
716 67 125
407 625 605
15 184 886
748 402 603
706 517 684
264 227 726
450 537 378
922 219 859
770 760 183
401 247 648
964 134 206
828 540 390
705 706 105
870 473 987
624 350 255
279 614 522
536 235 350
454 177 248
872 118 927
626 518 685
493 501 18
578 501 750
460 225 215
524 266 680
162 62 29
317 492 814
850 48 669
939 501 837
418 544 34
505 190 91
161 682 844
931 432 416
280 891 60
486 586 717
337 748 638
538 84 562
371 933 509
591 63 209
7 480 872
672 156 681
875 469 635
598 419 586
973 850 628
744 507 513
780 844 932
50 401 435
791 923 599
599 534 773
79 692 205
102 384 820
315 430 360
229 47 138
726 191 959
305 934 686
469 885 701
401 934 33
567 896 495
838 666 460
190 744 764
174 18 439
466 332 928
245 712 74
595 609 644
813 913 49
710 401 653
470 801 799
782 540 694
209 397 200
168 586 875
143 912 592
501 397 735
308 793 938
313 407 786
508 392 258
808 121 571
861 591 303
39 544 242
264 752 338
23 92 716
830 234 227
673 887 395
848 366 579
905 679 566
743 358 17
360 186 969
682 218 419
825 256 455
526 519 218
624 694 169
479 543 775
417 387 473
751 254 838
69 331 648
926 245 546
214 756 283
603 458 160
753 302 975
467 827 125
257 622 458
137 120 552
251 688 999
423 458 884
133 679 146
520 776 570
285 10 766
387 764 303
858 536 836
604 175 902
869 431 896
18 567 475
842 970 275
92 564 984
575 696 182
713 388 490
942 672 219
947 231 42
581 108 729
516 864 735
450 752 925
25 921 524
851 782 305
405 873 740
569 620 668
582 352 735
391 465 838
361 584 260
114 184 160
403 852 863
37 321 846
254 345 566
209 215 280
305 772 984
964 360 563
663 113 866
749 504 111
527 36 414
838 150 77
277 704 288
579 740 300
956 165 304
142 525 831
261 829 802
424 965 553
379 799 265
684 568 780
626 266 668
19 123 617
728 400 60
327 150 731
247 126 908
662 419 112
464 679 353
885 274 17
9 652 827
226 508 814
117 153 519
44 324 554
120 71 373
71 549 894
914 795 611
941 629 441
512 112 959
236 169 205
772 329 388
299 554 375
544 671 980
903 714 263
556 6 5
760 228 493
285 161 380
88 121 968
308 785 791
379 40 299
723 964 100
62 434 753
889 977 95
888 71 441
230 778 406
774 709 753
886 166 214
137 253 46
844 712 10
7 110 162
317 4 165
956 66 198
189 954 426
243 33 17
183 262 226
280 207 75
605 264 160
110 401 444
715 416 15
297 422 185
898 739 860
654 714 725
691 74 210
48 317 942
456 651 535
662 931 641
748 707 457
19 816 9
522 550 264
756 18 718
272 915 316
772 588 861
508 450 755
370 498 91
111 953 13
266 786 575
778 553 881
726 571 496
94 264 818
30 192 855
387 463 770
654 406 429
654 86 31
728 455 648
290 565 352
503 2 370
817 932 422
858 829 725
885 923 368
482 124 719
97 510 314
778 183 659
86 836 536
976 736 450
555 45 695
259 699 508
748 688 531
961 717 220
765 621 934
5 123 937
415 219 946
308 16 980
759 253 547
314 401 402
476 955 339
70 233 17
949 152 364
800 133 260
499 69 553
444 73 355
360 488 225
937 947 932
716 877 256
654 363 876
196 838 791
86 79 55
674 47 687
970 18 459
849 668 447
673 131 372
619 642 951
783 598 849
286 485 726
42 159 820
197 506 877
479 591 647
14 284 933
832 273 323
802 294 330
688 138 593
951 757 694
721 559 932
610 17 636
547 58 706
846 406 191
174 885 133
560 70 197
164 73 801
918 874 206
380 733 964
952 704 780
357 444 230
360 225 246
848 923 83
513 940 321
684 133 397
616 844 718
4 180 970
797 117 963
902 496 495
317 619 290
336 976 946
86 355 310
3 222 165
806 735 624
358 590 917
794 377 392
471 533 631
220 349 308
14 422 455
540 739 314
790 246 929
655 331 935
896 334 617
100 311 383
396 820 424
824 633 520
135 275 572
606 646 732
365 659 854
619 218 604
664 179 409
552 5 852
947 73 177
735 324 819
429 719 98
712 562 410
543 697 176
907 474 661
790 10 179
943 628 928
178 312 199
487 35 935
298 153 447
594 59 251
372 487 969
969 370 223
390 913 699
237 11 84
577 800 333
747 915 252
306 112 803
44 598 970
919 67 982
885 812 161
347 203 239
528 343 289
290 884 533
748 140 543
23 868 754
135 634 668
46 940 240
421 3 229
830 93 136
563 150 487
203 496 102
634 195 76
454 484 172
206 403 211
120 425 911
833 559 744
501 605 343
432 45 258
132 874 422
727 456 931
326 811 739
279 616 813
726 89 377
97 294 479
740 565 204
290 417 234
473 89 118
768 520 714
237 652 287
778 550 875
641 47 637
19 477 812
723 223 392
931 319 205
410 78 201
465 519 77
98 164 558
488 931 529
921 187 220
420 136 822
374 776 820
462 794 317
185 689 91
976 639 609
252 220 139
92 684 237
500 934 352
17 441 122
206 533 860
217 952 636
930 497 731
710 958 237
138 314 965
768 309 643
736 712 103
106 955 898
975 475 911
46 491 963
200 848 416
539 85 907
34 186 16
305 895 673
693 204 99
637 971 627
391 879 871
213 4 325
871 150 419
653 348 62
876 547 781
803 105 445
701 291 283
116 747 57
489 459 141
499 115 623
665 657 761
867 870 397
892 912 118
562 584 925
723 631 291
904 453 428
340 326 618
942 441 944
631 101 642
523 599 28
405 436 744
338 322 245
274 233 76
511 947 852
116 841 534
418 916 539
825 276 124
542 389 304
177 191 105
270 865 623
477 290 838
513 779 620
589 72 644
597 734 330
208 21 91
601 439 706
619 435 973
134 977 174
918 325 716
822 595 741
496 91 222
454 755 920
885 516 583
720 132 976
370 491 729
32 263 779
609 54 553
634 187 21
67 124 126
974 117 860
634 613 602
735 86 449
634 142 644
756 861 615
784 402 917
4 433 379
642 214 892
734 847 579
147 85 94
712 78 191
63 864 843
636 618 240
4 424 1
39 351 121
53 306 283
861 309 927
800 950 112
791 856 810
141 22 546
595 885 684
185 119 667
387 754 716
826 758 399
426 796 2
58 21 147
92 881 916
711 852 437
562 663 912
584 955 65
689 569 669
872 753 639
110 311 873
118 156 522
548 733 229
349 943 961
456 54 282
43 764 625
579 498 827
11 101 874
595 789 802
256 833 507
34 114 477
718 231 305
199 931 637
628 299 299
248 906 925
901 948 440
446 547 957
804 709 989
157 475 730
79 882 214
905 916 107
233 653 830
697 24 780
914 651 958
264 70 216
648 971 763
140 588 741
128 411 709
217 720 436
418 950 237
471 46 104
637 278 909
206 975 172
857 80 474
827 495 423
722 315 5
584 454 492
317 581 415
757 949 646
692 386 635
681 856 240
604 513 289
352 870 735
275 747 214
848 593 81
663 334 555
619 89 780
183 557 360
157 334 989
22 197 746
8 877 142
39 501 986
347 24 755
802 451 933
507 470 477
859 152 250
393 771 71
532 953 327
424 281 432
284 454 469
529 461 377
650 499 909
455 17 973
302 970 443
894 497 144
271 527 796
132 920 458
234 623 622
893 218 54
904 653 47
132 202 939
541 23 969
469 630 425
421 931 395
975 16 443
39 286 649
386 570 920
675 803 35
936 715 704
801 791 917
967 94 418
917 634 52
385 123 101
21 695 671
627 690 399
749 880 56
570 437 245
481 131 740
187 238 866
263 58 56
839 196 482
788 132 815
759 668 317
532 688 312
102 335 593
972 255 304
168 976 240
84 477 562
803 815 539
581 97 928
16 935 423
677 894 666
164 673 273
600 224 372
903 477 6
87 469 673
150 788 668
801 871 616
754 694 551
944 446 527
211 613 814
805 310 827
550 625 971
134 244 346
558 319 975
335 405 255
367 707 242
395 679 884
70 453 569
712 416 514
471 779 127
184 603 888
942 325 612
565 458 967
562 187 265
208 522 802
322 888 880
395 454 90
359 524 642
187 407 130
613 877 128
519 232 762
886 346 346
69 910 856
475 643 662
372 851 123
825 344 263
24 739 396
53 269 491
687 607 98
908 239 94
927 909 998
568 966 283
686 54 624
433 529 366
214 900 188
669 744 992
51 919 722
866 143 910
397 1 828
486 908 639
319 26 467
688 594 553
270 451 506
913 883 646
391 268 237
718 108 80
409 158 110
10 196 713
31 744 585
811 249 153
849 719 598
967 427 683
91 848 105
249 781 719
934 343 187
711 80 334
402 641 424
32 802 851
936 833 754
860 815 934
864 683 484
894 821 402
688 912 970
933 180 162
251 133 344
969 15 703
663 417 935
818 600 57
188 707 681
453 738 635
138 622 557
541 687 617
543 394 720
564 346 19
385 749 864
548 737 490
942 571 978
17 560 437
45 747 635
905 371 453
619 508 746
187 69 112
575 763 585
895 346 623
413 730 943
368 449 731
338 562 322
875 730 841
204 774 140
390 850 970
182 488 618
899 674 918
190 269 920
27 335 297
209 899 858
311 287 946
321 776 319
74 822 209
387 45 374
618 587 144
87 768 503
216 839 9
413 48 629
544 74 83
40 434 741
569 896 819
414 389 454
145 462 976
605 20 172
858 637 678
153 724 298
916 111 776
696 524 575
744 239 929
146 431 514
446 19 570
357 585 178
890 729 11
437 353 911
29 382 367
358 687 702
627 774 533
754 489 128
929 252 758
349 549 368
202 166 167
951 522 451
128 432 891
71 868 695
861 68 588
479 578 714
973 224 279
597 978 587
896 926 970
453 294 510
441 647 596
599 618 397
361 897 720
851 967 540
37 19 379
584 498 916
838 490 152
208 258 509
895 173 266
176 625 351
6 237 277
153 835 966
669 367 243
941 389 821
272 425 260
650 29 277
778 38 278
149 245 795
649 311 659
266 487 923
176 644 12
884 796 738
250 636 905
512 748 753
912 39 978
503 841 518
439 790 735
188 938 611
194 758 382
372 43 720
347 370 783
710 273 870
927 522 377
683 205 25
676 137 55
265 791 495
862 250 964
668 589 613
718 935 302
251 326 944
270 824 945
104 553 878
885 500 59
342 354 84
546 49 772
940 465 382
367 498 543
430 185 884
755 75 198
28 325 143
324 747 699
8 850 171
945 755 2
596 268 96
299 813 556
442 924 713
395 310 730
750 892 695
713 666 569
630 845 85
44 188 611
434 196 281
245 160 667
858 755 794
845 225 38
53 818 101
705 385 831
874 154 542
400 38 199
980 819 103
905 862 551
595 316 838
307 712 137
925 741 564
830 758 200
567 810 170
248 686 206
238 579 499
291 151 988
29 150 166
763 226 879
705 973 474
842 299 177
159 396 990
534 245 7
305 812 488
66 231 793
211 620 651
661 910 813
168 110 143
493 44 780
852 749 632
697 610 683
426 920 598
895 473 874
313 930 845
540 15 667
472 226 466
154 58 487
967 226 928
121 870 892
480 741 280
4 610 929
806 207 329
195 121 393
808 433 674
425 144 989
271 615 246
737 768 943
455 906 420
283 46 490
154 678 382
925 681 571
193 658 289
533 852 469
518 679 173
451 123 536
551 394 702
48 302 970
431 756 855
362 210 853
31 363 390
745 307 802
935 652 419
656 356 542
344 873 340
769 344 715
356 66 980
558 114 953
699 696 120
765 77 410
49 260 64
10 24 363
651 130 234
141 785 61
482 301 534
674 89 29
8 596 534
39 325 647
371 195 14
630 132 351
119 180 850
123 190 893
737 12 402
42 305 19
682 786 859
387 631 799
435 790 374
701 828 991
99 370 265
193 20 108
363 290 668
944 564 389
568 320 72
321 361 136
859 63 474
717 601 424
815 56 54
681 908 693
871 26 943
427 370 922
115 884 743
134 847 767
342 434 706
865 755 499
561 633 853
366 522 653
649 356 280
894 56 267
7 98 965
621 525 34
274 791 178
216 924 596
874 437 830
872 321 336
250 53 780
822 418 21
186 239 209
586 152 716
84 310 534
588 930 278
482 375 408
431 591 943
246 484 919
647 375 111
974 776 304
954 769 673
626 955 291
654 712 563
890 795 884
395 403 846
424 56 720
111 486 250
45 883 906
263 550 392
953 543 208
868 668 908
221 466 794
791 139 145
