96 274 58
1 90 249
2 1 266
3 9 917
4 85 834
5 95 449
6 91 677
7 84 227
8 70 472
9 91 749
10 10 172
11 51 185
12 35 320
13 20 375
14 5 265
15 32 156
16 74 657
17 28 802
18 11 156
19 7 471
20 53 429
21 87 15
22 41 579
23 9 278
24 90 716
25 2 971
26 95 125
27 68 649
28 76 687
29 32 513
30 71 407
31 84 552
32 56 775
33 90 338
34 51 424
35 32 271
36 36 78
37 86 12
38 64 230
39 25 57
40 33 667
41 92 184
42 47 535
43 96 586
44 85 207
45 10 875
46 30 469
47 74 29
48 12 131
49 86 526
50 66 877
51 4 109
52 42 433
53 48 962
54 87 761
55 2 959
56 35 397
57 86 569
58 91 678
59 10 503
60 52 956
61 41 849
62 80 155
63 5 371
64 21 594
65 88 895
66 14 44
67 59 776
68 84 475
69 65 842
70 83 106
71 65 365
72 95 646
73 5 137
74 11 790
75 72 559
76 1 720
77 79 225
78 2 636
79 11 863
80 45 843
81 77 51
82 94 111
83 18 65
84 49 266
85 59 523
86 19 59
87 87 577
88 48 523
89 74 731
90 9 705
91 57 761
92 32 47
93 25 2
94 58 932
95 24 263
96 70 324
1 67 434
82 51 723
67 77 245
85 71 836
6 87 358
47 17 670
63 41 783
94 15 767
31 73 698
54 47 823
25 15 185
67 96 612
61 66 944
57 22 39
44 27 189
26 41 421
79 7 941
13 5 859
36 3 811
61 57 25
60 49 551
60 83 270
15 47 95
15 72 749
85 19 159
49 12 40
61 59 446
49 71 506
19 74 869
30 39 101
86 66 173
29 29 224
34 44 974
9 58 669
69 46 496
59 62 811
58 26 285
96 42 700
9 28 525
85 25 811
25 79 28
14 75 713
53 12 476
10 84 965
71 24 514
86 83 367
16 44 592
5 11 481
32 84 244
68 72 45
15 1 555
26 78 29
66 2 88
21 11 828
33 81 995
58 38 101
16 54 185
95 58 43
55 89 830
11 28 118
87 10 302
17 4 611
21 37 916
36 58 542
71 58 511
66 20 316
78 35 121
38 2 506
73 24 226
62 34 806
27 88 703
56 8 298
66 28 303
45 32 544
35 70 633
9 7 788
84 85 23
85 90 984
46 34 151
96 96 769
45 90 880
67 50 744
29 19 387
91 32 250
18 66 160
2 42 814
38 93 610
44 81 788
83 31 685
49 94 836
81 10 6
9 76 847
40 72 321
34 66 696
28 83 161
91 53 930
64 90 23
90 5 855
13 55 989
33 71 650
21 56 291
34 64 967
64 71 326
80 8 24
96 3 898
16 93 638
42 61 679
64 54 395
38 34 769
11 66 304
76 54 119
55 55 94
77 22 972
10 70 843
41 69 958
59 52 826
32 93 262
31 28 579
33 34 212
90 44 550
89 23 427
47 77 202
36 57 71
63 35 708
1 43 808
6 5 532
40 37 512
5 67 772
24 67 165
43 60 384
96 20 374
43 34 131
12 37 619
66 3 165
62 68 848
29 73 860
16 80 192
64 85 226
43 76 5
23 86 648
46 86 460
91 96 909
85 11 90
72 44 324
92 9 103
59 6 736
31 21 751
38 84 707
48 94 238
28 20 204
67 33 505
94 28 272
59 80 2
92 55 173
63 51 790
38 13 363
53 43 775
51 49 539
6 64 424
3 91 300
86 61 196
62 59 487
37 85 7
86 80 21
83 14 47
56 19 932
34 71 534
32 90 46
82 63 397
2 65 943
37 55 628
8 20 966
71 57 866
21 46 769
57 96 350
48 55 361
19 88 887
96 88 384
