901 1865 722
1 39 297
2 569 140
3 500 588
4 853 852
5 564 231
6 167 915
7 844 6
8 637 320
9 428 348
10 242 880
11 141 624
12 736 910
13 391 570
14 666 764
15 537 955
16 457 903
17 846 807
18 474 159
19 300 31
20 100 618
21 623 45
22 175 225
23 764 195
24 509 550
25 894 379
26 439 526
27 489 790
28 609 214
29 203 983
30 614 81
31 29 714
32 106 540
33 887 25
34 714 618
35 400 413
36 545 668
37 474 118
38 83 210
39 322 787
40 318 207
41 736 540
42 139 518
43 425 518
44 598 40
45 516 412
46 158 789
47 172 104
48 210 997
49 237 730
50 136 887
51 230 200
52 451 302
53 487 797
54 434 333
55 816 974
56 814 451
57 2 622
58 665 546
59 788 51
60 746 991
61 364 58
62 342 939
63 561 459
64 682 992
65 870 252
66 522 34
67 585 783
68 297 472
69 296 902
70 374 865
71 878 695
72 255 91
73 327 283
74 97 159
75 676 222
76 615 147
77 239 280
78 663 791
79 299 76
80 684 630
81 52 364
82 466 130
83 375 701
84 806 429
85 284 757
86 276 828
87 258 608
88 832 470
89 846 555
90 193 926
91 264 130
92 748 406
93 851 862
94 92 851
95 347 681
96 516 616
97 178 494
98 430 542
99 534 698
100 15 148
101 602 262
102 770 608
103 216 893
104 235 814
105 122 706
106 473 926
107 25 516
108 282 947
109 223 230
110 519 665
111 544 628
112 56 658
113 806 378
114 65 667
115 511 520
116 652 233
117 62 140
118 466 706
119 12 269
120 130 183
121 819 611
122 518 512
123 613 143
124 213 854
125 865 959
126 492 987
127 260 502
128 19 411
129 427 195
130 899 658
131 756 594
132 545 199
133 862 433
134 490 118
135 502 776
136 104 379
137 12 760
138 658 511
139 212 53
140 250 979
141 392 585
142 374 301
143 387 312
144 211 317
145 772 492
146 245 924
147 253 919
148 839 819
149 888 378
150 481 405
151 738 587
152 599 890
153 898 377
154 768 953
155 16 467
156 75 792
157 857 247
158 454 490
159 839 859
160 847 768
161 268 484
162 732 788
163 672 164
164 128 457
165 492 245
166 541 398
167 587 348
168 473 881
169 890 391
170 483 153
171 455 763
172 709 261
173 400 91
174 741 271
175 618 259
176 740 652
177 272 728
178 196 848
179 634 396
180 96 488
181 623 869
182 245 470
183 875 877
184 584 291
185 154 535
186 560 476
187 118 90
188 106 10
189 321 189
190 250 834
191 27 669
192 614 245
193 53 923
194 637 991
195 527 100
196 603 957
197 765 715
198 852 535
199 662 832
200 392 210
201 95 620
202 512 368
203 714 125
204 421 945
205 859 361
206 763 816
207 451 614
208 876 777
209 679 504
210 883 205
211 135 244
212 244 570
213 827 643
214 428 253
215 421 281
216 491 840
217 266 851
218 419 312
219 115 288
220 508 991
221 5 386
222 353 676
223 537 867
224 354 887
225 630 218
226 608 325
227 315 956
228 158 476
229 441 702
230 816 424
231 801 894
232 168 585
233 507 174
234 242 422
235 525 504
236 88 108
237 207 570
238 379 241
239 459 587
240 749 510
241 463 922
242 348 321
243 702 431
244 709 827
245 189 876
246 498 817
247 425 865
248 549 216
249 648 649
250 343 850
251 628 400
252 195 745
253 860 443
254 71 461
255 701 168
256 901 537
257 670 507
258 732 318
259 248 5
260 107 421
261 559 98
262 217 704
263 61 990
264 705 703
265 347 555
266 77 142
267 268 212
268 303 627
269 240 575
270 39 35
271 589 409
272 598 182
273 78 132
274 223 205
275 364 348
276 750 71
277 625 566
278 696 759
279 523 692
280 492 193
281 40 365
282 338 903
283 532 924
284 533 582
285 410 617
286 206 591
287 4 891
288 146 292
289 627 975
290 98 861
291 389 473
292 703 767
293 605 704
294 194 945
295 94 337
296 194 992
297 45 175
298 440 629
299 567 776
300 139 947
301 37 178
302 468 768
303 840 13
304 715 794
305 674 907
306 347 661
307 451 585
308 274 121
309 645 303
310 380 35
311 547 554
312 564 44
313 797 625
314 564 178
315 766 585
316 230 143
317 442 717
318 534 887
319 102 321
320 637 420
321 248 334
322 36 310
323 230 858
324 248 559
325 171 199
326 700 502
327 289 675
328 100 832
329 156 272
330 339 50
331 157 838
332 811 675
333 660 454
334 670 635
335 483 240
336 636 705
337 487 485
338 824 844
339 672 148
340 678 853
341 193 50
342 350 450
343 531 603
344 61 375
345 805 346
346 696 434
347 659 320
348 350 89
349 444 668
350 575 251
351 523 480
352 151 833
353 672 673
354 516 305
355 540 429
356 679 870
357 163 862
358 609 554
359 269 304
360 171 690
361 157 57
362 826 536
363 866 231
364 629 501
365 392 50
366 434 157
367 6 57
368 714 844
369 53 664
370 811 254
371 15 656
372 719 274
373 407 794
374 860 333
375 185 107
376 541 449
377 687 496
378 255 891
379 135 959
380 159 328
381 580 493
382 232 240
383 868 825
384 53 982
385 65 582
386 610 636
387 846 358
388 851 458
389 250 439
390 423 599
391 631 515
392 170 412
393 823 383
394 166 792
395 703 692
396 276 53
397 608 954
398 362 437
399 541 375
400 593 970
401 673 5
402 81 897
403 125 865
404 365 864
405 531 847
406 500 200
407 244 564
408 72 426
409 489 265
410 815 639
411 858 687
412 68 844
413 686 334
414 237 122
415 843 50
416 326 368
417 824 399
418 628 767
419 128 969
420 410 918
421 273 147
422 611 231
423 369 432
424 373 8
425 18 225
426 841 357
427 465 40
428 834 255
429 435 832
430 871 433
431 88 171
432 684 638
433 97 415
434 46 184
435 193 737
436 575 901
437 155 922
438 673 944
439 362 138
440 172 401
441 123 300
442 342 977
443 117 661
444 232 64
445 434 311
446 17 76
447 496 999
448 827 403
449 802 820
450 508 147
451 722 39
452 854 142
453 159 233
454 190 664
455 461 740
456 889 436
457 769 525
458 567 82
459 900 346
460 229 28
461 98 344
462 348 490
463 637 519
464 877 754
465 837 477
466 25 245
467 60 2
468 324 826
469 294 175
470 431 307
471 271 258
472 733 304
473 439 505
474 419 671
475 592 881
476 562 211
477 584 505
478 73 565
479 875 943
480 251 713
481 223 921
482 259 286
483 845 47
484 193 859
485 789 304
486 684 486
487 733 259
488 592 47
489 606 526
490 401 318
491 449 766
492 380 630
493 69 579
494 747 997
495 192 216
496 546 291
497 668 369
498 92 762
499 178 743
500 541 987
501 600 137
502 519 959
503 531 613
504 395 863
505 12 721
506 827 895
507 251 59
508 284 460
509 449 422
510 55 509
511 226 516
512 449 476
513 502 431
514 296 651
515 518 561
516 140 218
517 555 813
518 340 796
519 858 532
520 715 914
521 23 541
522 120 442
523 340 36
524 890 939
525 533 356
526 823 445
527 38 950
528 739 106
529 604 861
530 614 904
531 69 449
532 732 821
533 204 1
534 500 37
535 300 978
536 424 840
537 52 461
538 893 469
539 342 533
540 278 304
541 616 558
542 423 462
543 262 372
544 587 590
545 691 27
546 183 356
547 746 966
548 173 87
549 481 144
550 504 201
551 381 128
552 795 992
553 261 672
554 218 788
555 458 219
556 872 795
557 387 543
558 220 987
559 50 527
560 612 849
561 502 69
562 894 731
563 203 731
564 690 55
565 530 995
566 859 700
567 10 647
568 440 61
569 33 854
570 872 578
571 548 643
572 58 201
573 632 332
574 680 802
575 479 115
576 212 762
577 580 557
578 424 921
579 61 12
580 257 513
581 196 583
582 895 127
583 658 606
584 772 603
585 783 739
586 873 884
587 376 905
588 154 565
589 899 622
590 479 94
591 15 719
592 852 272
593 289 51
594 167 914
595 279 519
596 335 68
597 32 342
598 75 34
599 454 85
600 171 406
601 83 816
602 159 204
603 764 724
604 861 308
605 541 838
606 634 786
607 524 959
608 544 535
609 651 952
610 854 423
611 529 226
612 800 275
613 309 739
614 41 513
615 215 944
616 493 999
617 650 911
618 150 183
619 656 674
620 670 684
621 240 594
622 245 772
623 381 581
624 69 265
625 289 106
626 456 58
627 2 232
628 169 897
629 19 992
630 467 145
631 717 31
632 222 398
633 402 697
634 374 280
635 173 773
636 747 585
637 840 487
638 867 621
639 570 14
640 142 302
641 650 275
642 467 801
643 643 692
644 59 828
645 239 809
646 290 970
647 276 467
648 213 485
649 576 298
650 228 884
651 420 430
652 853 787
653 459 176
654 369 982
655 248 644
656 677 11
657 503 994
658 42 480
659 272 211
660 302 720
661 318 630
662 258 211
663 795 759
664 665 610
665 144 162
666 9 477
667 360 314
668 613 858
669 470 373
670 340 382
671 887 825
672 109 638
673 357 907
674 426 855
675 547 775
676 534 488
677 406 966
678 248 852
679 52 96
680 461 483
681 298 658
682 757 551
683 121 925
684 870 812
685 241 950
686 704 665
687 720 640
688 704 945
689 358 770
690 198 15
691 647 429
692 560 652
693 17 552
694 748 470
695 214 667
696 263 960
697 172 263
698 564 295
699 279 622
700 278 836
701 236 2
702 438 49
703 585 154
704 525 539
705 765 496
706 638 171
707 246 407
708 661 669
709 500 676
710 23 660
711 814 794
712 16 19
713 394 481
714 672 946
715 805 123
716 884 24
717 722 634
718 787 469
719 55 417
720 743 62
721 825 264
722 725 187
723 171 758
724 421 683
725 387 697
726 175 128
727 124 961
728 75 249
729 462 810
730 882 894
731 487 976
732 197 408
733 679 342
734 108 747
735 184 587
736 344 374
737 725 745
738 870 224
739 46 767
740 357 287
741 228 601
742 720 657
743 116 263
744 561 706
745 629 100
746 338 356
747 800 220
748 818 387
749 11 695
750 101 23
751 270 293
752 599 483
753 6 955
754 384 243
755 352 317
756 473 241
757 666 647
758 622 181
759 778 154
760 457 685
761 514 189
762 115 31
763 724 859
764 384 321
765 649 902
766 28 834
767 621 90
768 407 935
769 885 726
770 371 469
771 24 409
772 606 662
773 530 958
774 569 668
775 300 80
776 307 68
777 611 96
778 621 28
779 749 867
780 564 507
781 281 42
782 810 665
783 8 712
784 22 526
785 501 831
786 623 183
787 631 407
788 609 998
789 49 38
790 358 179
791 390 721
792 261 737
793 481 695
794 225 122
795 380 463
796 220 384
797 170 24
798 56 338
799 136 351
800 465 524
801 162 562
802 854 773
803 809 901
804 743 36
805 530 787
806 602 408
807 260 811
808 413 26
809 534 964
810 464 122
811 217 480
812 365 634
813 503 905
814 860 590
815 487 186
816 671 789
817 301 170
818 231 67
819 876 34
820 759 360
821 568 315
822 818 30
823 112 615
824 62 685
825 660 555
826 350 355
827 603 663
828 658 592
829 223 311
830 238 526
831 732 645
832 752 595
833 322 930
834 637 236
835 747 762
836 493 135
837 348 714
838 32 256
839 729 572
840 796 609
841 13 98
842 154 863
843 48 655
844 511 30
845 824 987
846 375 164
847 745 925
848 181 149
849 900 770
850 155 818
851 706 330
852 553 662
853 749 468
854 600 74
855 369 561
856 755 516
857 729 997
858 688 121
859 819 184
860 441 319
861 135 409
862 790 504
863 733 592
864 737 540
865 282 387
866 871 948
867 330 660
868 228 111
869 502 582
870 446 166
871 114 218
872 647 151
873 306 411
874 112 216
875 720 124
876 656 467
877 763 368
878 228 570
879 307 326
880 720 375
881 350 169
882 664 133
883 606 987
884 251 659
885 511 131
886 472 709
887 94 858
888 861 914
889 639 833
890 612 918
891 18 367
892 707 192
893 603 58
894 769 396
895 690 573
896 586 800
897 374 796
898 212 273
899 635 878
900 878 701
901 554 107
263 43 964
519 134 936
589 745 853
607 804 588
782 802 646
650 206 733
632 791 884
402 534 167
777 565 396
753 204 756
597 467 168
349 381 494
740 69 652
380 71 177
727 852 788
799 897 794
55 628 274
349 128 549
854 300 958
612 151 68
23 747 938
376 492 778
863 627 773
590 106 230
218 228 341
648 422 217
679 476 136
599 824 838
449 172 595
862 783 338
578 805 524
760 280 118
719 538 407
141 226 594
535 741 915
275 487 719
307 562 738
363 259 207
545 103 940
423 64 684
154 641 548
324 797 50
85 10 331
472 150 44
63 80 716
178 651 134
417 57 444
527 419 567
559 359 402
762 781 612
242 330 264
230 50 294
794 134 536
94 605 410
817 63 147
478 240 789
21 52 850
126 875 521
786 829 640
647 689 800
265 29 340
523 556 838
72 745 708
531 838 412
832 149 543
312 626 15
443 647 546
25 168 929
323 52 666
78 94 696
306 358 406
864 880 344
570 50 207
409 877 676
545 808 796
743 218 984
576 56 375
757 81 412
10 700 661
388 777 876
553 478 19
747 441 651
287 109 119
275 815 960
497 458 582
263 597 483
654 568 453
484 721 44
183 126 777
835 514 291
75 165 441
870 307 863
743 594 746
666 264 148
257 760 832
655 418 341
666 468 689
733 50 420
276 232 166
518 462 889
31 833 988
22 802 571
452 643 279
387 704 22
839 59 474
541 713 784
838 775 582
198 606 947
575 278 938
177 191 569
588 222 713
263 540 94
245 387 10
819 774 634
152 107 223
245 647 60
151 881 277
821 474 678
35 445 953
381 17 230
585 604 152
721 867 159
449 210 762
523 424 409
93 576 895
622 216 757
61 663 334
572 582 314
183 616 117
71 392 260
149 76 984
449 192 923
683 640 1000
700 559 845
589 651 480
882 371 82
316 728 730
630 695 709
813 877 965
837 46 436
876 195 689
618 39 141
325 117 181
538 817 523
878 801 152
287 177 290
209 492 997
495 220 604
759 429 86
132 661 449
798 635 924
34 649 662
362 72 526
429 6 924
449 279 264
516 862 146
51 169 676
611 664 485
64 818 941
393 48 809
460 242 52
722 275 302
417 33 833
526 758 643
550 602 929
771 216 874
267 267 857
254 877 958
758 39 238
789 728 661
876 584 311
93 404 580
858 216 607
794 742 221
131 687 648
647 556 41
223 218 40
868 472 289
671 625 745
390 810 195
156 784 737
461 876 646
436 229 584
443 121 779
603 549 154
463 591 622
242 813 734
584 175 463
298 241 645
654 630 571
529 182 49
691 642 836
651 473 232
223 311 421
833 12 398
328 474 91
675 112 372
338 91 803
770 388 987
24 437 515
87 65 398
329 755 299
843 801 797
684 123 850
42 54 30
848 678 632
443 451 753
247 185 728
225 53 196
443 373 255
687 756 98
211 480 814
376 719 696
409 501 680
752 542 248
502 489 552
726 327 863
159 573 617
584 797 277
496 636 487
240 421 817
652 632 315
313 403 521
170 208 18
150 355 873
480 857 189
586 681 704
242 235 140
379 819 653
865 710 876
218 48 675
326 95 152
310 704 605
714 873 829
114 121 729
353 600 983
475 285 574
627 823 255
748 598 752
764 858 613
811 175 92
80 797 638
575 205 416
571 315 417
170 725 378
123 176 192
329 651 116
610 673 12
522 816 495
54 74 897
592 884 1
880 63 679
658 33 540
238 603 810
87 772 506
56 290 851
20 14 35
269 20 113
736 541 223
295 892 371
107 582 430
698 858 428
877 10 516
62 248 650
760 631 658
380 686 621
472 705 168
314 369 578
224 500 401
345 190 443
540 297 612
421 390 704
56 365 708
625 426 38
290 581 111
727 59 656
849 531 512
380 240 852
832 760 981
319 203 99
697 139 101
755 856 340
166 10 494
190 30 454
154 320 31
451 442 432
225 686 509
703 164 648
649 391 609
194 709 319
225 801 147
552 655 875
70 820 282
249 405 237
853 558 388
533 404 393
569 628 224
530 429 400
731 474 148
185 63 218
139 287 406
231 838 322
881 303 670
333 551 157
111 799 524
208 728 881
746 692 883
464 320 393
345 446 263
617 631 825
93 769 529
369 99 475
398 375 2
38 103 307
82 213 492
683 717 642
479 858 837
1 420 937
248 161 943
68 173 814
246 265 868
711 29 604
507 426 248
2 760 80
46 841 42
285 18 167
350 496 553
205 496 717
677 140 764
693 207 193
735 749 516
644 855 196
48 461 552
420 759 255
894 200 163
680 485 449
579 230 695
434 435 81
104 507 702
836 595 821
839 428 262
502 467 907
194 811 229
312 329 582
585 322 920
193 397 87
423 371 428
842 804 74
558 304 314
710 238 794
464 472 679
65 72 484
521 266 166
536 874 970
101 854 681
470 145 988
718 865 760
295 805 551
603 758 76
813 863 803
716 425 924
145 786 602
41 406 89
143 337 936
276 438 397
127 303 339
671 119 209
387 711 702
303 709 898
819 621 554
67 732 138
687 877 263
478 313 188
226 455 493
848 126 110
817 549 607
30 615 774
404 101 39
77 700 123
804 618 42
591 684 589
198 767 795
591 343 791
784 865 446
413 811 730
479 727 322
847 152 211
126 853 507
114 325 408
811 228 342
19 214 815
563 412 397
477 398 42
100 577 190
473 89 74
368 567 145
812 810 741
365 34 719
18 444 132
370 354 228
736 372 208
280 330 210
293 203 200
341 302 14
352 170 495
570 538 104
9 745 96
501 208 948
42 225 347
205 891 766
595 725 246
298 103 377
708 692 304
11 131 170
494 780 772
461 448 488
93 457 343
832 56 899
98 394 958
412 599 632
772 589 613
603 886 365
763 693 986
521 703 871
877 592 856
501 448 718
59 540 250
360 767 896
265 865 375
393 672 817
511 543 449
453 541 480
794 699 822
628 615 675
286 590 52
723 486 151
707 841 75
542 597 273
433 861 691
410 352 27
84 863 47
346 414 996
593 306 602
324 329 520
757 11 271
276 733 627
242 538 426
144 476 12
812 7 635
235 416 605
626 499 256
659 240 849
627 833 100
96 255 994
475 408 458
840 683 643
185 321 969
370 464 687
251 671 44
90 4 414
578 629 613
423 683 90
681 409 675
640 801 189
324 671 307
17 609 784
740 793 769
199 262 689
429 512 168
666 898 248
713 872 955
655 393 689
232 470 92
641 208 470
700 531 694
266 845 388
207 683 824
171 881 133
598 409 974
190 470 334
82 281 816
899 331 379
597 562 520
703 598 338
104 397 529
780 58 200
856 264 345
526 434 283
151 427 702
286 12 645
715 93 526
510 90 660
698 83 786
453 785 576
713 285 572
900 460 80
128 414 531
643 335 397
831 485 366
525 167 957
689 881 65
529 787 701
95 583 552
223 431 5
345 540 586
258 538 340
229 665 950
462 704 944
822 633 805
102 553 156
295 637 682
876 264 197
646 656 80
191 274 554
224 618 605
837 876 113
108 203 982
88 60 203
106 277 763
5 379 11
366 673 945
707 647 440
32 689 509
236 879 585
871 498 946
242 731 813
151 234 969
120 321 945
188 724 488
888 124 613
635 489 628
118 295 302
766 623 982
563 859 923
30 828 131
115 168 190
470 615 792
424 130 238
734 614 120
419 600 594
483 631 816
614 748 818
491 8 444
452 868 126
688 897 769
520 110 626
181 877 160
372 399 354
883 231 408
316 649 438
168 230 453
212 844 749
243 730 119
600 578 70
309 364 538
846 883 766
342 162 973
452 533 424
88 811 767
338 522 841
583 690 556
557 297 594
674 540 256
799 535 524
890 843 672
76 183 830
569 524 539
136 75 590
101 459 221
593 796 902
832 774 580
697 726 718
801 499 836
734 396 26
342 682 117
611 757 527
860 424 231
370 559 742
708 55 61
352 43 946
221 874 484
174 670 829
721 569 27
5 698 252
120 436 924
177 145 877
416 103 932
574 769 709
203 576 631
894 26 168
271 543 160
422 113 811
398 833 770
267 234 939
829 353 195
270 529 561
467 340 867
483 13 650
750 512 853
774 801 696
236 170 79
572 592 287
71 385 685
436 651 107
598 876 282
293 244 976
133 107 713
372 886 429
478 735 865
556 3 785
352 536 431
393 206 341
240 573 992
18 108 114
326 101 311
382 393 154
66 525 870
387 292 38
719 770 71
58 721 599
196 171 788
801 860 150
195 495 847
270 512 649
392 233 846
784 615 985
519 680 977
657 165 338
176 280 68
725 634 20
673 225 889
859 422 753
42 12 956
699 282 476
254 69 773
514 248 831
562 163 921
233 819 813
493 390 934
621 511 501
865 282 298
71 537 756
137 875 567
697 672 73
263 322 740
359 231 878
168 792 993
53 420 954
102 12 149
123 28 650
173 289 759
447 359 910
242 495 956
345 587 745
729 850 924
577 307 691
672 475 382
326 527 973
798 24 802
451 443 936
318 615 97
763 457 821
239 698 862
292 141 877
413 265 343
251 841 680
319 8 421
574 630 487
348 526 690
429 75 667
835 689 270
24 550 444
473 788 298
812 476 396
836 284 812
205 832 283
484 249 392
29 219 779
100 566 749
491 390 451
423 621 533
68 644 107
466 512 80
661 719 761
393 654 542
389 858 49
621 737 324
861 161 749
828 260 648
113 750 823
373 568 208
420 635 603
710 496 830
887 256 748
33 44 587
661 432 393
318 448 845
224 407 363
644 631 433
125 139 448
896 511 74
782 326 932
707 135 818
243 417 324
498 746 902
801 506 659
457 823 229
848 442 357
499 185 820
408 606 367
760 600 448
777 777 947
825 879 971
467 221 303
661 114 1000
898 310 954
61 766 917
869 713 862
282 310 888
622 113 347
199 268 61
286 441 589
95 364 533
37 226 75
396 886 962
599 278 781
703 635 627
728 602 642
294 884 892
341 604 810
92 199 842
739 781 767
360 875 868
256 308 610
668 703 20
293 697 999
524 795 853
619 621 163
823 311 636
434 47 739
752 139 839
140 273 87
264 29 76
752 284 130
860 50 903
349 639 394
114 261 556
514 880 658
10 197 208
389 630 149
163 778 124
136 16 601
889 576 463
110 723 595
837 682 775
760 129 966
479 242 594
387 151 991
15 457 798
250 241 259
532 404 182
347 539 761
435 526 114
551 31 758
346 263 653
488 122 523
367 897 14
803 382 332
317 694 637
26 42 918
58 870 912
867 316 810
790 146 50
685 697 707
698 438 912
491 24 270
412 687 823
267 589 830
273 4 597
736 326 35
538 681 939
743 646 786
882 832 528
41 615 626
131 411 674
781 901 152
47 708 671
813 73 530
753 346 367
187 180 980
861 113 682
603 251 950
55 231 249
554 568 692
244 698 36
75 875 285
523 20 961
756 229 782
677 80 374
897 563 78
839 523 459
560 521 780
323 872 202
619 525 774
322 768 554
434 238 806
843 760 447
156 11 354
740 687 5
164 78 996
668 16 362
680 872 745
41 590 579
830 308 94
87 629 915
636 458 717
256 399 353
193 852 495
358 86 24
899 250 955
201 313 970
321 389 750
358 429 246
365 358 57
896 741 875
689 475 735
116 127 275
600 319 102
796 73 349
471 70 742
223 567 6
287 284 302
321 641 761
341 401 585
668 395 899
415 479 903
323 595 460
322 293 312
875 484 515
8 350 73
292 572 983
284 858 957
664 575 740
868 311 262
529 78 616
326 789 420
894 507 39
688 828 177
196 197 681
677 205 573
623 793 513
235 472 468
427 234 541
51 200 977
679 124 183
196 746 33
192 739 615
177 822 201
148 116 246
602 792 449
504 513 200
671 144 560
795 867 126
888 17 714
391 695 910
268 891 258
33 478 14
601 50 989
798 197 846
588 194 747
582 94 821
764 764 697
516 657 35
798 40 871
676 430 170
677 94 546
819 423 419
799 122 531
698 315 708
713 2 628
13 880 217
123 743 339
376 654 756
595 551 66
829 622 541
253 694 362
864 611 266
447 805 515
80 602 661
503 413 950
822 722 830
631 845 203
302 319 276
25 309 879
689 237 725
277 786 427
255 145 891
51 591 481
869 66 539
496 865 262
719 786 397
623 812 467
665 212 816
756 533 184
497 320 440
254 893 753
705 246 317
261 296 254
621 560 93
78 452 543
847 269 582
536 891 427
465 50 768
109 805 360
61 697 622
249 50 740
14 150 429
825 707 304
424 723 585
682 800 227
3 142 532
109 677 329
422 538 524
45 646 688
498 102 757
369 647 750
231 660 150
339 583 495
139 402 265
498 183 648
704 185 960
881 591 541
443 111 914
54 453 542
766 49 960
373 417 959
326 647 292
725 382 978
28 520 920
648 413 913
265 215 499
23 491 260
457 32 326
221 382 111
629 246 327
238 15 947
789 637 6
198 461 637
190 785 495
880 531 164
247 795 870
699 817 144
237 670 666
182 286 663
282 13 471
727 547 845
687 435 238
392 632 152
776 217 729
173 492 936
884 738 422
303 833 792
510 465 644
747 646 539
