929 454
1 925
2 921
3 -1
4 920
5 916
6 915
7 910
8 905
9 900
10 895
11 892
12 -1
13 884
14 880
15 879
16 873
17 866
18 862
19 857
20 852
21 850
22 848
23 842
24 840
25 835
26 828
27 823
28 818
29 809
30 803
31 797
32 788
33 781
34 772
35 767
36 758
37 749
38 747
39 738
40 735
41 732
42 729
43 724
44 716
45 714
46 -1
47 705
48 698
49 689
50 680
51 676
52 669
53 668
54 662
55 -1
56 655
57 649
58 641
59 637
60 632
61 629
62 622
63 613
64 607
65 604
66 596
67 592
68 589
69 584
70 580
71 578
72 573
73 564
74 557
75 554
76 546
77 538
78 533
79 532
80 524
81 523
82 514
83 -1
84 508
85 501
86 500
87 495
88 489
89 -1
90 485
91 482
92 479
93 471
94 466
95 462
96 461
97 454
98 446
99 442
100 433
101 430
102 423
103 422
104 421
105 419
106 417
107 414
108 411
109 -1
110 405
111 401
112 395
113 392
114 387
115 381
116 374
117 370
118 364
119 362
120 355
121 -1
122 349
123 -1
124 346
125 337
126 332
127 327
128 319
129 315
130 314
131 312
132 307
133 301
134 294
135 285
136 283
137 281
138 277
139 275
140 269
141 260
142 251
143 -1
144 247
145 245
146 237
147 234
148 227
149 220
150 216
151 215
152 207
153 200
154 191
155 187
156 181
157 178
158 175
159 -1
160 170
161 166
162 165
163 164
-1 -1
-1 -1
-1 -1
-1 167
-1 168
-1 169
-1 -1
171 172
-1 -1
173 174
-1 -1
-1 -1
-1 176
-1 177
-1 -1
-1 179
-1 180
-1 -1
182 186
183 184
-1 -1
-1 185
-1 -1
-1 -1
-1 188
-1 189
-1 190
-1 -1
-1 192
193 194
-1 -1
195 197
-1 196
-1 -1
198 199
-1 -1
-1 -1
-1 201
202 203
-1 -1
-1 204
205 206
-1 -1
-1 -1
208 212
209 211
-1 210
-1 -1
-1 -1
-1 213
-1 214
-1 -1
-1 -1
217 219
-1 218
-1 -1
-1 -1
221 225
222 224
-1 223
-1 -1
-1 -1
-1 226
-1 -1
228 232
229 231
-1 230
-1 -1
-1 -1
-1 233
-1 -1
235 236
-1 -1
-1 -1
-1 238
239 241
-1 240
-1 -1
242 243
-1 -1
-1 244
-1 -1
-1 246
-1 -1
248 249
-1 -1
-1 250
-1 -1
252 259
253 258
254 256
-1 255
-1 -1
-1 257
-1 -1
-1 -1
-1 -1
261 265
262 263
-1 -1
-1 264
-1 -1
266 267
-1 -1
-1 268
-1 -1
-1 270
271 272
-1 -1
-1 273
-1 274
-1 -1
-1 276
-1 -1
278 279
-1 -1
-1 280
-1 -1
-1 282
-1 -1
-1 284
-1 -1
286 289
287 288
-1 -1
-1 -1
290 291
-1 -1
-1 292
-1 293
-1 -1
295 296
-1 -1
297 300
298 299
-1 -1
-1 -1
-1 -1
302 304
-1 303
-1 -1
-1 305
-1 306
-1 -1
308 310
-1 309
-1 -1
-1 311
-1 -1
-1 313
-1 -1
-1 -1
-1 316
317 318
-1 -1
-1 -1
320 322
-1 321
-1 -1
323 324
-1 -1
-1 325
-1 326
-1 -1
328 330
-1 329
-1 -1
-1 331
-1 -1
333 334
-1 -1
-1 335
-1 336
-1 -1
-1 338
-1 339
340 341
-1 -1
342 345
343 344
-1 -1
-1 -1
-1 -1
-1 347
-1 348
-1 -1
350 353
351 352
-1 -1
-1 -1
-1 354
-1 -1
356 359
-1 357
-1 358
-1 -1
-1 360
-1 361
-1 -1
-1 363
-1 -1
365 367
-1 366
-1 -1
-1 368
-1 369
-1 -1
371 373
-1 372
-1 -1
-1 -1
375 377
-1 376
-1 -1
378 379
-1 -1
-1 380
-1 -1
382 383
-1 -1
384 385
-1 -1
-1 386
-1 -1
388 390
-1 389
-1 -1
-1 391
-1 -1
-1 393
-1 394
-1 -1
396 399
397 398
-1 -1
-1 -1
-1 400
-1 -1
402 403
-1 -1
-1 404
-1 -1
406 409
407 408
-1 -1
-1 -1
-1 410
-1 -1
-1 412
-1 413
-1 -1
415 416
-1 -1
-1 -1
-1 418
-1 -1
-1 420
-1 -1
-1 -1
-1 -1
424 425
-1 -1
426 428
-1 427
-1 -1
-1 429
-1 -1
431 432
-1 -1
-1 -1
434 441
435 440
436 439
437 438
-1 -1
-1 -1
-1 -1
-1 -1
-1 -1
443 444
-1 -1
-1 445
-1 -1
447 451
448 449
-1 -1
-1 450
-1 -1
452 453
-1 -1
-1 -1
455 457
-1 456
-1 -1
458 460
-1 459
-1 -1
-1 -1
-1 -1
463 464
-1 -1
-1 465
-1 -1
467 468
-1 -1
469 470
-1 -1
-1 -1
472 473
-1 -1
474 476
-1 475
-1 -1
477 478
-1 -1
-1 -1
-1 480
-1 481
-1 -1
-1 483
-1 484
-1 -1
-1 486
-1 487
-1 488
-1 -1
490 493
-1 491
-1 492
-1 -1
-1 494
-1 -1
496 497
-1 -1
-1 498
-1 499
-1 -1
-1 -1
-1 502
-1 503
504 506
-1 505
-1 -1
-1 507
-1 -1
509 511
-1 510
-1 -1
-1 512
-1 513
-1 -1
515 521
-1 516
517 520
518 519
-1 -1
-1 -1
-1 -1
-1 522
-1 -1
-1 -1
525 527
-1 526
-1 -1
528 531
-1 529
-1 530
-1 -1
-1 -1
-1 -1
534 537
-1 535
-1 536
-1 -1
-1 -1
-1 539
540 541
-1 -1
-1 542
-1 543
-1 544
-1 545
-1 -1
-1 547
548 550
-1 549
-1 -1
-1 551
552 553
-1 -1
-1 -1
-1 555
-1 556
-1 -1
558 560
-1 559
-1 -1
561 563
-1 562
-1 -1
-1 -1
-1 565
566 569
567 568
-1 -1
-1 -1
570 571
-1 -1
-1 572
-1 -1
574 576
-1 575
-1 -1
-1 577
-1 -1
-1 579
-1 -1
-1 581
-1 582
-1 583
-1 -1
585 587
-1 586
-1 -1
-1 588
-1 -1
-1 590
-1 591
-1 -1
-1 593
-1 594
-1 595
-1 -1
597 598
-1 -1
599 603
-1 600
601 602
-1 -1
-1 -1
-1 -1
-1 605
-1 606
-1 -1
608 611
-1 609
-1 610
-1 -1
-1 612
-1 -1
614 620
615 617
-1 616
-1 -1
-1 618
-1 619
-1 -1
-1 621
-1 -1
623 627
624 626
-1 625
-1 -1
-1 -1
-1 628
-1 -1
630 631
-1 -1
-1 -1
-1 633
-1 634
635 636
-1 -1
-1 -1
-1 638
639 640
-1 -1
-1 -1
642 645
-1 643
-1 644
-1 -1
646 647
-1 -1
-1 648
-1 -1
650 653
651 652
-1 -1
-1 -1
-1 654
-1 -1
656 659
657 658
-1 -1
-1 -1
660 661
-1 -1
-1 -1
663 666
-1 664
-1 665
-1 -1
-1 667
-1 -1
-1 -1
-1 670
671 673
-1 672
-1 -1
-1 674
-1 675
-1 -1
677 678
-1 -1
-1 679
-1 -1
-1 681
682 683
-1 -1
-1 684
685 688
-1 686
-1 687
-1 -1
-1 -1
690 694
691 693
-1 692
-1 -1
-1 -1
-1 695
696 697
-1 -1
-1 -1
699 703
700 701
-1 -1
-1 702
-1 -1
-1 704
-1 -1
706 707
-1 -1
708 713
709 711
-1 710
-1 -1
-1 712
-1 -1
-1 -1
-1 715
-1 -1
717 719
-1 718
-1 -1
720 722
-1 721
-1 -1
-1 723
-1 -1
725 726
-1 -1
727 728
-1 -1
-1 -1
-1 730
-1 731
-1 -1
-1 733
-1 734
-1 -1
736 737
-1 -1
-1 -1
739 741
-1 740
-1 -1
742 743
-1 -1
-1 744
-1 745
-1 746
-1 -1
-1 748
-1 -1
750 752
-1 751
-1 -1
753 755
-1 754
-1 -1
756 757
-1 -1
-1 -1
759 765
760 761
-1 -1
762 764
-1 763
-1 -1
-1 -1
-1 766
-1 -1
768 771
769 770
-1 -1
-1 -1
-1 -1
-1 773
774 780
775 776
-1 -1
777 779
-1 778
-1 -1
-1 -1
-1 -1
782 783
-1 -1
784 786
-1 785
-1 -1
-1 787
-1 -1
789 795
790 792
-1 791
-1 -1
-1 793
-1 794
-1 -1
-1 796
-1 -1
798 802
799 800
-1 -1
-1 801
-1 -1
-1 -1
-1 804
805 807
-1 806
-1 -1
-1 808
-1 -1
810 814
-1 811
-1 812
-1 813
-1 -1
815 817
-1 816
-1 -1
-1 -1
819 822
820 821
-1 -1
-1 -1
-1 -1
824 826
-1 825
-1 -1
-1 827
-1 -1
-1 829
-1 830
-1 831
832 833
-1 -1
-1 834
-1 -1
836 838
-1 837
-1 -1
-1 839
-1 -1
-1 841
-1 -1
843 845
-1 844
-1 -1
-1 846
-1 847
-1 -1
-1 849
-1 -1
-1 851
-1 -1
853 854
-1 -1
-1 855
-1 856
-1 -1
858 861
-1 859
-1 860
-1 -1
-1 -1
863 865
-1 864
-1 -1
-1 -1
867 868
-1 -1
869 871
-1 870
-1 -1
-1 872
-1 -1
874 877
-1 875
-1 876
-1 -1
-1 878
-1 -1
-1 -1
-1 881
882 883
-1 -1
-1 -1
885 887
-1 886
-1 -1
888 889
-1 -1
890 891
-1 -1
-1 -1
-1 893
-1 894
-1 -1
896 899
-1 897
-1 898
-1 -1
-1 -1
901 902
-1 -1
-1 903
-1 904
-1 -1
906 909
907 908
-1 -1
-1 -1
-1 -1
-1 911
912 913
-1 -1
-1 914
-1 -1
-1 -1
917 918
-1 -1
-1 919
-1 -1
-1 -1
922 924
-1 923
-1 -1
-1 -1
926 927
-1 -1
-1 928
-1 -1
