954 845
1 948
2 942
3 939
4 933
5 925
6 918
7 912
8 909
9 901
10 895
11 893
12 889
13 880
14 877
15 870
16 863
17 862
18 856
19 853
20 846
21 839
22 837
23 -1
24 833
25 824
26 822
27 815
28 810
29 805
30 796
31 795
32 793
33 787
34 780
35 772
36 763
37 757
38 749
39 -1
40 747
41 738
42 -1
43 732
44 730
45 729
46 728
47 725
48 723
49 722
50 714
51 -1
52 713
53 708
54 705
55 702
56 693
57 686
58 682
59 676
60 671
61 663
62 656
63 654
64 647
65 640
66 635
67 626
68 624
69 615
70 609
71 606
72 604
73 602
74 -1
75 599
76 598
77 591
78 587
79 580
80 574
81 570
82 566
83 557
84 -1
85 -1
86 548
87 544
88 536
89 531
90 -1
91 525
92 517
93 516
94 -1
95 510
96 507
97 498
98 494
99 486
100 480
101 473
102 467
103 458
104 -1
105 454
106 452
107 444
108 -1
109 441
110 433
111 428
112 425
113 422
114 413
115 409
116 406
117 -1
118 400
119 392
120 384
121 383
122 375
123 373
124 365
125 356
126 352
127 351
128 345
129 337
130 332
131 331
132 322
133 318
134 -1
135 312
136 304
137 299
138 -1
139 291
140 290
141 289
142 280
143 274
144 269
145 261
146 260
147 252
148 247
149 246
150 245
151 240
152 238
153 232
154 224
155 218
156 213
157 -1
158 210
159 206
160 -1
161 200
162 196
163 189
164 187
165 183
166 175
167 172
168 170
-1 169
-1 -1
-1 171
-1 -1
173 174
-1 -1
-1 -1
176 180
177 178
-1 -1
-1 179
-1 -1
-1 181
-1 182
-1 -1
184 185
-1 -1
-1 186
-1 -1
-1 188
-1 -1
190 195
191 194
-1 192
-1 193
-1 -1
-1 -1
-1 -1
197 199
-1 198
-1 -1
-1 -1
-1 201
202 204
-1 203
-1 -1
-1 205
-1 -1
207 208
-1 -1
-1 209
-1 -1
211 212
-1 -1
-1 -1
214 215
-1 -1
216 217
-1 -1
-1 -1
219 223
220 222
-1 221
-1 -1
-1 -1
-1 -1
225 230
226 228
-1 227
-1 -1
-1 229
-1 -1
-1 231
-1 -1
233 235
-1 234
-1 -1
236 237
-1 -1
-1 -1
-1 239
-1 -1
241 244
242 243
-1 -1
-1 -1
-1 -1
-1 -1
-1 -1
248 251
249 250
-1 -1
-1 -1
-1 -1
253 257
-1 254
255 256
-1 -1
-1 -1
258 259
-1 -1
-1 -1
-1 -1
262 268
263 267
-1 264
-1 265
-1 266
-1 -1
-1 -1
-1 -1
-1 270
-1 271
-1 272
-1 273
-1 -1
275 279
276 277
-1 -1
-1 278
-1 -1
-1 -1
281 282
-1 -1
283 286
-1 284
-1 285
-1 -1
-1 287
-1 288
-1 -1
-1 -1
-1 -1
292 298
293 297
294 295
-1 -1
-1 296
-1 -1
-1 -1
-1 -1
300 303
301 302
-1 -1
-1 -1
-1 -1
305 310
306 308
-1 307
-1 -1
-1 309
-1 -1
-1 311
-1 -1
313 315
-1 314
-1 -1
316 317
-1 -1
-1 -1
-1 319
320 321
-1 -1
-1 -1
323 330
-1 324
325 326
-1 -1
-1 327
-1 328
-1 329
-1 -1
-1 -1
-1 -1
-1 333
334 335
-1 -1
-1 336
-1 -1
338 339
-1 -1
340 343
-1 341
-1 342
-1 -1
-1 344
-1 -1
346 350
347 348
-1 -1
-1 349
-1 -1
-1 -1
-1 -1
353 354
-1 -1
-1 355
-1 -1
357 358
-1 -1
-1 359
360 361
-1 -1
362 364
-1 363
-1 -1
-1 -1
366 367
-1 -1
368 372
369 370
-1 -1
-1 371
-1 -1
-1 -1
-1 374
-1 -1
376 377
-1 -1
378 381
-1 379
-1 380
-1 -1
-1 382
-1 -1
-1 -1
385 390
386 387
-1 -1
388 389
-1 -1
-1 -1
-1 391
-1 -1
-1 393
394 396
-1 395
-1 -1
397 399
-1 398
-1 -1
-1 -1
401 403
-1 402
-1 -1
-1 404
-1 405
-1 -1
407 408
-1 -1
-1 -1
410 412
-1 411
-1 -1
-1 -1
414 420
415 416
-1 -1
417 419
-1 418
-1 -1
-1 -1
-1 421
-1 -1
423 424
-1 -1
-1 -1
-1 426
-1 427
-1 -1
429 430
-1 -1
431 432
-1 -1
-1 -1
434 439
-1 435
436 438
-1 437
-1 -1
-1 -1
-1 440
-1 -1
442 443
-1 -1
-1 -1
445 451
-1 446
447 449
-1 448
-1 -1
-1 450
-1 -1
-1 -1
-1 453
-1 -1
-1 455
456 457
-1 -1
-1 -1
459 462
-1 460
-1 461
-1 -1
-1 463
464 466
-1 465
-1 -1
-1 -1
468 471
-1 469
-1 470
-1 -1
-1 472
-1 -1
474 476
-1 475
-1 -1
477 478
-1 -1
-1 479
-1 -1
481 483
-1 482
-1 -1
484 485
-1 -1
-1 -1
487 490
-1 488
-1 489
-1 -1
491 492
-1 -1
-1 493
-1 -1
-1 495
-1 496
-1 497
-1 -1
499 503
-1 500
501 502
-1 -1
-1 -1
504 505
-1 -1
-1 506
-1 -1
-1 508
-1 509
-1 -1
511 512
-1 -1
-1 513
514 515
-1 -1
-1 -1
-1 -1
518 520
-1 519
-1 -1
521 524
522 523
-1 -1
-1 -1
-1 -1
-1 526
527 529
-1 528
-1 -1
-1 530
-1 -1
532 535
-1 533
-1 534
-1 -1
-1 -1
537 541
538 539
-1 -1
-1 540
-1 -1
542 543
-1 -1
-1 -1
545 546
-1 -1
-1 547
-1 -1
549 553
550 552
-1 551
-1 -1
-1 -1
-1 554
-1 555
-1 556
-1 -1
558 561
-1 559
-1 560
-1 -1
562 565
-1 563
-1 564
-1 -1
-1 -1
567 569
-1 568
-1 -1
-1 -1
-1 571
572 573
-1 -1
-1 -1
575 579
576 577
-1 -1
-1 578
-1 -1
-1 -1
581 584
582 583
-1 -1
-1 -1
585 586
-1 -1
-1 -1
588 589
-1 -1
-1 590
-1 -1
-1 592
-1 593
-1 594
-1 595
596 597
-1 -1
-1 -1
-1 -1
600 601
-1 -1
-1 -1
-1 603
-1 -1
-1 605
-1 -1
-1 607
-1 608
-1 -1
-1 610
611 613
-1 612
-1 -1
-1 614
-1 -1
616 623
617 622
618 620
-1 619
-1 -1
-1 621
-1 -1
-1 -1
-1 -1
-1 625
-1 -1
-1 627
-1 628
629 631
-1 630
-1 -1
632 633
-1 -1
-1 634
-1 -1
-1 636
637 639
-1 638
-1 -1
-1 -1
641 643
-1 642
-1 -1
644 645
-1 -1
-1 646
-1 -1
648 650
-1 649
-1 -1
651 652
-1 -1
-1 653
-1 -1
-1 655
-1 -1
657 659
-1 658
-1 -1
-1 660
661 662
-1 -1
-1 -1
-1 664
665 670
-1 666
-1 667
-1 668
-1 669
-1 -1
-1 -1
-1 672
-1 673
674 675
-1 -1
-1 -1
-1 677
678 681
679 680
-1 -1
-1 -1
-1 -1
683 685
-1 684
-1 -1
-1 -1
687 691
688 690
-1 689
-1 -1
-1 -1
-1 692
-1 -1
-1 694
695 701
696 699
697 698
-1 -1
-1 -1
-1 700
-1 -1
-1 -1
-1 703
-1 704
-1 -1
706 707
-1 -1
-1 -1
709 710
-1 -1
711 712
-1 -1
-1 -1
-1 -1
715 717
-1 716
-1 -1
718 720
-1 719
-1 -1
-1 721
-1 -1
-1 -1
-1 724
-1 -1
726 727
-1 -1
-1 -1
-1 -1
-1 -1
-1 731
-1 -1
733 735
-1 734
-1 -1
-1 736
-1 737
-1 -1
739 743
740 741
-1 -1
-1 742
-1 -1
744 746
-1 745
-1 -1
-1 -1
-1 748
-1 -1
-1 750
-1 751
752 755
753 754
-1 -1
-1 -1
-1 756
-1 -1
758 761
-1 759
-1 760
-1 -1
-1 762
-1 -1
764 771
765 768
766 767
-1 -1
-1 -1
-1 769
-1 770
-1 -1
-1 -1
773 777
-1 774
-1 775
-1 776
-1 -1
778 779
-1 -1
-1 -1
781 786
782 785
783 784
-1 -1
-1 -1
-1 -1
-1 -1
788 792
789 790
-1 -1
-1 791
-1 -1
-1 -1
-1 794
-1 -1
-1 -1
797 804
798 801
799 800
-1 -1
-1 -1
802 803
-1 -1
-1 -1
-1 -1
806 808
-1 807
-1 -1
-1 809
-1 -1
811 813
-1 812
-1 -1
-1 814
-1 -1
-1 816
817 818
-1 -1
819 820
-1 -1
-1 821
-1 -1
-1 823
-1 -1
825 831
-1 826
827 829
-1 828
-1 -1
-1 830
-1 -1
-1 832
-1 -1
-1 834
835 836
-1 -1
-1 -1
-1 838
-1 -1
840 845
841 842
-1 -1
843 844
-1 -1
-1 -1
-1 -1
-1 847
848 850
-1 849
-1 -1
851 852
-1 -1
-1 -1
-1 854
-1 855
-1 -1
-1 857
858 861
-1 859
-1 860
-1 -1
-1 -1
-1 -1
864 866
-1 865
-1 -1
-1 867
-1 868
-1 869
-1 -1
871 873
-1 872
-1 -1
874 876
-1 875
-1 -1
-1 -1
878 879
-1 -1
-1 -1
881 883
-1 882
-1 -1
884 885
-1 -1
886 887
-1 -1
-1 888
-1 -1
-1 890
-1 891
-1 892
-1 -1
-1 894
-1 -1
896 899
897 898
-1 -1
-1 -1
-1 900
-1 -1
-1 902
903 908
-1 904
905 906
-1 -1
-1 907
-1 -1
-1 -1
910 911
-1 -1
-1 -1
913 917
914 916
-1 915
-1 -1
-1 -1
-1 -1
919 924
920 923
921 922
-1 -1
-1 -1
-1 -1
-1 -1
926 929
-1 927
-1 928
-1 -1
930 931
-1 -1
-1 932
-1 -1
934 935
-1 -1
-1 936
-1 937
-1 938
-1 -1
940 941
-1 -1
-1 -1
943 945
-1 944
-1 -1
946 947
-1 -1
-1 -1
949 952
-1 950
-1 951
-1 -1
-1 953
-1 -1
